0.00000000      289.03797       98906.156       13854.662       6.2455000      -2.6630000      0.52325000       341.65800       1.9066206    0.0097301961
5.0000131       288.93192       98905.480       13779.839       5.2642500      -1.1620000      0.22225000       341.70300       1.9144667    0.0098696433
10.000026       288.93756       98904.440       13786.358       3.8075000      -1.6972500     0.099750000       341.67800       1.9565068     0.012415582
14.999999       288.98934       98904.952       13803.007       6.4322500      -1.3155000     -0.51900010       341.30700       1.9118872    0.0094633124
20.000012       289.01792       98905.900       13833.108       6.3537500      -3.0490000     -0.56700000       341.17800       1.8975052     0.010071606
25.000025       289.10602       98904.392       13916.053       4.7405000     -0.97750000     -0.58925000       341.79500       1.9203387    0.0096931858
29.999998       289.12810       98905.242       13970.367       3.6830000      -3.1915000    -0.042250000       341.62800       1.9737430     0.011907613
35.000011       289.08257       98910.713       13988.658       2.9800000     -0.91500000      0.36075000       342.13300       1.9245777     0.010952449
40.000024       289.12051       98911.918       14080.842       3.2147500      -2.0502500      0.19825000       341.82300       1.9231761     0.010456831
44.999997       289.21146       98910.141       14249.423       4.9800000      -1.5677500      0.48950000       341.68300       1.9394930     0.011690843
51.000005       289.18053       98911.890       14315.067       4.4250000      -2.7997500      0.16475000       341.68400       1.9806766     0.013040181
56.000018       289.20046       98911.047       14357.722       3.6352500      -1.9167500      0.20350000       341.95600       1.9423440     0.011161684
61.000031       289.16006       98905.656       14293.477       3.9675000      -2.4290000      0.79050000       341.91800       1.9426484     0.011133935
66.000004       289.17487       98904.464       14272.480       7.7857500     -0.91225000     -0.53325000       341.06800       1.9117955     0.010418278
71.000017       289.23889       98904.494       14271.022       3.6737500     -0.75125000      0.46525000       341.80100       1.9101481     0.010747556
76.000030       289.41070       98905.347       14304.287       5.1395000      -1.1325000      0.84000000       341.88300       1.9527731    0.0093790957
81.000003       289.46857       98904.388       14315.923       4.3097500     0.028500000      0.34475000       341.90000       1.9433048     0.010791900
86.000016       289.52382       98905.312       14332.601       6.7137500      -1.9487500     -0.60200010       341.73800       1.8891355    0.0099683584
91.000029       289.43883       98909.286       14358.193       5.2620000      -1.2945000      0.26075000       341.93400       1.9244238    0.0097522641
96.000002       289.39819       98906.567       14345.337       5.7017500      -2.0312500      0.61700000       342.11400       1.9021074    0.0089222333
101.00002       289.31460       98892.299       14288.280       8.2055010      -2.1082500     -0.32750000       341.48700       1.9080533    0.0097843567
106.00003       289.28116       98892.797       14246.038       6.0885000      -1.5662500      0.91325000       342.13200       1.9420274    0.0099126265
111.00000       289.28459       98898.211       14197.246       5.5037500      -1.6777500     -0.38800000       342.42000       1.9309068     0.011345443
116.00001       289.34952       98906.607       14115.668       5.9767500      -2.7597500     -0.68850000       341.64900       1.9552007    0.0098352123
121.00003       289.36977       98903.514       14084.705       5.1897500      -1.8615000      0.18600000       341.76600       1.8720677     0.010920617
126.00000       289.39467       98905.398       14075.520       3.9175000     -0.79325000      0.89000000       342.24300       1.9415713     0.011456690
131.00001       289.44642       98910.340       14092.099       3.2187500      -1.4840000      0.36975000       342.64100       1.9011866     0.010346917
136.00003       289.49546       98905.366       14112.166       8.6985010      -1.0122500    -0.062500000       341.63900       1.9318719    0.0094322368
142.00003       289.62965       98901.451       14151.643       6.3270000     -0.85725000     -0.19700000       341.85300       1.9143989     0.010219582
147.00001       289.67521       98906.450       14201.573       6.7060000      -2.9735000      0.44425000       341.93900       1.8744322     0.010463331
152.00002       289.64192       98909.341       14287.058       7.6342500      -1.4242500     0.020500000       342.36600       1.9132549     0.010801937
157.00003       289.65172       98904.401       14336.609       7.4305010      -1.8082500     0.035250000       342.49400       1.9121063     0.011997184
162.00001       289.62880       98901.710       14381.566       6.7935000      -3.1760000     0.051750000       342.29500       1.8751318     0.011125805
167.00002       289.64162       98906.816       14424.300       5.2820000     -0.34950000      0.20325000       342.40200       1.9362112     0.012220847
172.00003       289.70969       98909.521       14416.042       5.7180000      -3.3760000     -0.68100010       341.92000       1.8563645     0.012092880
177.00001       289.76010       98904.463       14454.039       6.1750000      -1.4557500      0.73800000       342.23100       1.9171717     0.010384162
182.00002       289.79655       98903.854       14545.577       7.3377500      -4.1657500      0.14250000       341.70800       1.8860213     0.012437623
187.00003       289.85784       98906.593       14603.451       4.3380000     -0.77100000      0.37575000       342.98300       1.8926972     0.013523845
192.00000       289.94435       98896.729       14640.476       5.8635000      -2.2305000     -0.11775000       341.74900       1.8236551     0.014296981
197.00002       290.01368       98892.263       14711.657       3.2010000      -2.5817500    0.0045000000       342.80600       1.9439383     0.011173239
202.00003       290.12892       98902.726       14804.740       3.5625000      -2.2625000     -0.23450000       342.48600       1.8914888     0.011340001
207.00000       290.17462       98907.510       14865.200       6.5657500      -3.4335000    -0.076250000       342.19100       1.8806913     0.013007106
212.00002       290.16981       98906.095       14961.886       3.8562500      -2.7407500     -0.38600000       342.59900       1.8465616     0.013369050
217.00003       290.15708       98905.066       15007.391       4.3435000     -0.71625010     -0.57950000       342.52400       1.8728291     0.011125758
222.00000       290.07506       98905.712       14981.795       4.4892500      -1.9700000     -0.13900000       341.87800       1.8954670    0.0092973575
227.00002       290.03605       98905.523       14968.646       4.5310000     -0.40600000     -0.84925000       342.15600       1.9068415    0.0090997012
233.00002       290.00437       98899.448       14939.459       4.1837500     -0.98200010     0.079000000       342.62900       1.8976344    0.0097564483
238.00004       289.98826       98899.188       14910.721       3.0120000      -1.4090000      0.35650000       342.38700       1.9179558     0.010468893
243.00001       290.00003       98905.394       14862.533       5.1897500      -1.5187500     -0.91825000       341.22700       1.8907373    0.0094319747
248.00002       289.99991       98905.997       14836.743       7.6102500      -2.4587500      0.18725000       341.39300       1.9025547     0.010701838
253.00004       290.00068       98902.196       14798.892       5.7722500      -3.4592500     -0.37425000       341.51700       1.8773371     0.010869854
258.00001       290.00095       98906.032       14802.269       3.0047500     -0.27050000       1.6327500       343.12300       1.9038711    0.0099636273
263.00002       290.02573       98918.546       14880.494       7.0175000      -1.2335000     -0.12525000       341.89700       1.9277697    0.0096757069
268.00003       289.99818       98916.017       14875.783       5.8762500      -1.2285000     -0.53650000       342.16600       1.9032002     0.010318454
273.00001       289.93544       98902.881       14828.982       4.7675000      -2.4202500     -0.10775000       341.88800       1.8822115     0.011789780
278.00002       289.88150       98904.469       14819.824       5.7020000      -3.1382500    0.0065000000       342.30000       1.8805803     0.010832808
283.00003       289.78478       98908.281       14767.208       4.7865000     -0.41925000    -0.094250000       342.80600       1.8766350    0.0098325375
288.00001       289.71909       98903.344       14754.687       7.2237500      -1.6317500      0.24300000       341.97400       1.9555456     0.010127936
293.00002       289.69447       98902.635       14860.660       4.8585000      -2.5290000     -0.19925000       341.90400       1.9230037     0.010184324
298.00003       289.63032       98907.642       14830.347       6.0415000     -0.60675000       1.0722500       342.47200       1.9339558     0.010085194
303.00001       289.52927       98905.997       14712.447       5.7522500      -1.5625000       1.8337500       341.90700       1.8882687    0.0096784357
308.00002       289.47282       98903.724       14631.688       5.0815000       1.3420000       1.5027500       342.15800       1.9015146     0.011551016
313.00003       289.38362       98914.963       14474.019       5.7547500     -0.19600000     -0.17025000       341.81600       1.9104952    0.0086640750
319.00000       289.38312       98918.610       14376.143       6.6475010      0.27875000     -0.14800000       341.66000       1.8829299    0.0098542825
324.00001       289.46261       98902.576       14324.503       6.1707500     -0.89200000       1.0082500       341.89400       1.8299676     0.019578692
329.00003       289.53485       98903.772       14341.315       5.6672500      -1.0352500     0.036000000       341.96500       1.8879280     0.013530706
334.00000       289.65987       98922.153       14396.434       5.8350010      -1.7210000     -0.48550000       341.70800       1.9237283    0.0099608315
339.00001       289.75917       98922.775       14495.301       5.0042500      -1.5992500      0.27550000       341.97700       1.8570683     0.014227371
344.00003       289.90393       98914.217       14711.663       4.9942500      -1.1612500      0.38500000       342.03100       1.9010813     0.010090630
349.00000       289.93878       98915.829       14844.892       5.3457500     -0.77050010     -0.41025000       342.09200       1.9429281     0.010180742
354.00001       289.91425       98918.833       14998.081       5.2615000      -1.5512500     0.093000000       341.65100       1.9106393    0.0086187771
359.00002       289.90219       98912.561       15072.016       5.9742500      -2.2897500     -0.59250000       341.73100       1.9259970    0.0089446004
364.00000       289.80137       98903.139       15096.600       4.2807500      -2.5697500     -0.30450000       342.14200       1.9322328    0.0075887549
369.00001       289.77358       98905.315       15082.322       3.2325000     -0.37825000      0.58000000       342.42600       1.9075256    0.0094045930
374.00002       289.79999       98907.292       14999.477       5.0652500      0.66550000     0.083750000       341.92200       1.8982982    0.0093360838
379.00004       289.79999       98902.358       14930.976       5.1007500      -1.9307500     -0.19075000       342.26000       1.9554143    0.0093167080
384.00001       289.77661       98905.792       14798.245       4.0062500     -0.98000000      0.16525000       342.37000       1.9190560    0.0085959400
389.00002       289.80939       98907.422       14746.657       3.0295000     -0.31900000     -0.47875000       341.57400       1.8871415    0.0099498081
394.00004       289.87302       98894.578       14720.080       4.8925000     -0.69550000       1.0105000       342.40100       1.8948699    0.0092565655
399.00001       289.92952       98892.041       14711.661       3.6655000     -0.81950000      0.76175000       342.99600       1.9360961    0.0096801119
404.00002       290.05342       98904.749       14775.594       5.4460000     -0.33800000     -0.28050000       342.15200       1.9066569     0.010740481
410.00003       290.08690       98909.016       14771.086       2.7052500      -1.7255000      0.76650010       343.00900       1.8735349    0.0099141026
415.00000       290.03060       98902.834       14722.715       2.5880000       1.3910000       1.1572500       342.83100       1.8936845    0.0095815355
420.00002       290.07790       98907.440       14748.973       4.5917500       1.4820000    -0.025000000       342.35700       1.9261770    0.0085514878
425.00003       290.11671       98922.671       14777.773       5.4337500      0.13050000      0.10450000       341.37600       1.8436578     0.011623165
430.00000       290.20182       98922.309       14831.987       4.3262500      -1.7222500    -0.090750000       342.62500       1.9115446    0.0098329097
435.00001       290.38947       98914.505       14935.817       5.8420000      0.71125000     0.050500000       342.72700       1.9178547    0.0089080109
440.00003       290.48209       98916.358       15051.834       5.5137500     -0.29425000     -0.41525000       341.89100       1.9427641    0.0085535319
445.00000       290.54170       98917.592       15154.351       4.5892500     -0.17975000     -0.16675000       342.07100       1.9187461     0.011055788
450.00001       290.60321       98910.711       15326.579       4.2277500     -0.13700000     0.039500000       341.90400       1.9205855    0.0078517362
455.00003       290.64094       98903.465       15603.663       5.0870000      -1.8855000      0.87700000       342.19800       1.9443708    0.0091079973
460.00000       290.69101       98906.228       15763.358       4.3465000     0.081000000      0.16075000       342.30700       1.9240109    0.0087452516
465.00001       290.74906       98903.649       15934.898       3.7150000      0.24075000      0.28750000       342.57400       1.9596026    0.0089292913
470.00003       290.78008       98904.267       15999.271       2.9075000     -0.19725000     -0.28400000       343.07300       1.9020762    0.0082085956
475.00000       290.78434       98922.930       15960.909       3.2657500     -0.29275000     -0.46125000       343.38700       1.9162573    0.0090770539
480.00001       290.83335       98924.459       15946.200       3.9820000     -0.50000000     -0.12750000       341.93400       1.9017581    0.0075268005
485.00002       290.89185       98908.078       15872.813       3.1480000     -0.12475000      0.22925000       342.69300       1.9090014    0.0092552526
490.00000       290.93196       98909.640       15844.348       2.6415000     -0.70350000     0.099750000       342.29800       1.8893763    0.0093031695
495.00001       291.00721       98924.178       15823.041       4.5907500      -1.3272500      0.48525000       342.97400       1.8581955     0.010038416
501.00002       291.03008       98904.664       15833.803       3.5780000     -0.10350000     -0.68025000       341.63900       1.8918019    0.0086792486
506.00003       291.01250       98903.351       15803.275       2.8720000      -1.7037500    -0.015250000       343.06400       1.9052708    0.0088397280
511.00000       290.96986       98907.246       15755.682       3.3992500      -2.7860000     0.066000000       343.27400       1.7688005     0.017559141
516.00002       290.91287       98903.973       15684.391       3.8190000      -2.0667500      0.69375000       343.35700       1.9791585    0.0084580988
521.00003       290.83130       98903.144       15585.838       3.5060000      -1.0005000     0.041250000       341.97500       1.8920283    0.0097094573
526.00000       290.68905       98916.533       15438.069       2.7747500     -0.56600000     -0.22075000       342.89400       1.9010609     0.011262486
531.00002       290.63106       98921.166       15331.610       3.5667500     -0.60900000      0.46700000       343.02800       1.8838164     0.011704986
536.00003       290.59991       98913.389       15229.815       3.1427500      -1.1185000     -0.78600000       342.76500       1.9025965    0.0093781603
541.00000       290.52430       98925.810       15040.940       4.1840000      -1.3547500     -0.26050000       342.42300       1.8955299    0.0081317929
546.00002       290.49233       98932.331       14947.777       2.6850000      -1.1760000      0.90600000       343.59000       1.9158940    0.0092141650
551.00003       290.44439       98930.306       14869.131       3.4015000     -0.63975000      0.25550000       343.32300       1.8553216     0.011112208
556.00000       290.43062       98930.294       14839.298       3.3127500     -0.17200000     -0.41775000       343.12100       1.8502061     0.010312628
561.00001       290.45373       98930.254       14869.905       2.8745000     -0.84900000     -0.38600000       342.33400       1.8752811    0.0089359859
566.00003       290.58871       98933.391       15035.329       5.3567500      -2.2600000     -0.68275000       342.59200       1.8889558    0.0095338779
571.00000       290.50962       98922.556       15048.273       4.0902500     -0.74700000     -0.18875000       342.11600       1.9099766    0.0085636147
576.00001       290.35555       98902.571       15042.559       3.9982500      -1.1932500      0.67650000       342.64300       1.9000348    0.0090094350
581.00003       290.20372       98910.457       14974.646       3.7362500      -2.3002500   -0.0067500000       343.42000       1.9344202    0.0096867202
586.00000       290.07899       98905.532       14884.118       4.1207500      -1.4092500     -0.14600000       342.44800       1.9288372    0.0091740423
592.00001       290.03145       98901.322       14733.867       3.6172500      -1.8577500      0.45975000       341.54000       1.8717814     0.012242932
597.00002       289.99171       98906.300       14619.365       3.5657500      0.10275000      0.17525000       342.73700       1.8623640     0.010796053
602.00003       289.89091       98905.072       14414.324       3.2692500      0.25975000      0.14525000       343.04300       1.9064683    0.0099572414
607.00001       289.87560       98903.453       14335.143       4.5047500      0.96475010    -0.020750000       342.71100       1.7874148     0.012350274
612.00002       289.96649       98920.382       14342.037       4.4687500     -0.77050010      0.10825000       342.50300       1.8779319    0.0087799260
617.00003       290.00655       98924.656       14352.421       5.5150000     -0.29475000     -0.14875000       342.15700       1.9043157    0.0089516474
622.00001       290.07965       98904.816       14458.581       3.5732500     -0.66525000      0.73825000       342.39700       1.9221689    0.0088749775
627.00002       290.11770       98902.469       14530.502       3.8972500      0.20050000      0.67250000       343.12900       1.9226339    0.0085753341
632.00003       290.12871       98918.665       14602.001       4.7250000     -0.81300000      0.30100000       342.77500       1.8645810    0.0089494736
637.00000       290.10677       98917.290       14649.183       3.3150000     -0.48525000     -0.17100000       342.78200       1.9131128    0.0092810427
642.00002       290.04630       98903.166       14690.686       4.2975000     -0.65525000      0.18950000       342.61000       1.9263673    0.0099481620
647.00003       289.99558       98904.410       14713.168       4.4212500      -1.9565000      0.65225010       342.71700       1.8811054     0.011210730
652.00000       289.90034       98906.048       14716.021       3.5522500      -1.3215000      0.37350000       343.58300       1.8744270    0.0092638189
657.00002       289.83152       98903.303       14691.146       2.0900000     -0.73475000      0.49200000       343.69600       1.8687789    0.0097646167
662.00003       289.80405       98915.057       14649.648       2.4317500      -2.0100000      0.11950000       342.42800       1.8533052    0.0091619404
667.00000       289.74224       98918.497       14587.644       3.7442500    -0.089250010      0.21500000       342.93700       1.8715234    0.0094777623
672.00002       289.65409       98898.880       14506.461       4.3832500     -0.10650000     0.065000010       341.84000       1.8921053     0.010432924
677.00003       289.58361       98896.541       14389.741       4.4302500      -1.8350000     0.050000000       341.60300       2.0032428     0.015236241
683.00000       289.44546       98918.293       14154.044       4.2035000      -1.7252500     0.093500000       343.02600       1.9433923     0.010924484
688.00001       289.42118       98917.380       14055.778       2.1312500      0.22375000      0.37700000       342.99900       1.9570194     0.010861041
693.00002       289.49380       98903.215       13973.863       5.4810000     -0.26300000      0.75800000       342.36900       3.1310592     0.010571361
698.00004       289.50364       98904.931       13915.099       5.5090000     -0.31125000      0.45300000       342.12700       3.4579575     0.012970481
703.00001       289.55262       98905.316       13942.319       4.1450000       1.1740000     -0.38100000       341.84900       2.5367690     0.010033313
708.00002       289.56474       98903.078       13952.061       5.9437500       1.1105000     -0.19700000       342.04500       3.9453170     0.010624014
713.00004       289.49320       98914.926       13922.651       5.3962500  -0.00075000000     -0.69825010       341.75400       3.4807140     0.013223055
718.00001       289.49091       98918.560       13963.981       5.7185000     -0.85425000    0.0017500000       342.04800       2.4915609     0.010008783
723.00002       289.52577       98902.932       14069.807       2.4730000      -1.0975000       1.5210000       342.76800       2.8299762     0.011652467
728.00003       289.55952       98902.669       14168.872       4.1327500     -0.82650010      0.19175000       342.75900       2.5629667     0.010112738
733.00001       289.62020       98923.942       14287.192       3.9330000      -2.2110000      0.40950000       342.19700       2.1311152    0.0096205772
738.00002       289.66974       98922.705       14429.394       3.1577500      0.11975000      0.52325000       342.07400       2.0012032     0.010125793
743.00003       289.73260       98906.772       14631.077       3.9085000      -1.2940000     0.054500000       341.94700       1.8839485    0.0072130471
748.00001       289.76877       98904.155       14758.519       6.1837500     -0.95250000     -0.10500000       341.33600       1.9631566     0.011586842
753.00002       289.80756       98895.615       14934.518       4.7547500      -1.1150000      0.37525000       342.28100       1.9068600    0.0096027986
758.00003       289.81013       98892.084       14973.061       5.3707500      -3.1742500     -0.39900000       341.72600       1.9075133    0.0099077805
763.00001       289.78709       98904.861       14881.737       4.5420000      -1.1380000   -0.0030000000       342.08700       1.9270398    0.0095438571
768.00002       289.73972       98907.723       14799.197       3.7962500      -1.3182500      0.12625000       342.03100       1.9079589     0.010523201
774.00003       289.60504       98897.109       14597.121       3.6112500      0.70425000     -0.22825000       342.31100       2.0536507     0.010512877
779.00000       289.56808       98900.655       14472.233       5.0360000     -0.96775010      0.96275000       342.36400       3.7355383     0.010710784
784.00001       289.53274       98918.465       14322.920       4.4117500     -0.52700000     -0.38350000       341.79200       3.7678148     0.016487370
789.00003       289.54132       98916.448       14249.627       3.8045000     0.024750000     -0.40000000       341.86500       3.4338044     0.010674653
794.00000       289.62902       98903.572       14195.300       4.8465000      0.42800000     -0.12625000       341.85300       3.3756913     0.011573127
799.00001       289.67934       98905.787       14199.424       4.2502500     -0.34950000     0.030250000       341.85600       2.3348234    0.0091829087
804.00002       289.74102       98904.136       14295.139       2.7987500     -0.83100000     -0.20125000       342.40000       2.0859363     0.012011852
809.00000       289.77513       98903.996       14347.070       5.2705000      -2.8707500     -0.59500000       341.69800       2.3302724     0.010803874
814.00001       289.79949       98922.549       14413.569       6.6505000      -2.4602500     -0.24275000       341.71900       1.9805989    0.0082914938
819.00002       289.81355       98923.924       14481.848       5.3500000    -0.019500000      0.16600000       341.80300       1.9172449    0.0088294300
824.00004       289.81116       98901.746       14560.604       7.3385000      -1.8090000     -0.11600000       342.11600       2.1133134    0.0090898902
829.00001       289.79499       98903.451       14600.674       3.4657500      -2.1350000      0.64900000       342.11400       2.0255771    0.0090765801
834.00002       289.74785       98923.929       14639.910       5.1382500      -2.7535000      0.87775000       341.86200       2.1200246    0.0080553610
839.00004       289.74455       98920.767       14660.143       5.1302500      -1.8130000     -0.35700000       341.94100       1.8777121    0.0090522059
844.00001       289.74343       98911.306       14619.865       6.3202510      0.15525000     -0.13900000       342.07600       1.9042324     0.010103107
849.00002       289.74976       98909.763       14634.616       4.8817500    -0.092750010    -0.059250000       341.62800       2.0376289    0.0092012676
854.00003       289.83272       98893.239       14713.128       3.5822500      -1.4077500    -0.049500000       342.28600       2.2120807     0.010225287
859.00001       289.79803       98890.917       14692.653       3.5672500     -0.19350000     0.075000000       342.39700       2.4011402     0.011442887
865.00002       289.67057       98913.915       14633.744       2.7650000     -0.13300000     0.031500000       341.96600       1.9499369     0.010382151
870.00003       289.59246       98911.637       14560.578       5.7152500      -2.8207500     -0.18050000       342.18800       1.9940700    0.0092636455
875.00000       289.44512       98891.949       14403.257       5.7990000      -3.0517500     -0.25075000       341.70600       1.9949614    0.0099229764
880.00001       289.39123       98895.178       14314.752       6.0400000      -1.1985000      0.88925000       341.91100       1.9031586     0.010084456
885.00003       289.40706       98903.964       14261.471       4.3355000      -2.3020000     -0.31175000       341.93000       1.8871752     0.010391453
890.00000       289.37725       98906.953       14172.461       4.0337500     -0.99975000      0.58475010       342.45100       1.9204210    0.0093316524
895.00001       289.34600       98923.231       14048.422       3.3975000     -0.55450000       1.0392500       342.37000       1.9639281     0.010316693
900.00003       289.34502       98923.059       14016.202       3.6230000     -0.98725000      0.18075000       342.12100       2.2286565    0.0088147060
905.00000       289.34322       98901.273       13997.193       4.5262500     -0.62050000      0.10425000       341.88100       2.8021388     0.011770976
910.00001       289.35169       98904.405       14021.946       4.3732500     -0.58050000     -0.33050000       342.07700       2.0871411    0.0090880747
915.00003       289.40301       98923.879       14138.074       5.0587500      -1.3432500      0.74950000       341.91000       2.1634137    0.0091733451
920.00000       289.41423       98919.594       14199.736       2.8692500     -0.81900010      0.90375010       342.34100       3.9941757     0.015817543
925.00001       289.38096       98911.568       14238.889       2.5160000      0.15925000      0.99550000       342.34700       3.2995048     0.013310952
930.00003       289.41894       98909.588       14324.922       4.3682500      -1.0942500      0.17325000       341.77400       3.2092615     0.011251832
935.00000       289.50072       98890.813       14446.995       3.9780000      0.29175000      0.26900000       342.02700       2.5260297     0.012159894
940.00001       289.52192       98893.824       14520.765       5.4127500     0.061750000     -0.79950000       341.18600       4.1555448     0.011230109
945.00002       289.55071       98925.220       14601.938       4.9435000      0.46700000     -0.23125000       341.42800       3.4167626     0.011623336
951.00003       289.54501       98903.263       14667.744       3.8222500      0.37225000     -0.44975000       341.75100       3.2854839     0.013016920
956.00000       289.54396       98902.864       14701.239       4.4687500     -0.75050000     0.064500000       341.78800       2.8176857    0.0093311574
961.00002       289.60003       98910.308       14760.089       5.2712500      -1.5407500     -0.38500000       341.21900       2.0696169    0.0076146095
966.00003       289.61249       98909.050       14771.485       5.1295000      -1.2297500      0.74125000       341.84700       2.1856880     0.010135394
971.00000       289.60036       98910.236       14747.075       5.5967500     -0.90500000     -0.52725010       341.56800       2.0117511    0.0077982510
976.00002       289.54481       98930.113       14660.850       4.7580000     0.086000000      0.16450000       341.76100       1.9952287     0.010588242
981.00003       289.54620       98927.141       14640.806       3.4547500      -1.4997500     0.018500000       342.05300       3.2014487     0.012466885
986.00000       289.53816       98901.298       14606.226       4.0865000     -0.85375010      0.48200000       341.94600       3.3580929     0.010182034
991.00002       289.61536       98918.480       14644.875       4.5917500     -0.40850000     -0.29225000       341.59900       2.1748038    0.0098694936
996.00003       289.65725       98921.859       14679.971       4.4717500     -0.79025010      0.33850000       341.73800       2.3279530     0.011285061
1001.0000       289.70032       98922.352       14728.856       4.6257500     -0.22250000       1.1152500       342.08700       2.4559217    0.0093206782
1006.0000       289.71269       98926.541       14769.040       3.6542500      -1.4477500      0.68400000       342.21900       2.0613869     0.010743560
1011.0000       289.70049       98928.259       14807.877       5.1595000      -1.1980000     -0.20250000       341.63900       3.6679513    0.0098498486
1016.0000       289.65710       98917.414       14860.508       5.7692500     -0.55325000      0.13100000       341.25600       2.4661397    0.0093421973
1021.0000       289.61503       98920.970       14859.551       5.6545000     -0.20675000     -0.42725000       341.62000       2.0113012     0.011159015
1026.0000       289.53758       98939.687       14822.504       4.9272500      -1.0100000       1.3065000       342.33900       3.3651718     0.013894941
1031.0000       289.58986       98913.020       14870.104       5.7205000     0.011750000     -0.74650000       341.53000       2.7158131    0.0094068643
1036.0000       289.56274       98907.340       14859.509       1.7825000      0.17875000      0.47825000       342.44500       2.4315452     0.010084691
1042.0000       289.51571       98903.055       14892.042       2.7260000     -0.77025000      0.45150000       342.09900       2.0732165     0.010175207
1047.0000       289.45186       98901.831       14829.334       2.9992500      -1.0467500      0.20550000       342.21800       2.5558454     0.011466034
1052.0000       289.27593       98929.686       14628.457       3.2720000      -1.3145000     -0.14125000       342.32600       4.6741981     0.013992853
1057.0000       289.16919       98935.712       14480.656       2.6092500     -0.52400000      0.46175000       342.54000       3.4841435     0.013380166
1062.0000       289.07179       98915.883       14273.851       2.8202500      -1.0430000      0.34125000       342.33300       2.8339050     0.010412772
1067.0000       289.02567       98913.252       14140.166       2.7672500      -1.1842500      0.43300000       342.48700       2.0716297    0.0094015885
1072.0000       289.05807       98913.458       14060.679       3.2825000      -2.1365000      0.34525000       341.74600       1.8844396    0.0089598587
1077.0000       289.04770       98913.747       13987.404       2.3965000     -0.29500000     -0.42250000       341.94700       1.9481767    0.0083363288
1082.0000       289.04165       98931.619       13926.304       2.9410000     -0.53025000     -0.13875000       342.12800       1.9059850    0.0089345464
1087.0000       289.05158       98934.019       13916.920       2.6487500      -2.2677500     0.071250010       342.12700       1.9162434    0.0095930510
1092.0000       289.05814       98914.481       13969.714       2.0042500      -1.4965000      0.71600000       342.23600       1.9474766     0.010336675
1097.0000       289.04827       98913.020       13993.607       3.9342500     -0.38100000     -0.46850000       341.84800       1.8873959    0.0090974963
1102.0000       289.04256       98916.362       14038.006       4.2515000      -2.2567500     0.032500000       341.38600       2.0872897    0.0092886506
1107.0000       289.05250       98918.759       14095.834       2.6667500     -0.71350000       1.0155000       342.28100       2.3893069    0.0098505211
1112.0000       289.05799       98940.378       14152.570       2.7970000      -1.7310000      0.55700000       342.10400       2.0561442     0.010089297
1117.0000       289.04762       98944.441       14193.486       4.4462500     -0.62525000      0.60550000       342.00700       1.9621265    0.0093917560
1122.0000       289.05597       98925.743       14266.495       2.4797500      -1.2402500      0.86350010       342.15100       1.9005741    0.0078844073
1127.0000       289.05488       98923.118       14310.388       4.4672500      -2.2297500     -0.20950000       341.82000       1.9712540     0.011561438
1133.0000       288.99224       98923.240       14292.524       3.2135000      -1.4050000      0.59050010       342.13700       1.9144144    0.0086688854
1138.0000       288.99012       98924.412       14315.377       3.3785000      -2.3177500     0.084250000       341.98200       1.9585546    0.0098990285
1143.0000       289.06423       98938.719       14399.816       4.2690000     -0.69800000      0.15525000       341.93900       1.9108670    0.0081825109
1148.0000       289.05698       98943.572       14394.511       3.8092500      -3.6175000     -0.45775000       341.32100       1.9491716    0.0096222867
1153.0000       289.03426       98940.376       14366.097       3.7060000      -3.2597500     -0.23875000       341.41200       1.9137577    0.0085308438
1158.0000       288.99638       98940.395       14312.205       2.7517500      -2.7195000      0.63075000       341.53300       1.9522959     0.011105087
1163.0000       288.86016       98944.032       14153.935       3.5147500      -2.1012500     -0.26975000       341.71200       1.8915937    0.0082265451
1168.0000       288.82095       98939.831       14074.087       2.8355000      -1.4190000       1.0072500       341.86300       1.8914022     0.010642224
1173.0000       288.83086       98926.255       14007.975       4.3032500      0.10650000      0.72450010       341.76100       2.0002106     0.011802274
1178.0000       288.84818       98922.982       13982.126       3.1512500      -1.9640000      0.14200000       341.73600       1.8924781    0.0082648548
1183.0000       288.94581       98918.208       14023.758       2.8372500     -0.38000000      0.68975000       341.94700       1.9247713    0.0086594442
1188.0000       288.96787       98918.735       14022.239       5.1155000      -1.6997500     -0.33200000       341.41000       1.9316932    0.0095319173
1193.0000       288.93131       98938.407       13999.712       2.1677500      -2.2015000       1.0280000       341.90100       1.9358177     0.010419152
1198.0000       288.95526       98937.997       14035.709       4.5725000      -2.7537500    -0.011250000       341.41600       1.8656275    0.0091647233
1203.0000       288.99461       98923.345       14092.137       3.9587500      -2.8817500     -0.34900000       341.78400       1.9599117    0.0097126446
1208.0000       289.00472       98918.408       14138.454       5.0270000      -3.1922500      0.20475000       341.50200       1.9423857    0.0095141211
1213.0000       289.03890       98902.230       14230.569       4.1690000     -0.94300000    -0.062250000       341.45700       1.9149016    0.0081934586
1218.0000       289.06515       98901.782       14311.720       5.9257500      -2.5542500      0.85575000       341.68800       1.9291198    0.0095311020
1224.0000       289.03168       98927.151       14365.367       2.6797500      -3.3367500      0.14225000       341.50200       1.9110298    0.0080590066
1229.0000       289.05410       98927.911       14445.337       4.1140000      -1.1582500      0.19625000       341.70400       1.9083397    0.0087575548
1234.0000       289.16383       98919.924       14616.467       2.9512500     -0.31950000      0.34250000       341.70200       1.8986436     0.010432429
1239.0000       289.16543       98920.888       14654.854       1.3395000      -1.1645000      0.54950000       341.96400       1.9522601    0.0093097358
1244.0000       289.10564       98911.619       14620.081       2.0832500     -0.80975000      0.60025000       341.99000       1.9644056    0.0093898727
1249.0000       289.09554       98913.773       14619.985       2.8122500     -0.63300000      0.60850000       341.92000       1.8998663     0.015316540
1254.0000       289.03396       98938.787       14547.148       5.0907500      -3.0605000     0.014750000       341.69300       1.9402289    0.0096273203
1259.0000       289.04287       98938.541       14539.562       3.4972500      -2.0937500     -0.25525000       341.55200       1.9133644    0.0091222120
1264.0000       289.14252       98919.709       14601.292       2.1252500      -3.0467500     -0.14850000       341.63600       1.9423716     0.012110247
1269.0000       289.17664       98917.872       14616.052       2.2032500      -2.5430000    -0.077000010       341.75200       1.9007082    0.0082035300
1274.0000       289.19897       98911.969       14604.370       3.2615000      -1.7905000     0.060250000       341.66000       1.9457190    0.0090693600
1279.0000       289.21254       98914.019       14618.796       2.2997500      -1.1297500      0.64025000       342.00200       1.9174132    0.0080433869
1284.0000       289.20031       98938.829       14634.265       3.0005000     -0.37725000      0.25600000       341.65000       1.9149397    0.0088352770
1289.0000       289.20043       98938.273       14659.138       2.8567500     -0.91500000     -0.38850000       341.56000       2.2205363     0.010174988
1294.0000       289.21130       98920.205       14721.945       3.0097500      -1.5622500      0.55925000       341.86600       2.6490773    0.0094282277
1299.0000       289.19508       98918.557       14728.636       3.9990000     -0.88850000     -0.81100000       341.92000       2.5263458     0.010656976
1304.0000       289.15722       98912.253       14700.900       4.2065000      -2.1557500     -0.37700000       341.71500       2.1733465     0.010179880
1309.0000       289.13717       98914.371       14695.461       2.9700000     -0.79625000      0.36250000       341.77800       2.1770030    0.0098940549
1315.0000       289.09692       98938.572       14663.109       4.1155000      -2.2237500      0.20650000       341.65700       1.9422969     0.010571433
1320.0000       289.08579       98938.296       14656.535       5.3080000      -1.8172500     -0.32300000       341.45000       1.9465941    0.0091323597
1325.0000       289.10002       98924.935       14675.710       4.5745000      -1.7882500     -0.32975000       341.67700       1.9150576    0.0086186605
1330.0000       289.09996       98923.773       14683.297       6.3227500      -1.1742500     -0.84450010       341.52400       1.9482306     0.010407332
1335.0000       289.09977       98917.320       14683.432       3.9630000     -0.89200000      0.60375010       341.69800       1.8611270    0.0096242420
1340.0000       289.09966       98919.852       14692.028       1.9665000      -1.2685000     -0.36525000       341.69400       2.0273198     0.010329942
1345.0000       289.09999       98939.132       14716.357       1.9450000     -0.63125000       1.1785000       341.95100       2.4573105    0.0092371490
1350.0000       289.10005       98935.964       14717.886       2.3522500      -1.3412500     -0.16550000       341.65000       2.0978650    0.0098181695
1355.0000       289.10937       98921.045       14722.042       2.4510000      -1.3505000     0.091000010       341.70300       1.9675462     0.010234284
1360.0000       289.09087       98916.033       14689.241       4.1515000      -2.5710000     -0.68025000       341.60900       1.9642321    0.0085906687
1365.0000       289.05364       98900.982       14617.382       2.8102500      -2.0757500      0.10875000       341.56200       1.9650923    0.0092449022
1370.0000       289.03374       98904.063       14586.151       3.5550000     -0.81925000     0.036750000       341.51100       1.9581435     0.011277274
1375.0000       288.99682       98926.875       14540.713       3.4840000     -0.87675010     -0.22550000       341.78700       1.9161157    0.0094152649
1380.0000       288.98572       98928.309       14524.039       2.0257500      -1.0735000     -0.38850000       341.58700       1.9296919    0.0093115909
1385.0000       289.00918       98925.502       14548.228       2.8990000     -0.97000000    -0.095750000       341.57800       1.9197693     0.010159237
1390.0000       288.99052       98926.661       14542.995       2.5150000     0.087000000      0.47150000       341.92500       1.9103946     0.010395643
1395.0000       288.95285       98917.642       14531.562       1.7037500      -2.0435000      0.30250000       341.58800       1.9555067    0.0087797130
1400.0000       288.93275       98920.052       14514.601       3.4195000      -1.8010000     -0.79950000       341.65800       1.9523358    0.0092085466
1406.0000       288.89992       98937.173       14490.752       3.2167500      -1.9807500      0.75175010       341.71900       1.9221659    0.0098824386
1411.0000       288.87042       98938.679       14444.191       2.8012500      -1.8922500      0.77675000       341.84800       1.8803980    0.0090982645
1416.0000       288.85088       98937.028       14411.149       3.6350000      -2.1762500     -0.52150010       341.65400       1.9308047    0.0092819024
1421.0000       288.83140       98931.684       14381.039       3.7420000      -2.1102500      0.14175000       341.55000       1.9249223     0.011340829
1426.0000       288.78742       98917.579       14341.309       3.7382500      -1.4595000     -0.33300000       341.47600       1.9458296     0.011470814
1431.0000       288.80037       98919.061       14333.755       4.3977500      -2.2395000     -0.39725000       341.38800       1.9299875    0.0089916355
1436.0000       288.84420       98924.715       14344.079       2.5850000      -1.6732500     -0.82800010       341.61000       1.9026480    0.0097350387
1441.0000       288.90052       98937.175       14337.714       3.0710000      -2.0985000     0.057750000       341.61300       1.9174048     0.010669763
1446.0000       288.95084       98939.062       14372.072       3.3765000      -1.2345000   -0.0037500000       341.64500       1.9047854    0.0095307698
1451.0000       289.03053       98916.868       14470.829       2.7972500     -0.39275000      0.73550000       341.56500       1.9567640    0.0099326471
1456.0000       289.06270       98912.367       14522.559       3.6165000     -0.79550000      0.46125000       341.66400       1.9962588    0.0092319982
1461.0000       289.07029       98914.018       14566.515       2.6247500      -1.5822500    -0.084500010       341.89000       2.0545695    0.0098587730
1466.0000       289.07008       98918.302       14644.451       2.5650000     -0.89800010      0.51150000       341.88500       1.9184042    0.0098968084
1471.0000       289.01513       98923.932       14630.047       2.3742500     -0.89900000      0.35300000       341.75900       1.9245691     0.010540601
1476.0000       288.88202       98945.121       14527.248       2.6045000      -2.2337500     0.040250000       341.63600       1.9711225    0.0091345913
1481.0000       288.90541       98922.037       14577.511       2.1162500     -0.63575010      0.46050000       341.89900       1.9576104    0.0098533534
1486.0000       288.89413       98917.379       14581.699       3.6625000      -4.5035000      0.47800000       341.74600       1.9215483    0.0093741394
1491.0000       288.92564       98918.294       14621.276       2.4572500      -1.7842500      0.77225010       341.66700       1.9438339     0.010882724
1497.0000       288.96126       98918.391       14643.815       3.2557500      -1.2480000     -0.62800000       341.32700       1.9340143     0.010634224
1502.0000       288.91509       98942.082       14543.051       4.1157500      -2.4790000     0.054250000       341.43700       1.9508315    0.0084460148
1507.0000       288.93827       98945.087       14550.799       2.8455000      -3.3000000      0.53075000       341.34600       1.9262379    0.0085081760
1512.0000       289.07156       98922.805       14669.759       3.8947500      -3.6490000      0.12375000       341.21800       1.9366253     0.010504196
1517.0000       289.11905       98918.261       14717.445       3.9832500      -2.6935000     -0.50600000       341.35600       1.9435942     0.010515832
1522.0000       289.14552       98913.081       14791.058       2.5195000      -1.3445000      0.58675000       341.88800       1.9548236     0.011061253
1527.0000       289.16335       98912.608       14832.342       2.9987500      -2.0835000     -0.59725000       341.51500       1.9206319    0.0099328360
1532.0000       289.09561       98934.890       14772.838       3.1107500     -0.75500010      0.33775000       341.85900       1.9330625     0.010260004
1537.0000       289.08763       98939.230       14779.684       2.0345000     -0.28750000      0.90700010       342.00100       1.9260926    0.0097965052
1542.0000       289.14832       98930.650       14859.292       1.9520000     -0.74800000      0.47325000       341.90800       1.9636619     0.010032573
1547.0000       289.15697       98925.456       14877.340       3.6700000     -0.41650000      0.32875000       341.87400       1.9381218     0.010328039
1552.0000       289.15729       98903.968       14886.164       2.3890000      -1.1722500       1.3622500       341.86900       1.9314008     0.011295601
1557.0000       289.15582       98900.952       14888.469       3.0202500      -1.7910000    -0.030750000       341.49800       1.9169608     0.011562471
1562.0000       289.10999       98916.347       14831.590       3.2067500      -1.4817500      0.12025000       341.79600       1.9397176     0.011039004
1567.0000       289.09104       98921.400       14809.043       2.0927500     -0.73250000     0.097000000       342.09000       1.9433930    0.0089757179
1572.0000       289.11414       98937.203       14843.802       2.8572500      0.23150000     0.077750000       341.93400       1.9611227     0.013376431
1577.0000       289.10300       98939.413       14822.235       2.7405000     0.066000000      0.48900000       341.80600       1.9380824    0.0096021171
1583.0000       289.06208       98915.651       14759.921       2.7390000     -0.20675000     -0.13775000       341.85000       4.0096859     0.012018920
1588.0000       289.04244       98912.329       14710.073       3.5875000      0.85600010     -0.33150000       341.87200       2.5780860     0.010485220
1593.0000       289.00513       98912.092       14619.847       3.2860000      0.43000000     -0.42725000       341.53400       2.5024331     0.011285386
1598.0000       288.98889       98914.617       14555.077       2.9987500      -1.1172500    -0.060250000       341.66200       3.3467048     0.012090415
1603.0000       289.01377       98937.907       14517.165       3.2487500      -1.0945000      0.15500000       341.89200       2.2721446     0.010178337
1608.0000       289.00009       98939.229       14458.602       4.3565000      -1.8985000      0.13875000       341.17700       2.1103885     0.012669249
1613.0000       288.96200       98924.552       14365.420       3.4612500     0.022750000      0.19425000       341.72800       2.1980399     0.010865253
1618.0000       288.94195       98918.183       14325.788       4.6385000     -0.43075000      0.12625000       341.83700       3.6666164     0.010885908
1623.0000       288.90458       98897.079       14306.544       4.1717500     -0.83450000     -0.53475000       341.60300       3.9251795     0.013192748
1628.0000       288.88796       98895.922       14293.304       3.4332500      -1.1442500      -1.1915000       341.54700       2.8413457     0.012665008
1633.0000       288.92603       98919.403       14352.082       3.4785000      -1.2780000     -0.16500000       341.54900       2.0578950     0.011225548
1638.0000       288.89883       98923.261       14335.187       2.8322500      -1.0172500     -0.37200000       341.94500       2.0363152     0.013213621
1643.0000       288.81237       98928.501       14260.306       3.3115000      -1.0007500     -0.36050000       341.62200       1.9394336     0.012534191
1648.0000       288.78620       98927.515       14223.333       2.8460000     -0.55875000      0.16525000       342.08700       1.9027203    0.0099103384
1653.0000       288.74868       98904.302       14169.208       3.6690000    0.0065000000      0.17350000       341.30000       2.7632426     0.013060992
1658.0000       288.73609       98901.580       14126.714       3.8795000      0.58800000      0.58900000       341.62000       3.8608194     0.013596981
1663.0000       288.79528       98911.232       14108.269       7.3802500      -1.5597500     -0.21750000       341.37000       4.2486950     0.011622833
1668.0000       288.81172       98917.077       14091.234       6.5532500     -0.28625000     -0.10525000       341.23200       2.1550882     0.010947972
1674.0000       288.78920       98937.925       14046.628       5.3032500     0.028750000      0.35625000       341.55000       2.0878115     0.010580755
1679.0000       288.80547       98939.155       14055.451       4.4502500      0.27800000      0.15750000       341.71800       2.0002460     0.010498199
1684.0000       288.85349       98927.653       14112.138       3.9777500     -0.27200000      0.11175000       341.62800       2.3266341     0.011358211
1689.0000       288.85744       98923.091       14143.444       4.5597500      -1.4610000     -0.13575000       341.47800       2.4196057    0.0095162032
1694.0000       288.88179       98906.981       14224.371       6.0220000      -1.5770000      0.77275000       341.45500       2.0288775     0.010073391
1699.0000       288.84269       98907.842       14210.744       5.5332500      -1.5062500     -0.14000000       341.24600       2.2033985    0.0092572515
1704.0000       288.70659       98924.179       14125.687       3.7845000     -0.48150000       1.0502500       341.67100       2.3786721     0.012187805
1709.0000       288.66894       98928.663       14086.051       6.9050000      -2.4312500     -0.39900000       341.23400       2.0313868    0.0087480729
1714.0000       288.63253       98939.135       13995.234       5.5890000      -2.2777500      0.26000000       341.22800       2.0741541     0.012304321
1719.0000       288.64077       98936.454       13967.894       5.9982500      -1.9877500     0.066000000       341.36600       1.9419846    0.0097731253
1724.0000       288.75317       98914.631       14013.273       5.5882500      -2.7947500     -0.70500000       341.24100       1.8893397     0.010366616
1729.0000       288.77088       98912.255       14008.471       3.1210000     -0.86500010      0.44075000       341.53500       1.9229028    0.0097173416
1734.0000       288.75804       98912.886       13994.421       3.9460000      -2.1550000     -0.19875000       341.29400       1.9078248     0.011412260
1739.0000       288.75136       98914.877       13985.492       3.2642500      -1.2635000       1.0212500       341.56200       1.8929739     0.010186201
1744.0000       288.70123       98930.077       13967.100       3.2110000     -0.28100000      0.40700000       341.67200       1.9385928    0.0097937816
1749.0000       288.68748       98934.260       13950.048       2.0565000     -0.72525000      0.64750000       341.90200       1.9252103    0.0088054969
1754.0000       288.68899       98933.655       13924.202       3.3957500     -0.80750010      0.21275000       341.72700       1.9601278     0.010844742
1759.0000       288.70518       98928.831       13931.476       3.3555000     -0.29925000       1.0172500       341.85000       2.0112881    0.0095741243
1765.0000       288.74655       98913.009       13954.976       3.2807500     -0.60475000      0.58650000       341.60200       2.8699022     0.013152796
1770.0000       288.76639       98914.528       13973.730       2.9737500     -0.35925000      0.54550000       341.75200       4.2286987     0.013921881
1775.0000       288.81212       98917.840       14036.253       4.1227500     0.048250000      0.59375000       341.38900       3.3300755     0.011809516
1780.0000       288.80503       98922.399       14034.893       5.2702500       1.4562500      0.15025000       341.54800       3.1453188     0.010506564
1785.0000       288.74531       98945.103       13979.769       4.8357500      0.32725000       1.3580000       341.53600       2.6337368     0.012742008
1790.0000       288.74392       98941.904       13984.509       5.9880000     -0.79850010     -0.13225000       341.54700       2.4048829     0.012369410
1795.0000       288.74335       98919.403       13986.485       4.5612500      -1.1605000    -0.064250000       341.68200       2.6393573     0.011541431
1800.0000       288.75203       98917.082       14008.815       4.7915000     -0.58625000      0.68950000       341.60300       2.9626985     0.011547054
1805.0000       288.81245       98912.261       14096.864       4.6165000     -0.84850000      0.23600000       341.63300       3.0493035     0.011835110
1810.0000       288.80542       98915.622       14092.851       5.2772500      -1.8092500     -0.92350010       341.44800       2.4576797     0.012162831
1815.0000       288.74521       98935.889       14035.405       3.5365000      -1.9985000      -1.1220000       341.40900       1.9536948    0.0094569172
1820.0000       288.74387       98941.222       14021.797       3.3815000      -1.1535000      0.58775000       341.57600       1.9024353     0.010541797
1825.0000       288.74248       98944.283       13975.119       4.4220000      -1.8827500     -0.14300000       341.56500       1.9320377     0.013290485
1830.0000       288.75162       98937.739       13977.825       4.3615000      -1.5617500     -0.37550000       341.41700       1.9567564     0.011307306
1835.0000       288.80294       98919.518       14037.827       4.3235000      -2.7422500     0.040750000       341.42000       1.9366667    0.0099951084
1840.0000       288.81448       98917.274       14044.905       3.9972500     -0.94600000     -0.16500000       341.37400       1.9198090    0.0099882352
1845.0000       288.78240       98912.124       14016.915       5.3845000     -0.51575010      -1.2197500       341.42600       2.0129558    0.0098122797
1850.0000       288.81975       98915.443       14057.661       5.5772500      -1.8570000     -0.85200010       341.09100       2.5430963     0.013184647
1856.0000       288.89998       98937.126       14126.902       3.4215000       1.2680000      0.13750000       341.68600       2.4145542    0.0097747550
1861.0000       289.00010       98944.739       14248.899       3.8550000      0.18600000     -0.17575000       341.77800       5.5619538     0.017483675
1866.0000       289.02509       98943.328       14301.750       3.4940000     -0.86875000    -0.016500000       341.78600       2.7946105     0.010772025
1871.0000       289.00080       98935.750       14312.128       3.3505000      -1.1570000      0.24450000       341.72100       4.5937525     0.011935828
1876.0000       288.89528       98920.195       14258.151       2.3667500     -0.50275000      0.26250000       341.97700       3.1318973     0.012266250
1881.0000       288.87622       98914.291       14249.279       4.4980000      -2.5977500     -0.75050000       341.17800       2.3715954     0.011639233
1886.0000       288.84346       98901.168       14229.053       4.8327500      -1.3382500      0.53525000       341.59200       1.9623159    0.0097017595
1891.0000       288.83955       98919.469       14161.325       4.0032500      -1.6842500     0.013750000       341.57800       1.9102224     0.010280143
1896.0000       288.84947       98926.912       14117.807       4.5047500      -1.4595000    -0.015750000       341.55100       1.9448449     0.010867525
1901.0000       288.82968       98935.877       14016.042       4.2552500      -1.1462500     -0.37625000       341.69100       1.9121902     0.010961148
1906.0000       288.83698       98938.446       13965.865       2.7510000    -0.064500000       1.1322500       342.18700       1.9293433    0.0093764882
1911.0000       288.86886       98934.849       13952.454       4.1147500     -0.16650000      0.20525000       341.58600       2.5285075     0.012043717
1916.0000       288.95523       98918.502       13998.302       5.2340000     -0.51575010      0.23875000       341.62400       4.5308047     0.015708553
1921.0000       288.98387       98917.920       14019.381       4.3190000      -2.3330000      0.15650000       341.42700       3.1232551     0.013159473
1926.0000       289.00613       98918.509       14058.950       4.0267500      -1.3420000     -0.12275000       341.68700       2.4584894     0.013922885
1931.0000       289.00000       98931.886       14074.503       5.3227500      0.82725010     -0.14350000       341.45200       2.4863330     0.010955867
1936.0000       289.00000       98937.360       14108.458       5.4142500      -1.1442500     -0.32225000       341.45800       3.0177214     0.010649566
1941.0000       288.99976       98938.681       14163.096       4.2820000      0.45900000       1.2617500       341.70300       3.8691967     0.013069836
1947.0000       288.99963       98936.187       14214.595       3.9557500     -0.98125000      0.21300000       341.59100       2.7025113     0.012423046
1952.0000       289.01393       98924.583       14273.741       4.6810000     -0.64675000     -0.76075010       341.57200       2.2509492     0.010971210
1957.0000       289.00262       98918.759       14314.301       5.7125000      -1.2775000      0.27025000       341.51300       2.7025256     0.013397952
1962.0000       288.95259       98907.901       14342.188       4.0405000      -1.2872500     -0.51275000       341.18600       2.2219447     0.012587589
1967.0000       288.94403       98907.567       14358.188       3.1630000     -0.90850000      0.84000000       341.64900       2.0183102     0.012236920
1972.0000       288.95860       98920.411       14384.093       3.6017500     -0.79150000      0.43325000       341.36100       1.9518434     0.010516561
1977.0000       288.94856       98926.434       14365.560       4.7842500      0.10025000     -0.43225000       341.45300       1.9727544     0.011047610
1982.0000       288.94180       98943.062       14270.014       3.1290000     -0.89075010      0.20075000       341.67100       1.9893211    0.0084388988
1987.0000       288.95173       98944.340       14238.858       3.2325000      -1.6050000    -0.085000000       341.93800       2.0047724     0.011492533
1992.0000       288.94337       98926.548       14208.281       2.5065000      -1.4807500     -0.33650000       341.63900       2.0313461     0.010105546
1997.0000       288.94444       98918.569       14195.195       2.0322500     -0.47175000    -0.020250000       341.74700       1.9385561     0.011651951
2002.0000       289.02009       98898.288       14302.500       3.1947500     -0.34950000     0.045750000       341.86900       2.0259173     0.010484075
2007.0000       289.01596       98895.415       14287.845       4.6237500      -1.1120000     -0.40775000       341.56800       2.0027075     0.012239219
2012.0000       288.93205       98913.842       14186.618       4.0282500      -1.5315000      0.63675000       341.68400       1.9426677     0.010795687
2017.0000       288.89204       98921.842       14109.057       4.7020000      -2.8632500     -0.66600000       341.25600       1.9480149     0.011635287
2022.0000       288.80460       98937.738       13938.573       3.9717500      -1.6440000      0.22025000       341.35100       1.9573298     0.010865549
2027.0000       288.77777       98944.134       13846.787       1.4902500      -1.3402500      0.35475000       341.79500       1.9609726     0.010571447
2032.0000       288.83421       98941.119       13810.911       5.2892500      -4.2312500     -0.33300000       341.31600       1.9426416     0.010070569
2038.0000       288.85796       98934.230       13781.589       3.5702500      -2.5285000       1.2937500       341.83300       1.9414751    0.0096597168
2043.0000       288.89501       98915.395       13799.715       4.6510000      -2.1550000      0.29950000       341.47400       1.9507147     0.012360179
2048.0000       288.91121       98911.876       13811.584       2.7960000      -4.1107500    -0.088250000       341.61000       1.9007088    0.0092691387
2053.0000       288.88653       98911.522       13823.601       5.0562500      -4.9415000     -0.27575000       341.50300       1.9523516     0.011817899
2058.0000       288.90037       98914.086       13865.751       4.2852500      -3.6832500     -0.95725010       341.36100       1.9156200     0.010095661
2063.0000       288.93809       98933.785       13929.594       5.5282500      -3.4795000     0.012500000       341.61200       1.9390555     0.010726789
2068.0000       288.95827       98939.414       13995.622       3.5460000      -3.6317500      0.32600000       341.61300       1.9211459    0.0098866812
2073.0000       288.98190       98939.783       14101.856       3.0907500      -1.5760000      0.53950000       341.97300       1.9209156    0.0096603511
2078.0000       289.01195       98935.337       14175.649       4.3815000      -1.0802500     -0.60350000       341.41700       1.8928716    0.0094785320
2083.0000       289.03787       98918.166       14250.543       3.9497500     -0.73500000     -0.59000000       341.57300       1.9269608    0.0088998397
2088.0000       289.05750       98911.980       14288.707       2.5797500     -0.91300000     -0.18300000       341.73200       1.9529216    0.0099723858
2093.0000       289.10919       98901.528       14315.106       2.6465000      -1.0457500     0.012750000       341.86300       1.9568625     0.013196259
2098.0000       289.11165       98902.927       14301.716       5.0867500      -2.7047500     -0.65750000       341.30400       1.9054155     0.010988685
2103.0000       289.04927       98921.060       14213.284       3.1587500      -4.6300000    -0.034250000       341.32100       1.9417878     0.011546439
2108.0000       289.04313       98928.685       14181.241       3.5382500     -0.36325000      0.16625000       341.73700       1.9325167    0.0099497565
2113.0000       289.04373       98940.070       14144.562       3.9340000      -1.1210000     -0.16450000       341.60100       1.9173955     0.010968761
2118.0000       289.04761       98943.601       14124.471       2.9090000      -2.0007500     -0.48600000       341.62800       1.9277189     0.012108981
2124.0000       289.11043       98939.412       14158.607       2.4532500    -0.035750000      0.16375000       341.86900       1.9492813     0.010982910
2129.0000       289.10774       98932.567       14145.734       3.8437500      -1.5112500      0.26000000       341.80900       1.9330506     0.011741613
2134.0000       289.03589       98913.226       14076.780       3.1680000      -2.4777500     -0.51375000       341.63600       1.9598011    0.0099019819
2139.0000       289.04830       98912.264       14094.705       3.7972500      -2.2095000      0.29125000       341.62600       1.9483269     0.013980660
2144.0000       289.10593       98916.851       14158.745       4.8690000      -2.7055000      0.14225000       341.75800       1.9374724     0.011183019
2149.0000       289.09954       98920.735       14179.144       4.1727500    -0.091000010      0.74550000       341.94200       1.9824160     0.013145966
2154.0000       289.12468       98939.799       14260.057       4.8267500      -1.1800000       2.4715000       341.86900       1.9152829     0.012532386
2159.0000       289.09603       98945.371       14253.401       5.7205000      -1.8402500     -0.23850000       341.38700       1.9320603     0.011335636
2164.0000       288.94699       98943.437       14134.620       2.7147500      -2.9565000      0.37775000       341.57400       1.9736131     0.013393915
2169.0000       288.91501       98938.525       14105.552       2.8320000      -2.8002500      0.68700000       341.67700       1.9229802     0.010860908
2174.0000       288.96485       98928.941       14110.491       1.6265000      -1.4677500      0.61375000       342.03400       1.9212650     0.011004748
2179.0000       288.93873       98921.405       14078.181       4.1777500      -1.0407500     -0.56475000       341.82000       1.9444732     0.010743175
2184.0000       288.92886       98903.086       14086.829       4.0322500      -1.1825000     -0.31175000       341.53800       1.9179977     0.010292849
2189.0000       288.88575       98902.040       14021.788       4.2435000      -3.1990000    -0.098000000       341.67200       1.9241714     0.013034201
2194.0000       288.74955       98911.824       13871.823       5.6195000      -1.5630000       1.0050000       341.71800       1.9873475     0.015912504
2199.0000       288.71848       98918.085       13788.815       5.5262500      -1.2197500     -0.12975000       341.59300       1.9623528     0.012983140
2204.0000       288.74322       98935.474       13697.364       3.3832500      -1.6170000      0.67100000       341.70900       1.8941843     0.011224633
2209.0000       288.74942       98939.997       13636.700       3.1652500      -1.7802500      0.40575000       341.77300       1.9542145     0.012913628
2215.0000       288.80344       98938.673       13599.215       2.7880000      -1.6077500      0.87950000       341.67500       1.9157085    0.0098732153
2220.0000       288.81468       98932.235       13594.185       4.5922500      -2.7697500      0.38900000       341.61100       1.9538087     0.010545278
