0.00000000      289.04546       98905.944       13859.061       6.9492500      -2.4527500      0.35475000       341.44700       2.1127666     0.016835749
5.0000131       288.93537       98905.685       13781.217       4.8722500     -0.75500010       1.0312500       341.65000       2.1086309     0.013350656
10.000026       288.93339       98904.650       13783.265       6.0150000      -1.9097500     -0.14275000       341.56000       1.9664321     0.017601999
14.999999       288.98510       98904.762       13799.418       3.2225000      -2.8905000      -1.9880000       341.53400       2.0292117     0.013405784
20.000012       289.01122       98905.711       13825.464       6.6040000      -3.3032500     -0.29125000       341.36700       2.1050552     0.013956621
25.000025       289.09859       98904.375       13904.783       4.2972500      -4.1950000     -0.37575000       341.51500       2.0052355     0.016238033
29.999998       289.12569       98904.970       13959.780       5.1380000      -3.1372500      0.52100000       341.81200       2.0420240     0.012600080
35.000011       289.07800       98910.324       13974.150       3.6012500      -1.5332500     -0.46100000       341.82900       2.1090632     0.012289042
40.000024       289.11091       98911.776       14059.773       4.1987500      -2.5957500     -0.21150000       341.71900       2.0802525     0.012713810
44.999997       289.20786       98910.153       14234.426       5.5960000      -2.1475000      0.31200000       341.37700       2.1218906     0.014181732
50.000010       289.21557       98910.094       14295.860       5.0412500      -1.7142500     -0.58450000       341.63700       2.0729566     0.012015214
55.000024       289.19248       98911.531       14345.101       4.3475000     -0.13700000      0.70300000       341.89800       2.0042483     0.019685716
59.999996       289.21244       98909.955       14365.526       3.6710000     -0.10700000       1.4492500       342.12100       2.0271434     0.011727673
65.000010       289.16304       98904.794       14278.516       7.1710000      -1.2167500     -0.66375010       341.44400       2.0857113     0.012299399
70.000023       289.20738       98904.336       14269.284       4.8685000      0.35900000      0.23550000       341.76600       2.1839237     0.016656575
76.000030       289.39619       98905.540       14302.069       4.8697500     -0.69650000      0.11800000       341.77100       2.0398158     0.020192832
81.000003       289.45895       98904.579       14313.516       2.4265000     -0.56375000      0.14000000       341.88300       1.9993872     0.018530865
86.000016       289.52276       98905.102       14331.137       6.0872500     -0.99075010     -0.42650000       341.55600       2.0331123     0.014982467
91.000029       289.50807       98906.156       14336.407       4.8450000     -0.29325000      -1.2400000       341.90800       2.0252135     0.013142054
96.000002       289.40627       98907.314       14349.817       6.3110000      -1.8170000     -0.63400000       341.24500       2.0721450     0.012060847
101.00002       289.36611       98902.561       14317.920       5.7255000      -1.0890000     -0.54425000       342.10200       2.0326886     0.017231443
106.00003       289.28490       98892.304       14255.005       5.1407500      -1.5787500      0.32650000       341.92200       2.0700340     0.017836446
111.00000       289.28096       98896.735       14207.540       5.5682500     -0.85675000      0.32225000       341.98000       2.1069145     0.015773654
116.00001       289.34551       98906.937       14124.175       6.1207500      -4.4717500      0.21825000       342.12200       2.0214273     0.021466334
121.00003       289.36570       98904.325       14089.353       5.0390000      0.58650000     -0.15700000       341.28100       1.9738760     0.033737879
126.00000       289.38580       98904.371       14076.051       4.8645000      0.40875000       2.4482500       342.28300       2.0707710     0.012870371
131.00001       289.43521       98909.513       14080.830       3.4007500      -3.0315000      0.68025000       342.63100       1.9901190     0.019806496
136.00003       289.48470       98906.367       14107.259       5.2052500      -1.3212500       1.7420000       342.48000       2.0344866     0.016019571
141.00000       289.54326       98901.336       14136.275       6.9490000      0.99275000     -0.23075000       341.97800       2.0909336     0.017183372
146.00001       289.66141       98904.452       14180.153       6.3827510      -2.3767500      -2.2742500       341.94700       2.1199111     0.017915988
151.00003       289.68484       98909.442       14237.315       8.8645000     -0.50800000      -1.0117500       341.97400       2.0487361     0.019625011
156.00000       289.64781       98906.375       14317.939       7.2517500      -3.1660000     -0.28875000       341.68000       2.0168022     0.016994604
161.00001       289.65758       98901.444       14361.731       4.0900000      -3.8870000      0.31900000       341.75300       2.0223227     0.020658590
167.00002       289.63701       98905.801       14416.612       5.5172500      -2.4180000      0.71825000       342.73900       2.0264383     0.015729422
171.99999       289.67033       98910.840       14450.763       6.4507500      -1.4017500     -0.37700000       341.94200       2.0537844     0.011437212
177.00001       289.75001       98905.473       14444.652       6.2377510      -2.8010000     -0.15400000       342.39100       1.9940368     0.021518193
182.00002       289.78575       98903.016       14533.323       7.1307500      -2.6437500      0.86550000       342.70500       2.0700002     0.016263197
186.99999       289.84461       98906.238       14592.331       5.5657500      -1.5767500      0.76950000       342.02100       1.9907201     0.020361046
192.00000       289.93048       98898.214       14627.363       6.6667500      -1.3845000      0.33900000       341.55500       2.1497694     0.017019340
197.00002       289.99981       98892.762       14696.669       6.0432500      -3.1537500      0.57100000       342.03100       2.0373500     0.019222448
202.00003       290.06914       98892.240       14775.402       3.8687500      -1.6470000      0.53575000       342.37800       1.9958063     0.024147122
207.00000       290.16848       98906.753       14853.439       3.3982500      -2.0545000    0.0062500000       343.34500       2.0671629     0.013656649
212.00002       290.18416       98909.538       14910.537       6.0285000      -2.3105000     -0.61125000       342.29500       2.0516345     0.017426169
217.00003       290.16163       98905.271       15001.240       4.1997500     -0.62825000      0.40750000       343.31400       1.9993019     0.019680856
222.00000       290.08443       98905.603       14983.489       2.8552500      -1.3442500     -0.24325000       343.40200       2.0755356     0.015323082
227.00002       290.04281       98905.658       14971.895       5.0940000      -1.0160000     -0.81900010       341.96500       2.0031956     0.019617829
232.00003       290.01428       98900.240       14949.365       2.3247500    -0.078000000       1.2310000       343.58200       2.0987596     0.016159041
237.00000       289.99322       98898.997       14922.898       4.1587500      -1.7965000      0.31375000       341.51100       2.0083411     0.012854695
242.00002       290.00007       98904.807       14874.968       3.6937500      -1.7212500    -0.024250000       343.05500       1.9804603     0.028843296
247.00003       289.99996       98905.905       14846.152       7.8580000      -2.3887500       1.0237500       341.94300       2.0240856     0.020612818
252.00000       289.99984       98905.766       14824.901       5.3147500      -1.8170000      0.41300000       342.58700       1.9746275     0.015293583
258.00001       290.00090       98905.063       14799.597       5.4540000      -1.2445000       1.0035000       342.67400       2.0259951     0.014451233
263.00002       290.02825       98918.454       14878.352       7.7127500      0.24100000     -0.27950000       341.92500       1.8614246     0.023254417
267.99999       290.00568       98916.922       14878.781       7.0510000      -1.0367500     0.030750000       342.15300       1.9101361     0.024705427
273.00001       289.94480       98902.880       14830.574       6.9615000      -2.7167500      0.39850000       342.21300       1.9110224     0.026300219
278.00002       289.89324       98903.940       14821.817       5.6412500      -1.3397500      0.28725000       342.18700       1.9497685     0.025293438
282.99999       289.79939       98909.270       14772.844       4.7072500     -0.54750000     0.060750000       342.64400       1.8873082     0.028734317
288.00001       289.73125       98904.330       14755.109       6.6407500     -0.40350000     -0.46650000       342.08600       1.9496753     0.016842559
293.00002       289.70571       98901.620       14860.181       5.4590000      -1.7432500   -0.0010000000       342.16300       1.9681101     0.024757486
297.99999       289.64421       98906.649       14840.755       5.4090000      -1.4417500    -0.028500000       341.92900       2.0229074     0.017997869
303.00001       289.54206       98906.748       14726.813       8.1090000     -0.85075000     -0.52075000       341.73700       1.9565865     0.017005825
308.00002       289.48311       98903.981       14649.027       5.5875000     -0.59300010    -0.024500000       342.13000       2.0692482     0.013302334
312.99999       289.39078       98913.659       14495.122       5.3212500     -0.60300000      0.12575000       341.85300       1.9305362     0.025567454
318.00001       289.37520       98918.190       14403.339       7.4487500      0.76075010    -0.094750000       341.71600       1.8861509     0.025657259
323.00002       289.44059       98903.821       14331.146       6.1767500     -0.80250000     -0.61925010       341.88400       1.9588843     0.024391528
327.99999       289.50300       98902.555       14328.847       5.7257500      0.23975000     -0.13525000       341.63400       2.0540860     0.015816859
333.00000       289.62015       98920.528       14370.687       4.9545000      -1.0915000     -0.32725000       342.10400       1.9338897     0.018161000
338.00002       289.71945       98923.116       14449.803       4.0045000      -1.0197500      0.71625010       342.20400       2.0239666     0.012551850
343.00003       289.87602       98913.911       14654.610       3.7137500      -1.5715000      0.40000000       342.26400       2.0370215     0.012204165
349.00000       289.93580       98915.410       14819.353       3.4635000     -0.40125000     -0.64875000       342.48500       2.0196815     0.030764453
354.00001       289.91365       98919.786       14977.733       4.6687500      -1.0230000      0.11250000       341.80500       2.0315391     0.018464318
359.00002       289.90661       98914.016       15060.946       6.0517500      -3.6620000     -0.42075000       342.16000       2.0367709     0.016936029
364.00000       289.80998       98903.021       15094.294       4.8025000      -2.0057500      0.28325000       341.94000       1.9996807     0.020655597
369.00001       289.77710       98904.669       15088.609       3.8032500       1.2560000       1.5362500       342.17700       1.9851424     0.014149442
374.00002       289.79999       98908.281       15011.137       5.4385000      0.54925000     -0.22225000       342.23600       1.9723562     0.020988569
379.00000       289.79999       98903.344       14946.037       5.5480000      -1.2795000     0.020250000       342.20600       1.8149645     0.030399144
384.00001       289.77309       98905.150       14811.982       3.4180000      -1.0310000     -0.93350010       342.29500       2.1098506     0.015589693
389.00002       289.80081       98907.307       14754.703       3.7530000      0.71350000      0.30100000       342.51800       1.9990450     0.013672622
394.00000       289.86321       98895.684       14724.851       6.0870000      0.58175000     0.078000000       341.73500       1.9406438     0.025351046
399.00001       289.91722       98892.150       14711.283       4.6785000     -0.66025000      0.36775000       343.32500       2.0270020     0.015885128
404.00002       290.04248       98903.688       14773.811       3.4337500     -0.54425000      0.38100000       342.68800       2.0223322     0.011917220
408.99999       290.08187       98907.994       14775.477       4.3340000     -0.53650000      0.67250000       342.87800       1.9702441     0.022235660
414.00001       290.01856       98902.027       14718.580       4.9212500      -1.9502500      0.29450000       341.40500       2.0040335     0.013271605
419.00002       290.05603       98905.155       14735.737       5.7142500      0.86625000     -0.68200000       341.87700       2.0087533     0.020818799
423.99999       290.09299       98921.439       14763.364       3.1992500      -1.1407500      0.35975000       342.91700       1.9655394     0.015054328
429.00001       290.16335       98923.044       14807.177       4.4675000     -0.97575000      0.31900000       342.75700       1.9421171     0.023181663
434.00002       290.34557       98914.102       14894.561       3.8427500      0.17650000      0.84275000       342.28000       1.9797198     0.018005586
440.00003       290.46553       98915.891       15027.150       6.0052500       2.0225000      -1.1717500       341.65900       1.9365422     0.035229256
445.00000       290.52789       98918.665       15125.154       6.0790000      0.13275000      0.14050000       341.84900       2.0088785     0.019628548
450.00001       290.59192       98912.289       15288.626       5.1260000     -0.34225000     -0.31025000       341.33600       2.0198465     0.015922284
455.00003       290.63088       98903.229       15568.089       5.1650000     -0.65825000     -0.13525000       341.44600       1.9748786     0.021079195
460.00000       290.68104       98905.464       15733.851       4.1175000     -0.56550000      0.66325000       341.92100       1.9481350     0.015913273
465.00001       290.74138       98903.967       15913.961       4.2245000     -0.47225000     -0.31900000       342.69600       1.9642773     0.014971183
470.00003       290.77486       98903.849       15991.786       3.1332500      -1.2842500     -0.45425000       342.75800       1.9643533     0.015295395
475.00000       290.77607       98921.861       15960.678       4.9135000       1.1232500     -0.11925000       342.00600       1.9581214     0.020286822
480.00001       290.82252       98924.662       15951.268       3.9060000      0.61000000      0.52050000       343.17300       2.0089788     0.014224927
485.00002       290.88384       98908.369       15879.338       3.9017500     0.037500000      0.85900000       343.04700       2.0335187     0.016784950
490.00000       290.92394       98908.925       15849.484       2.7882500     -0.47150000      0.24725000       342.86900       1.9710854     0.019867220
495.00001       290.99960       98924.486       15827.606       4.2882500      -2.7547500    -0.086500000       342.55500       1.9741265     0.021390071
500.00002       291.02748       98920.395       15806.831       3.1920000     -0.81150000      0.26125000       343.61800       1.9253847     0.024360963
505.00000       291.02249       98903.433       15818.228       2.9812500      -2.0992500     -0.11450000       343.05500       2.0195762     0.014412614
510.00001       290.99012       98904.337       15774.015       3.9192500      -1.9130000      -1.2245000       342.49400       1.9860019     0.019265442
515.00002       290.93861       98904.989       15716.201       4.7375000      -1.1420000     -0.59300010       342.15800       1.9213198     0.016955804
520.00000       290.86688       98903.183       15628.504       3.5277500     -0.64950000      0.92875000       343.35600       1.9146358     0.017530946
526.00000       290.70358       98915.298       15459.812       2.7970000     -0.52100000      0.48450000       342.92300       1.9795770     0.013636977
531.00002       290.64070       98920.445       15352.606       1.8887500      -1.1862500      0.10400000       342.54400       1.9997519     0.018059530
536.00003       290.61204       98913.181       15254.447       3.6550000     -0.14125000     -0.15250000       342.78200       2.0160967     0.016419939
541.00000       290.55139       98915.720       15127.188       4.5622500      -1.0545000      0.43350000       341.90300       1.9499181     0.022085956
546.00002       290.49767       98931.330       14963.195       1.9210000      -1.3827500       1.5745000       343.24600       1.9996230     0.014528770
551.00003       290.47624       98934.818       14902.089       4.2147500     -0.37375000     -0.42475000       343.08300       1.9965235     0.013916125
556.00000       290.43043       98930.299       14840.429       3.1515000     -0.44800000       1.5887500       343.78500       1.9442499     0.016666396
561.00001       290.44616       98930.265       14858.942       5.1432500      -1.4020000     -0.60900000       341.77000       1.9531283     0.018798831
566.00003       290.59543       98934.796       15028.484       4.7985000      -1.2195000     -0.66725000       342.36200       1.9421017     0.023330594
571.00000       290.53150       98925.231       15048.544       5.2012500      -1.3267500     -0.54150000       342.19500       2.0471622    0.0097498475
576.00001       290.37234       98903.166       15047.554       2.8995000      0.46575000      0.60300000       342.86800       1.9107952     0.016926133
581.00003       290.28336       98902.694       15007.079       3.9830000      0.94450000      0.35675000       343.18900       1.9988133     0.014034621
586.00000       290.10088       98906.525       14903.905       4.4872500     -0.80500010      0.91725000       343.38400       1.9447187     0.013108581
591.00001       290.00678       98901.521       14796.704       3.5765000     -0.65225010     -0.18100000       341.79500       2.0754999     0.016042577
596.00003       290.00761       98904.309       14665.996       3.5740000      0.23850000      0.61925010       342.94300       1.9493877     0.015308652
601.00000       289.96785       98909.287       14547.350       3.9340000       1.4667500     -0.49100000       342.78400       1.9554010     0.018961196
606.00001       289.87582       98903.659       14359.355       2.6975000      0.73300000      0.48950000       342.23800       2.0435346     0.013561193
611.00003       289.89001       98904.248       14317.386       4.9107500      0.33650000     0.094000000       342.15100       1.9134624     0.021056873
616.99999       289.99849       98924.410       14347.192       6.0850010      0.66625010      0.99200000       341.71800       2.0146544     0.014325958
622.00001       290.03903       98922.593       14389.170       4.3617500      -1.3722500     -0.51975000       341.33800       1.9794906     0.011178032
627.00002       290.11209       98902.436       14516.630       4.3185000      -1.0242500    -0.085250010       342.05400       2.0554971     0.014877690
631.99999       290.13007       98918.326       14590.945       5.0310000     -0.40100000      0.10325000       342.32500       1.9412814     0.023794345
637.00000       290.11317       98917.974       14640.834       3.7380000     -0.52900000      0.14225000       342.90500       1.9166570     0.012889471
642.00002       290.05497       98903.212       14683.825       3.0620000      0.21450000       1.0857500       343.06100       2.0145988     0.012441889
647.00003       290.00670       98903.965       14710.249       2.6725000      -2.3112500     -0.17750000       342.26400       1.9929961     0.015222082
652.00000       289.94615       98907.176       14716.967       2.4945000      -2.5467500       1.0865000       343.68600       1.9513599     0.011688747
657.00002       289.84432       98903.641       14697.821       2.9120000    -0.019000000      0.63425000       344.27800       1.9476291     0.012958020
662.00003       289.78516       98903.008       14656.032       2.2390000     -0.50250000     -0.40850000       343.81900       1.9621503     0.013267316
667.00000       289.75561       98918.309       14601.879       3.9595000     -0.98550000      0.13450000       342.74800       2.0312476     0.017855726
672.00002       289.66828       98900.258       14526.625       3.9932500     -0.58350000    -0.056000000       343.27200       1.9147019     0.010457795
677.00003       289.59764       98896.402       14415.194       4.6170000      -1.3960000     -0.37125000       341.86800       2.0082921     0.012275181
682.00000       289.46897       98916.935       14203.022       4.0282500      -1.5840000     -0.19625000       342.49300       1.9118562     0.012305504
687.00002       289.42498       98918.483       14090.976       2.7240000      0.21525000      0.95150010       343.41100       1.9342174     0.015574251
692.00003       289.48987       98903.216       14007.896       2.6077500      0.15500000      0.32325000       342.96000       2.0242529     0.017051275
697.00000       289.49970       98903.949       13934.090       4.3717500      -1.8867500      0.95250000       343.00500       2.3220179     0.015790916
702.00001       289.50954       98907.140       13897.907       4.8197500      -1.1265000     -0.43200000       341.71600       2.9718304     0.013604095
708.00002       289.56436       98903.315       13949.819       6.1130000      0.90850000     -0.83200000       341.94200       2.7507258     0.012763818
713.00000       289.49668       98913.601       13919.213       6.0767500       1.1437500      0.60950010       341.90500       3.8624955     0.024889080
718.00001       289.48936       98918.232       13952.491       5.4637500       1.3387500      0.17725000       342.46300       2.3352244     0.017064487
723.00002       289.52050       98903.740       14052.069       3.9952500     -0.46325000    -0.036250000       342.67600       2.7143672     0.011521259
727.99999       289.55178       98902.218       14147.668       6.3087500      0.16500000      0.78675000       342.00900       2.5964008     0.021201435
733.00001       289.61029       98923.304       14260.986       5.9450000      -1.4047500     -0.47975000       341.58500       2.3193870     0.018523228
738.00002       289.65983       98923.542       14399.459       5.4227500      -2.0530000     -0.80275010       341.58100       2.0125739     0.012909209
742.99999       289.72389       98907.432       14602.890       4.9475000      -2.5295000      0.14200000       341.89300       1.9864872     0.012111562
748.00001       289.76252       98904.587       14734.840       4.3152500      0.53375000      0.48700000       342.16300       1.9847038     0.014173960
753.00002       289.80405       98896.925       14916.712       3.2905000      -1.9685000       1.5580000       341.92600       1.9676321     0.010459518
757.99999       289.81161       98892.388       14972.092       6.5812500      -2.5312500     -0.61550000       341.75300       2.1072460     0.012417241
763.00001       289.79359       98903.837       14893.472       5.6605000      -2.1062500    -0.085500000       341.95200       1.9990432     0.013010125
768.00002       289.75118       98907.452       14818.873       4.2382500      -2.0245000       1.7395000       342.15900       1.9797467     0.012657004
772.99999       289.62672       98897.067       14648.842       3.9275000     -0.16875000      0.24250000       342.26700       1.9774502     0.015232758
778.00000       289.57991       98898.647       14521.449       5.9397500     -0.67525010     -0.50675000       341.76300       2.1590861     0.012291811
783.00002       289.53964       98917.557       14362.728       4.1335000       1.3477500     -0.63750000       342.21700       4.2230218     0.014122051
788.00003       289.53346       98917.990       14274.472       3.0742500      0.42950000     -0.13500000       341.92800       4.4970395     0.014421258
793.00000       289.60901       98903.362       14207.312       5.0105000      0.24125000    -0.081750010       341.73700       5.2538324     0.024585856
799.00001       289.66924       98905.151       14194.681       5.2812500     -0.59400000     -0.14150000       341.84400       3.1776790     0.015709800
804.00002       289.73270       98904.617       14285.387       2.7427500     -0.12425000       1.0680000       342.37600       2.0469521     0.022998084
809.00000       289.76931       98903.722       14336.261       5.8292500     -0.81100000     -0.16100000       341.43300       2.1757175     0.024783682
814.00001       289.79516       98921.370       14400.097       4.6402500      -1.7245000     -0.21475000       341.64400       2.2616081     0.022779782
819.00002       289.81174       98924.251       14468.072       5.2512500      0.10125000      0.43050000       342.34100       2.1057202    0.0097216500
824.00000       289.81292       98902.290       14550.770       6.4760000      -1.9217500      0.32275000       341.73500       2.0455157     0.012498510
829.00001       289.79921       98902.520       14593.876       3.0575000      -1.2587500      0.64000000       342.28600       2.3413415     0.012324748
834.00002       289.75001       98923.815       14633.540       6.6880000      -2.9435000      0.25700000       341.94000       2.0879322     0.013817997
839.00000       289.74421       98921.897       14657.643       4.9415000     -0.84050010       1.2762500       342.63400       1.9564121     0.014252435
844.00001       289.74367       98911.470       14618.951       5.7007500     -0.93750010     -0.61025010       341.52300       1.9794291     0.013308969
849.00002       289.74749       98910.169       14630.307       5.3197500     -0.15650000     0.036000000       342.30300       2.1330393     0.013901313
853.99999       289.83361       98894.607       14712.819       3.8407500      -1.5607500     -0.11975000       342.33200       2.1297074     0.013382914
859.00001       289.80900       98890.779       14699.682       3.3552500     -0.14050000      0.32425000       342.60800       2.2403233     0.011556816
864.00002       289.69837       98912.757       14654.080       4.8060000      0.18450000      0.84200010       342.49900       2.1202913     0.010955916
868.99999       289.62518       98913.435       14593.654       5.9897500      -1.4500000     -0.21200000       341.65900       2.1559989     0.012115520
874.00001       289.47700       98892.376       14442.843       5.5275000      -2.3530000      -1.0652500       341.79000       2.0307606     0.015058375
879.00002       289.40836       98893.149       14348.375       5.6150000      -2.0842500      0.75825010       342.23000       1.9594743     0.024599401
883.99999       289.41897       98903.158       14294.885       5.6920000      -1.3287500     -0.57475000       341.68500       1.9462050     0.018914092
890.00000       289.38321       98906.244       14190.887       3.6630000      -1.0997500      0.53575000       342.47200       1.9812998     0.014054031
895.00001       289.34770       98922.367       14059.245       4.8062500     -0.63125000      0.20100000       342.11700       1.9526191     0.014624154
900.00003       289.34421       98923.693       14019.729       4.9152500      0.70200000    -0.044000000       342.07400       1.9702985     0.016398103
905.00000       289.34302       98901.560       13997.214       4.7265000     0.055750000     -0.78875010       342.05200       2.4145245     0.014377643
910.00001       289.34900       98903.169       14013.679       4.9462500      0.68600000      0.35200000       341.76400       2.7056563     0.013662480
915.00003       289.39928       98923.999       14125.362       4.0597500     -0.85875000    0.0017500000       341.70100       2.0343251     0.010744081
920.00000       289.41297       98920.942       14187.659       2.6782500     -0.19800000    -0.098500010       342.17000       2.3282745     0.017006053
925.00001       289.37642       98911.796       14224.030       2.7745000      0.50350000     -0.86225000       341.84600       3.5027670     0.015527272
930.00003       289.40931       98910.097       14306.140       4.3177500    -0.045250000       1.2425000       341.99600       3.6435698     0.016339255
935.00000       289.49498       98891.409       14430.975       4.6617500     -0.86900000      0.43150000       342.02300       2.8265768     0.013707261
940.00001       289.51868       98892.423       14506.860       3.1227500     -0.17550000      0.22500000       342.18100       2.8231811     0.013642687
945.00002       289.54498       98924.378       14587.370       3.2425000      0.18025000      0.31650000       341.79400       3.6744467     0.024575723
950.00000       289.56860       98924.531       14653.979       4.7590000     -0.48675000     -0.65750000       341.78300       3.3197374     0.024542472
955.00001       289.54291       98902.430       14688.823       2.8857500     -0.75900010      -1.2285000       341.56300       2.9006429     0.017681428
960.00002       289.54923       98904.998       14717.418       5.3607500     -0.86450000     -0.25675000       341.65800       2.6923374    0.0089275202
965.00000       289.61045       98909.260       14771.224       6.0357500     -0.78450010     -0.27500000       341.57800       2.4704784     0.017708889
970.00001       289.60816       98909.468       14761.131       4.2005000      0.36575000      0.42500000       342.00900       2.1129628    0.0091561366
975.00002       289.54773       98928.813       14671.783       5.7332500      0.45925000     -0.42025000       341.64400       2.1173987     0.018360480
981.00003       289.54493       98928.447       14643.984       4.5570000      0.10400000      0.12150000       341.70800       2.2617020     0.012405337
986.00000       289.53466       98901.563       14606.888       6.3237500     -0.46200000      0.37875000       342.10100       2.5365230     0.011564332
991.00002       289.56222       98903.760       14614.478       4.4690000      0.25150000      0.84150000       341.94500       2.5648522     0.013556384
996.00003       289.64991       98921.395       14672.511       5.1505000     -0.73225000     0.013000000       341.51000       2.1034890     0.012077882
1001.0000       289.68143       98922.661       14712.020       2.2320000      -2.0772500      0.18700000       342.02700       2.4586170     0.015957636
1006.0000       289.71218       98925.901       14761.105       3.8867500      0.58675000      0.92525010       342.21000       2.3162389     0.022117378
1011.0000       289.70490       98928.113       14800.228       4.5562500     -0.17700000       1.0825000       342.00500       2.2337386     0.010334372
1016.0000       289.66394       98917.313       14857.666       4.3315000      -1.9422500     -0.47550000       342.24900       3.3954453     0.019710310
1021.0000       289.62449       98919.852       14861.762       4.7832500      0.56425010      0.40250000       341.79000       2.3704770     0.013173953
1026.0000       289.54212       98940.329       14820.597       4.9920000     -0.40025000     -0.82225010       341.46700       2.0983328     0.014691602
1031.0000       289.52946       98933.103       14834.488       5.7847500     -0.70575000      0.32800000       341.55900       3.6533848     0.023192479
1036.0000       289.57019       98908.060       14862.868       3.9910000      0.18075000     -0.17125000       341.70900       2.5622220     0.015296601
1041.0000       289.52280       98906.538       14839.871       4.3387500      -1.0212500     -0.86725000       342.14700       2.1217457     0.018618989
1046.0000       289.48183       98901.437       14862.494       4.1827500     -0.16350000      0.28125000       342.25800       2.1279077     0.019474553
1051.0000       289.39583       98904.629       14759.568       3.0307500      -1.4597500     -0.58400010       342.24800       3.0559556     0.015855229
1056.0000       289.20894       98934.483       14540.310       2.6335000      -1.3560000     0.048250000       342.38600       3.3640562     0.024364585
1061.0000       289.11696       98934.602       14389.820       1.8512500     -0.54725000      0.81300000       342.50300       2.7874350     0.025142436
1066.0000       289.03961       98913.858       14189.004       2.7575000      -1.4755000     -0.27300000       342.41000       2.3393828     0.012444312
1072.0000       289.01579       98913.827       14060.781       2.1795000     -0.79800000     -0.31450000       342.01100       1.9547317     0.016387045
1077.0000       289.04979       98913.389       14000.221       2.2797500     -0.94900010     0.070750010       341.95300       2.0289514     0.020395243
1082.0000       289.03969       98930.229       13932.308       2.6732500     -0.93750010     0.031000000       342.20700       2.0077612     0.022720678
1087.0000       289.04958       98934.146       13916.044       2.3597500      -2.0742500      0.36300000       341.89200       2.0146476     0.014942664
1092.0000       289.06010       98915.362       13965.950       3.1687500      -1.3955000     -0.31075000       341.93000       2.0000502     0.019322498
1097.0000       289.05024       98912.920       13988.152       2.7572500     -0.12625000      0.19300000       342.55000       1.9635980     0.029981342
1102.0000       289.04033       98915.381       14018.803       4.7905000      -1.9142500     -0.22675000       342.06000       2.0110002     0.011870873
1107.0000       289.05053       98917.967       14084.099       3.6472500      -1.3700000    -0.025750000       341.72600       2.0258260     0.012608292
1112.0000       289.06029       98923.488       14143.621       4.2092500      -1.7910000      0.48900000       342.13800       2.0432762     0.019802085
1117.0000       289.04970       98944.332       14185.214       4.1747500     -0.94475010    -0.030750000       341.47000       1.9985008     0.021299930
1122.0000       289.05471       98926.735       14255.090       3.1800000     -0.17925000      0.16225000       341.97500       2.0177296     0.014171835
1127.0000       289.05608       98923.331       14303.363       2.5742500     -0.54300000     -0.14550000       341.72400       2.0110289     0.030352699
1132.0000       288.99997       98923.805       14287.029       2.9305000      -1.3627500    -0.024750000       341.84600       1.9618096     0.025516485
1137.0000       288.98802       98923.500       14304.669       3.8017500      -2.6762500     -0.40750000       341.77100       1.9368149     0.027223659
1142.0000       289.06024       98935.747       14392.409       2.5907500      -3.1780000     -0.21225000       341.49000       2.1287919    0.0081430989
1147.0000       289.06284       98942.073       14400.717       5.1485000      -3.8140000     -0.29175000       341.51600       2.0322643     0.015820306
1152.0000       289.04080       98944.718       14375.010       4.0742500      -4.2492500     -0.17075000       341.18200       2.1324245     0.018503315
1158.0000       289.00604       98940.392       14325.864       3.4212500      -2.6282500     0.063750010       341.58700       2.0935245     0.010635666
1163.0000       288.87251       98944.419       14172.757       3.6787500      -2.3995000     -0.47250000       341.56200       2.0550441     0.020109060
1168.0000       288.82579       98940.974       14088.168       3.1027500      -2.0510000     -0.21725000       341.85200       2.0237668     0.028099752
1173.0000       288.83039       98927.222       14017.005       4.9212500     -0.76400010     -0.34325000       341.71300       1.9971150     0.016492652
1178.0000       288.84272       98923.429       13984.726       3.5257500      -1.7957500     -0.25975000       341.51900       1.9751108     0.023365487
1183.0000       288.93844       98918.691       14023.760       2.3695000      -1.1527500   -0.0080000000       341.85400       1.9944624     0.022678563
1188.0000       288.96543       98918.237       14022.741       4.8127500      -1.4507500     -0.29225000       341.34300       1.9922298     0.019727099
1193.0000       288.92802       98937.577       13995.152       2.8212500      -1.0312500      0.97025010       341.68300       2.0531810     0.015236708
1198.0000       288.94948       98938.687       14026.746       4.3447500      -2.9527500     -0.17800000       342.00100       2.0958662     0.027714783
1203.0000       288.99259       98924.335       14084.575       2.9717500      -2.3325000     -0.31025000       341.61200       1.9848787     0.021552930
1208.0000       289.00269       98919.395       14128.055       5.9015000      -3.5062500     -0.46725000       341.67400       2.0580785     0.013663397
1213.0000       289.03215       98903.377       14213.611       4.0630000      0.76075010    -0.064250000       341.70600       1.9811846     0.025163793
1218.0000       289.06091       98901.167       14295.980       4.7810000      -1.5520000     -0.39850000       341.61100       1.9491903     0.024222478
1223.0000       289.02958       98925.124       14338.785       4.1792500      -2.6545000     -0.15950000       341.53000       2.0135780     0.018054637
1228.0000       289.04219       98928.345       14411.019       4.2410000      -1.8590000     -0.15125000       341.53900       2.0207434     0.014885035
1233.0000       289.15285       98919.535       14586.767       2.4317500     -0.80175010      0.13775000       341.57200       1.9895470     0.025808338
1238.0000       289.16922       98920.504       14645.662       1.8900000      -2.1462500    -0.021500000       341.89400       1.9583577     0.022692184
1243.0000       289.10954       98912.547       14615.723       2.0680000      -1.7750000     -0.51050000       341.53600       2.0162284     0.016601594
1249.0000       289.09760       98912.831       14621.259       3.3947500      -2.2690000      0.40950000       341.77300       1.9982645     0.023180216
1254.0000       289.03670       98937.785       14551.956       3.5800000      -3.2997500    -0.098500010       341.53600       2.0405757     0.015016397
1259.0000       289.03808       98939.292       14538.887       2.8962500      -1.6832500      0.60600000       341.94100       2.0527524     0.014921049
1264.0000       289.13412       98920.392       14597.125       3.1890000      -2.0677500     0.033500000       341.87400       2.0136696     0.024553648
1269.0000       289.17086       98918.029       14613.911       2.4642500      -2.1477500     0.037250000       341.76700       2.0655251     0.014748058
1274.0000       289.19478       98912.295       14602.222       3.0470000      -1.6735000      0.16350000       341.52700       2.0131951     0.020392777
1279.0000       289.21081       98913.118       14615.419       3.2750000      -1.0585000     -0.15625000       341.74400       2.0946922     0.022048635
1284.0000       289.20029       98937.880       14630.347       3.7467500     0.097000000     -0.23000000       341.47000       1.7206565     0.028703154
1289.0000       289.20041       98939.091       14653.459       3.3552500     -0.83275000     -0.18500000       341.80700       2.0202781     0.018660475
1294.0000       289.21305       98920.836       14717.983       2.2622500      -1.3207500      0.31325000       341.96400       2.0861181     0.033184434
1299.0000       289.19932       98918.685       14729.047       3.1940000      0.87400000     -0.89925000       341.56200       2.6461385     0.032083791
1304.0000       289.16127       98912.578       14701.617       5.1450000      -1.3250000      0.13550000       341.33800       3.0085513     0.022705554
1309.0000       289.14115       98913.449       14696.796       3.5850000     -0.89400010     -0.21600000       341.57100       2.1711094     0.020096822
1314.0000       289.10481       98936.617       14668.673       3.7932500      -3.5145000     -0.49275000       341.51900       2.6324635     0.020728390
1319.0000       289.08876       98939.291       14657.907       4.2357500      -2.6890000      0.15900000       341.50000       2.0217700     0.019762971
1324.0000       289.10003       98925.742       14672.609       2.5515000     -0.37450000      0.21925000       341.74600       2.0243094     0.021846899
1329.0000       289.09999       98924.091       14680.291       6.4412500     -0.47100000       1.0435000       341.56700       2.0052247     0.027191126
1334.0000       289.09982       98917.738       14681.148       3.4045000      -1.4927500   -0.0035000000       341.78300       1.9757072     0.025853750
1340.0000       289.09968       98918.936       14689.979       3.2615000      -1.7992500     -0.68875000       341.69600       1.9932533     0.019992876
1345.0000       289.09998       98938.864       14715.059       1.5137500      -1.3370000     0.020250000       341.84500       2.0035858     0.025297363
1350.0000       289.10004       98937.199       14718.241       3.1275000      -1.4037500     -0.19125000       341.78100       2.1650632     0.023250962
1355.0000       289.11156       98922.059       14726.039       3.2267500      -1.5840000     -0.35125000       341.54200       2.0102600     0.023926607
1360.0000       289.09558       98917.027       14697.508       3.3722500      -2.3177500     -0.22000000       341.69500       2.0099215     0.023000459
1365.0000       289.05763       98901.399       14624.313       3.2610000      -1.9462500     -0.13850000       341.47100       1.9752549     0.031329952
1370.0000       289.03772       98902.758       14591.941       3.2010000     -0.88225010     -0.64650010       341.48300       2.0199938     0.023412781
1375.0000       289.00054       98925.993       14546.131       2.1232500     -0.79175000    0.0065000000       341.92000       2.1095143     0.016039660
1380.0000       288.98693       98928.419       14525.986       2.3165000      -1.6925000     -0.36850000       341.87300       2.0463117     0.018242938
1385.0000       289.01142       98925.120       14548.730       2.7630000      -2.0060000     -0.10725000       341.53400       2.0151183     0.022902513
1390.0000       288.99525       98926.529       14544.405       2.3975000     -0.31425000      0.43575000       341.83400       2.0372586     0.014882930
1395.0000       288.95691       98917.759       14534.314       2.7000000      -1.8182500     -0.46075000       341.65600       2.0399312     0.021235960
1400.0000       288.93674       98919.171       14518.419       2.1132500      -1.0767500     -0.12825000       341.71500       1.9912371     0.019458116
1405.0000       288.91182       98935.503       14501.497       3.9502500      -1.6320000    -0.082750010       341.76700       2.0395871     0.015683944
1410.0000       288.88208       98938.570       14472.068       2.2645000      -2.9937500      0.46975000       341.82400       2.0762496     0.015935225
1415.0000       288.85869       98938.132       14424.014       2.0760000     -0.97475000      0.30825000       341.93000       1.9942008     0.022911282
1420.0000       288.83918       98934.265       14392.732       3.5495000      -1.8582500      0.86550000       341.63600       1.9755341     0.018175824
1425.0000       288.78932       98918.395       14348.716       3.3017500      -1.6320000     -0.18850000       341.69100       2.1045647     0.013771013
1431.0000       288.79576       98918.363       14334.015       3.2647500     -0.79525010     -0.10800000       341.71400       2.0956171     0.018962078
1436.0000       288.83738       98924.444       14342.753       3.9497500      -1.8992500     0.026250000       341.45800       2.0444334     0.014535936
1441.0000       288.87651       98926.298       14353.068       3.2085000      -2.5837500   -0.0037500000       341.48400       2.0214384     0.020562011
1446.0000       288.94081       98939.288       14363.238       3.7327500      -1.6547500       1.0207500       341.93100       2.0639315     0.017818127
1451.0000       288.99082       98935.141       14417.271       2.2225000     -0.35125000      0.17000000       341.72100       1.9777270     0.018530697
1456.0000       289.05824       98912.775       14512.830       1.8685000      -1.0095000      0.37325000       341.87500       1.9656200     0.028055727
1461.0000       289.07074       98913.196       14558.354       3.3455000      -1.8810000     -0.46600000       341.69600       2.0192630     0.016464849
1466.0000       289.07648       98917.647       14641.783       2.2470000      -1.0997500    -0.070000000       341.62000       1.9909356     0.024375642
1471.0000       289.02918       98922.493       14636.623       2.4992500      -1.9357500     -0.49875000       341.61900       2.0424878     0.014968373
1476.0000       288.88775       98944.916       14527.499       3.2400000      -2.0482500      0.27300000       341.61700       2.0675513     0.020779934
1481.0000       288.87416       98941.951       14538.245       2.9792500      -1.2312500      0.63500010       341.97200       2.0190319     0.023210954
1486.0000       288.89541       98917.899       14580.761       3.5100000      -3.9450000      0.61350010       341.72000       1.9093805     0.044522981
1491.0000       288.89388       98917.364       14585.961       3.8842500      -1.6645000     -0.53250000       341.57700       2.0372335     0.021153297
1496.0000       288.95135       98917.572       14640.494       2.7442500      -1.2090000      0.45850000       341.78600       1.9719288     0.025120434
1501.0000       288.97244       98921.094       14640.922       3.6497500      -2.9662500      -1.2172500       341.44100       2.0645548     0.020868569
1506.0000       288.92457       98945.066       14541.969       4.1847500      -3.2277500     -0.31100000       341.39200       2.0284849     0.021032332
1511.0000       288.96987       98942.163       14578.404       2.0045000      -2.1975000       1.0425000       341.59300       2.1095168     0.019047325
1516.0000       289.10301       98919.635       14699.212       3.5357500      -1.9672500       1.1020000       341.74200       1.9368564     0.029604564
1522.0000       289.13930       98917.286       14750.530       2.9337500      -1.2932500     -0.25175000       341.71500       2.1197688     0.016085971
1527.0000       289.16178       98912.199       14826.645       2.0022500      -1.9840000      0.62500000       341.84500       1.8248318     0.039500873
1532.0000       289.10024       98933.109       14774.501       2.0520000     -0.45675000      0.65500000       341.74100       2.0415538     0.022613861
1537.0000       289.08721       98938.971       14776.292       2.2345000      -1.0620000      0.19775000       341.84200       2.0530319     0.016056771
1542.0000       289.14512       98931.392       14853.750       1.8882500     -0.16600000      0.33475000       341.67000       2.0346618     0.023028628
1547.0000       289.15622       98926.693       14875.020       3.3525000     -0.20300000      0.37325000       341.60700       2.0525297     0.016368064
1552.0000       289.15504       98919.521       14880.166       2.8842500      -1.7035000     -0.18925000       341.95200       2.0830193     0.020456230
1557.0000       289.15715       98900.850       14889.498       2.7677500      -1.6355000      0.42325000       341.74900       2.0515043     0.016103530
1562.0000       289.14536       98904.891       14876.912       2.9845000      -1.4187500       1.0072500       341.74500       2.0838021     0.013882035
1567.0000       289.09383       98920.388       14812.395       1.7972500    -0.062750000      0.54300000       341.97700       2.0344560     0.015127710
1572.0000       289.11487       98935.705       14845.409       2.4480000     -0.21125000     -0.17675000       341.65100       1.9722036     0.026636083
1577.0000       289.10623       98939.676       14828.351       2.4830000     0.021750000      0.21950000       341.79100       2.0413923     0.016575331
1582.0000       289.06994       98918.360       14776.451       1.9317500      -1.1175000      0.26825000       342.15900       2.0417222     0.016076683
1587.0000       289.05029       98913.066       14731.471       4.1570000      0.54300000     -0.35825000       341.63100       2.6521829     0.024113366
1592.0000       289.01507       98912.463       14648.209       5.0137500      0.21450000     -0.23150000       341.11100       2.1232404     0.021187818
1597.0000       288.99391       98913.016       14579.938       3.1265000     -0.25275000     0.084000010       341.47200       2.4979340     0.016462882
1602.0000       288.98504       98918.499       14520.379       2.8975000     -0.31650000     -0.15600000       341.92200       2.6132366     0.017457001
1607.0000       289.00708       98939.759       14482.768       3.3817500      -1.7412500      0.18150000       341.52100       2.8829685     0.015062408
1613.0000       288.96603       98925.679       14375.918       2.5645000      -2.7402500     -0.29600000       341.44900       2.2975125     0.017572697
1618.0000       288.94595       98919.555       14332.003       4.0867500      -2.2267500      0.72625010       341.90000       2.1619923     0.013825168
1623.0000       288.90943       98898.524       14311.265       4.4472500      -2.4405000    -0.070250000       341.40700       2.3162193     0.018951761
1628.0000       288.89027       98895.344       14294.571       2.7482500      -1.0312500      0.32800000       341.39800       2.7104802     0.019807682
1633.0000       288.92852       98918.191       14351.952       3.9742500     -0.90675000    -0.076500010       341.52600       2.7320408     0.013021242
1638.0000       288.90624       98922.782       14340.902       3.8450000     -0.53425000     -0.13250000       341.81800       2.0971894     0.019340602
1643.0000       288.81904       98927.931       14267.749       3.1277500     -0.83800010      0.20150000       342.13500       2.0413495     0.022959238
1648.0000       288.79047       98928.223       14230.697       3.8957500      0.64175000     -0.42925000       341.97000       2.0449313     0.014083604
1653.0000       288.75420       98905.746       14178.965       3.6335000     -0.86600010      0.32250000       341.97300       2.0644685     0.019634644
1658.0000       288.73660       98901.524       14134.379       4.6387500     -0.82750000     0.032500000       341.81400       2.2943167     0.019398359
1663.0000       288.79047       98910.357       14111.956       7.6342500     -0.11025000    -0.063250010       341.30000       3.9167116     0.039059432
1668.0000       288.80945       98915.712       14094.452       6.7080000     -0.12575000     -0.85650000       341.34300       3.0933973     0.029433088
1673.0000       288.78613       98935.360       14050.354       6.4025000     -0.13900000      0.17750000       341.47300       2.1568348     0.017615710
1678.0000       288.79749       98939.551       14048.810       5.4165000      0.42950000     -0.24575000       341.60400       2.1897591     0.011650843
1683.0000       288.84847       98929.132       14100.351       6.1190000     -0.68925010      0.13175000       341.40000       2.3863311     0.014317124
1688.0000       288.85734       98925.064       14130.609       3.3442500     -0.49800000      0.59325000       341.77100       2.7698995     0.021756465
1693.0000       288.88670       98908.764       14217.737       6.6612500     -0.76150010      0.28100000       341.30300       2.3851617     0.023757716
1698.0000       288.86292       98906.586       14221.372       6.1712500      -1.8152500     -0.16675000       341.37100       2.2033161     0.023804957
1704.0000       288.71712       98923.134       14133.090       4.1202500      -1.9552500      0.44050000       341.57300       2.4842359     0.015140094
1709.0000       288.67447       98927.865       14094.326       4.9745000      -2.1005000     -0.99650010       341.25200       2.2290933     0.014262547
1714.0000       288.63540       98938.764       14004.438       5.8890000      -1.6585000     -0.44750000       341.22500       2.2058785     0.014601245
1719.0000       288.63611       98937.594       13970.878       5.6357500     -0.79450010     -0.23250000       341.32200       2.0954850     0.020358038
1724.0000       288.74668       98915.697       14013.367       5.0310000      -1.4225000     -0.20200000       341.23400       2.0904090     0.023553072
1729.0000       288.76930       98912.336       14010.007       4.6500000      -2.1710000     -0.12775000       341.39100       2.1222057     0.014117691
1734.0000       288.75782       98912.952       13995.854       4.2875000      -2.8125000     -0.31000000       341.44000       2.0508173     0.022904772
1739.0000       288.75373       98914.170       13987.513       3.5030000      -1.9727500      -1.0780000       341.42600       2.0683928     0.014414622
1744.0000       288.70548       98928.789       13970.560       2.6542500     -0.56950000     -0.12100000       341.51200       2.1835215     0.014519739
1749.0000       288.68923       98933.725       13953.426       3.9185000     -0.93050000      0.77400000       341.83600       2.0995674     0.015622166
1754.0000       288.68726       98934.169       13924.474       4.5635000     -0.61075000     -0.38550000       341.46800       2.1220000     0.015629865
1759.0000       288.70094       98930.097       13928.869       2.8710000     -0.21950000      0.47125000       341.83100       2.0448897     0.017137807
1764.0000       288.73860       98913.774       13949.807       3.2905000    -0.022500000    -0.018500000       341.57600       2.1162802     0.020854489
1769.0000       288.75846       98913.332       13965.228       4.2895000      0.27975000     0.091000010       341.58000       2.7416686     0.029503569
1774.0000       288.80807       98917.046       14029.736       4.4442500     -0.49975000     -0.83875010       341.26400       2.9840280     0.017774193
1779.0000       288.81081       98920.133       14038.464       5.0177500     -0.85000000      0.80400000       341.40800       3.7245464     0.021159651
1784.0000       288.74932       98943.547       13981.427       4.9167500      -2.4812500     -0.13825000       341.36400       3.5492988     0.022069865
1790.0000       288.74321       98943.354       13982.545       2.9905000      0.29150000     -0.26950000       341.46000       2.2622530     0.014250886
1795.0000       288.74312       98920.317       13984.151       5.7035000   -0.0030000000      0.40800000       341.61600       2.3543903     0.019996263
1800.0000       288.74929       98917.247       14002.926       4.4877500    0.0020000000     -0.25250000       341.29200       2.9012508     0.024355963
1805.0000       288.81082       98912.339       14093.644       5.8572500     -0.44325000      0.41050000       341.70300       3.5280197     0.017953325
1810.0000       288.80885       98914.450       14096.336       5.1455000      -2.6000000     -0.57250010       341.53300       2.5987312     0.026898090
1815.0000       288.74694       98934.377       14038.171       5.5465000      -1.5612500      0.65650000       341.58200       2.1847935     0.014587785
1820.0000       288.74315       98940.452       14024.489       5.7640000      -1.2510000     -0.73975000       341.33200       2.1186134     0.017623207
1825.0000       288.74219       98944.830       13977.466       4.7572500      -1.3255000      0.20450000       341.56100       2.0619558     0.018760901
1830.0000       288.74876       98939.556       13975.358       4.8960000      -2.1030000     -0.44825000       341.46600       2.0674005     0.018879932
1835.0000       288.79913       98920.419       14034.983       3.6975000      -2.4902500     -0.33300000       341.38400       2.0845939     0.015518203
1840.0000       288.81317       98917.421       14044.441       4.2832500     -0.62025000      0.55175000       341.61500       2.0500469     0.021162440
1845.0000       288.77793       98912.207       14011.697       5.4602500    0.0010000000    -0.090750000       341.26600       2.0947529     0.014764920
1850.0000       288.81027       98914.281       14047.552       5.3787500      -2.0420000    -0.094500010       341.63700       2.3617357     0.020960513
1855.0000       288.88415       98934.271       14108.147       3.0020000   0.00050000000      0.66675000       341.87000       2.2871879     0.014171983
1860.0000       288.92373       98940.300       14158.674       4.8187500     -0.43550000     -0.21175000       341.54800       2.3539261     0.013575036
1865.0000       289.02100       98944.632       14285.688       2.6135000      -1.4772500      0.67125000       341.98800       3.8806805     0.022839672
1870.0000       289.01643       98939.521       14313.090       2.2327500      -1.5687500      0.22950000       341.97700       3.7894879     0.015949616
1875.0000       288.90626       98922.871       14260.884       2.9337500      -1.2657500      0.17750000       341.83500       3.4947007     0.017144764
1881.0000       288.87907       98915.382       14251.286       2.6555000      -1.8955000      0.86100010       341.95200       2.3652246     0.012715328
1886.0000       288.84884       98901.252       14237.909       3.1935000      -1.3850000      0.67100000       341.73200       2.1674791     0.014021641
1891.0000       288.82696       98904.332       14186.639       4.5852500      -2.3302500     -0.54500000       341.35200       2.1061594     0.021882488
1896.0000       288.84747       98925.634       14126.983       4.7400000     -0.63850000     -0.72875010       341.62100       2.0334922     0.017040200
1901.0000       288.85756       98930.976       14078.730       4.9367500     -0.25875000     -0.17175000       341.56000       2.0959389     0.014682337
1906.0000       288.83355       98938.426       13972.955       4.0485000      0.45650000     -0.31525000       341.92200       2.0367176     0.017009486
1911.0000       288.86052       98936.062       13952.198       3.9847500     -0.88650010    -0.023000000       341.51600       2.2295361     0.025556081
1916.0000       288.94803       98919.067       13995.212       5.7692500     -0.59125000     -0.11900000       341.33400       2.9975561     0.016960455
1921.0000       288.97913       98917.738       14014.412       3.4690000     -0.67575000      0.33775000       341.69900       4.9628216     0.017718005
1926.0000       289.00286       98918.078       14053.432       5.3647500     -0.61300000     -0.60325000       341.39000       2.5310058     0.016439000
1931.0000       289.01422       98921.746       14080.949       4.0092500      0.91200010      0.12200000       341.64600       2.3194950     0.013341461
1936.0000       289.00000       98936.571       14100.890       4.8432500       1.5467500      0.21975000       341.46000       2.3174669     0.020501841
1941.0000       289.00000       98938.987       14142.611       3.9042500      0.25875000     0.054250000       341.74400       3.7242984     0.024352449
1946.0000       288.99967       98937.609       14197.343       4.1080000      0.62350000     0.037000000       341.43800       4.0280573     0.020727556
1951.0000       288.99956       98932.944       14240.637       2.2100000      -1.6975000      0.21050000       341.50600       2.8355245     0.023778856
1956.0000       289.00862       98920.946       14299.480       5.7427500      -1.2140000     -0.17400000       341.37900       2.4566356     0.017217409
1961.0000       288.98991       98915.838       14333.013       4.7762500      -1.6322500     -0.39175000       341.58000       2.5053405     0.017736755
1966.0000       288.94597       98906.944       14353.024       3.6332500     -0.44725000      0.45100000       341.51800       2.1258326     0.016760990
1972.0000       288.94607       98911.841       14363.583       4.1442500     -0.20250000     -0.11100000       341.54500       2.1441237     0.018609301
1977.0000       288.95056       98925.228       14371.507       4.4700000     -0.69325010     -0.49300000       341.45600       2.1379367     0.012686272
1982.0000       288.93983       98941.744       14278.156       2.9710000      -1.1782500      0.12175000       341.50600       2.1828629     0.014143019
1987.0000       288.94973       98944.793       14243.815       2.8197500      -1.8040000     0.033250000       341.67200       2.1103989     0.014497421
1992.0000       288.94463       98928.142       14213.912       3.1290000      -1.7705000      0.30300000       341.77800       2.0937371     0.015339568
1997.0000       288.94324       98920.166       14195.805       3.2990000       1.1297500     0.085000000       341.82000       2.0987201     0.014637094
2002.0000       288.95415       98912.176       14202.799       3.9625000      -2.2722500     0.066750000       341.57600       2.0946643     0.015906340
2007.0000       289.01982       98895.182       14295.045       5.8300000      -1.3702500     -0.29175000       341.64800       2.1705748     0.021951138
2012.0000       288.98528       98900.389       14237.782       4.1287500      -1.6242500     -0.29950000       341.40200       2.1239869     0.013674258
2017.0000       288.90004       98920.242       14126.218       3.9985000      -2.8587500    -0.062500000       341.55900       2.1386921     0.016931841
2022.0000       288.81453       98935.699       13961.569       3.5062500      -1.1702500      0.23325000       341.62400       2.1047356     0.014997229
2027.0000       288.78009       98943.362       13862.072       3.3422500     -0.54875000     0.062250000       341.67200       2.0027854     0.020092389
2032.0000       288.83026       98941.752       13819.046       3.2172500      -2.8672500     -0.18325000       341.67200       2.0728075     0.025350991
2037.0000       288.85005       98937.115       13787.647       3.6600000     -0.91000000      0.47550000       341.72600       2.0792764     0.013850831
2042.0000       288.88508       98918.183       13797.438       4.6827500      -4.4485000      -1.1232500       341.55100       2.0991311     0.013258468
2047.0000       288.90621       98912.692       13805.775       3.8277500      -3.6927500     -0.11125000       341.41800       2.0655780     0.016745429
2052.0000       288.91501       98912.131       13822.953       5.9880000      -4.1860000      0.26000000       341.45500       2.1189338     0.013448094
2057.0000       288.89332       98912.442       13846.726       5.5370000      -4.1695000     0.014250000       341.50900       2.0416000     0.020157527
2063.0000       288.93406       98932.062       13917.897       3.0052500      -3.1652500      0.58225000       341.72800       2.0900872     0.012792432
2068.0000       288.95423       98938.686       13981.408       3.9035000      -2.4765000      0.15400000       341.60000       2.0505571     0.016578565
2073.0000       288.97589       98940.072       14085.725       3.0822500     -0.58800000      0.24325000       341.76900       2.0730402     0.016482239
2078.0000       289.00595       98936.626       14161.807       4.7820000      -1.4077500     -0.54400000       341.42300       2.0377326     0.019667778
2083.0000       289.03393       98919.697       14240.100       3.5827500      -1.1437500      0.62400000       341.68800       2.1151124     0.013980520
2088.0000       289.05357       98913.021       14282.951       3.5027500      -1.2842500     0.018750000       341.69400       2.0612825     0.012345141
2093.0000       289.10568       98902.162       14313.967       2.4952500     -0.57875000     -0.43325000       341.85600       2.1055703     0.016561960
2098.0000       289.11317       98902.038       14306.937       3.8855000      -1.2540000    -0.058500000       341.52400       1.9998593     0.032253647
2103.0000       289.05201       98919.386       14220.826       2.8535000      -4.0610000      -1.4950000       341.39100       2.0653057     0.014460701
2108.0000       289.04336       98927.259       14186.896       4.6067500      -2.3147500      -1.1817500       341.56900       2.1033773     0.014809699
2113.0000       289.04445       98938.757       14150.636       2.9957500      -1.8747500      0.78400000       341.87000       2.0987316     0.012245643
2118.0000       289.04584       98943.299       14127.120       3.2702500      -1.8215000    -0.011750000       341.33900       2.0535924     0.013266196
2123.0000       289.10462       98941.119       14159.536       2.1725000      -1.8932500      0.64800000       341.63400       2.0946258     0.012113191
2128.0000       289.11177       98935.746       14152.689       3.2875000      -3.7665000     -0.29150000       341.57800       2.0338369     0.019218471
2133.0000       289.03782       98915.329       14078.250       4.0122500      -1.8265000      0.25175000       341.57300       2.0875953     0.017733001
2138.0000       289.04038       98911.912       14083.830       2.8235000      -1.4650000     -0.21875000       341.62300       2.0954472     0.015665705
2143.0000       289.10508       98916.387       14150.698       3.3020000     -0.48375000     -0.41775000       342.02400       2.0845743     0.018409343
2148.0000       289.10356       98918.715       14170.939       3.3802500      -1.3355000      0.23650000       341.80700       2.0495592     0.020170526
2154.0000       289.12590       98938.083       14255.885       4.5590000      -1.5465000     -0.10400000       341.53500       2.0491069     0.016084071
2159.0000       289.10477       98944.658       14258.400       4.1812500     -0.77050010      0.19975000       341.65200       2.0662002     0.017380221
2164.0000       288.95799       98943.968       14142.758       4.2380000      -3.4062500     -0.36000000       341.72500       2.0526300     0.024612501
2169.0000       288.91834       98939.808       14109.819       2.1640000      -1.2305000      0.43700000       341.89300       2.0448206     0.015781422
2174.0000       288.96861       98930.300       14116.459       2.5122500      -1.2257500       1.0567500       341.81900       2.1061289     0.014968740
2179.0000       288.94494       98923.011       14084.971       4.0815000      -2.4855000     0.018500000       341.67800       2.0974968     0.013207925
2184.0000       288.93437       98904.202       14095.187       3.1232500      -2.6927500      0.72850000       341.76600       2.0937511     0.014221232
2189.0000       288.89644       98901.644       14037.885       4.9087500      -3.2652500     -0.49900000       341.34600       2.0585092     0.013238361
2194.0000       288.76028       98910.877       13889.723       4.4867500     -0.72575000     -0.18425000       341.92100       1.9222712     0.026261085
2199.0000       288.72169       98916.630       13804.562       4.7047500      -2.8712500     -0.24150000       341.35700       2.0118389     0.018703190
2204.0000       288.74347       98933.957       13712.102       2.7812500      -2.2080000    -0.092750010       341.65700       2.0811867     0.012706445
