0.00000000      286.76600       98771.507       15145.175       3.2392500       1.1867500      0.37350000       340.71400       2.0835312     0.012570821
4.9999729       286.74606       98767.814       15135.093       3.1827500       1.0757500     -0.15225000       340.63700       2.1522401     0.012638384
9.9999860       286.69523       98767.493       15099.293       2.4875000      0.87075010     -0.21025000       340.88000       2.1754724     0.019557712
14.999999       286.68795       98768.882       15085.670       2.8497500      0.77900000     -0.60675000       340.81100       2.0314408     0.015022379
19.999972       286.70580       98778.686       15063.498       2.9055000      0.56825000      0.32250000       340.91800       2.0743838     0.012893836
24.999985       286.74860       98786.724       15094.157       4.0775000       1.3942500     -0.38050000       340.85800       1.8583713     0.012323887
30.999993       286.89859       98796.298       15221.070       3.6105000       1.5207500     -0.87750010       340.87300       2.0061581     0.014227325
35.999966       286.92828       98803.345       15255.113       3.9162500      0.68425010     0.031250000       340.81700       2.1177768     0.011577138
40.999979       286.90082       98812.930       15267.309       3.2235000       1.3605000      0.19875000       341.04900       2.0929726     0.010118606
45.999992       286.90689       98818.069       15304.779       4.9212500       1.1537500     -0.27800000       340.71900       2.0657263     0.013392705
50.999965       286.84727       98821.218       15284.115       3.5442500       1.1000000     0.054750000       340.98600       2.0150363     0.014861001
55.999978       286.83531       98821.492       15308.025       5.0075000       1.2767500     -0.26450000       340.70900       2.0864308     0.012634974
60.999991       286.90759       98819.006       15435.860       4.7007500       1.1752500     0.089500000       340.69800       2.1515920     0.015209977
65.999964       286.91016       98814.267       15458.957       2.6817500       1.5992500     -0.13275000       340.97900       2.0114069     0.022378002
70.999977       286.83565       98804.225       15408.863       3.4085000       1.3482500     -0.39350000       340.86100       2.0852068     0.011014123
75.999990       286.84290       98797.178       15389.170       3.8077500       1.4325000      0.47200000       340.92900       2.0328430     0.012442043
80.999963       286.85557       98790.106       15304.342       3.5682500      0.30800000      0.11375000       341.02900       2.0571668     0.012395009
85.999976       286.90678       98782.225       15300.422       4.3777500     -0.28950000     -0.67450000       340.60100       2.1167171     0.012086237
90.999989       287.07847       98770.482       15371.224       3.4167500       1.0392500     -0.23650000       340.78500       2.0494081     0.013935190
96.000002       287.13688       98767.543       15399.487       2.3385000       1.0812500    -0.051000000       341.01700       2.0056620     0.016603162
100.99998       287.17995       98767.405       15445.009       2.6180000      0.92625000      0.47450000       341.06500       2.0985474     0.012104994
105.99999       287.16462       98769.578       15482.740       2.1367500       1.2352500      0.22150000       341.06000       2.0701857     0.011407326
111.00000       287.02999       98780.292       15500.745       3.4965000       1.0077500     0.029750000       340.94600       2.1478627     0.013208236
115.99997       286.97368       98788.333       15515.526       2.9157500       1.2302500     0.014750000       340.71600       2.0960037     0.011270670
121.99998       286.91239       98798.906       15569.174       2.0202500     -0.58375000      0.33725000       341.26700       2.0643339     0.014014451
127.00000       286.86850       98804.353       15542.682       2.2015000    -0.065250000    -0.048500000       341.17500       2.0632898     0.011837753
131.99997       286.85847       98809.136       15454.537       2.3090000     -0.10075000     -0.74925010       340.86200       2.0848748     0.010828769
136.99998       286.83885       98813.540       15393.092       3.0822500      0.38625000     0.035500000       340.68400       2.0445351     0.010573026
141.99999       286.82397       98814.584       15297.717       2.7915000       1.0082500    -0.072250000       340.67100       2.1076729     0.010245352
146.99997       286.77740       98816.698       15220.664       2.7430000      0.71975000     -0.40500000       340.54500       2.0013969     0.016341035
151.99998       286.71561       98821.338       15163.941       1.5345000      0.23675000      0.78000000       341.23000       2.1656331     0.012304725
156.99999       286.67539       98821.118       15092.857       3.1505000      0.16775000     0.091750000       340.77300       2.0548168     0.014472994
161.99997       286.61194       98818.209       15014.732       1.8490000      0.66400000     0.078500000       341.24700       2.0602339     0.016521510
166.99998       286.56815       98812.975       14926.805       2.0677500      0.40850000      0.36025000       341.34600       2.1521833     0.011512872
171.99999       286.53583       98802.932       14795.442       2.4297500       2.3782500      0.15700000       340.90100       2.0647064     0.011487051
176.99997       286.54853       98795.940       14758.776       2.1692500       2.2360000      0.75400000       341.06300       2.0646080     0.011192718
181.99998       286.58491       98786.131       14746.082       3.5867500       2.2617500     0.044250000       340.66700       2.1440490     0.014298222
186.99999       286.61094       98781.346       14761.018       3.0897500       1.7152500      0.12525000       340.65000       2.0703533     0.010434290
191.99996       286.69824       98780.335       14855.968       3.2870000       2.0905000    -0.078000000       340.69100       2.0601576     0.014890076
196.99998       286.72549       98778.979       14929.413       2.6345000       1.6395000     -0.26700000       340.74000       2.0588108     0.012191715
201.99999       286.69960       98779.298       15014.985       2.0335000       1.1405000    -0.026750000       341.10100       2.1404783     0.011392449
206.99996       286.69953       98781.004       15070.800       2.8687500       1.5582500     -0.30050000       340.56200       2.0786847     0.012163410
212.99997       286.68219       98783.153       15132.055       2.8545000       1.4590000     -0.39300000       340.80000       2.2150475     0.017430401
217.99998       286.71947       98788.861       15204.870       3.8665000       1.8570000     -0.14350000       340.68500       2.2187120     0.013752982
223.00000       286.80097       98799.847       15282.353       2.5220000       1.3312500     -0.37550000       340.93600       2.0815964     0.011504734
227.99997       286.82203       98804.923       15305.290       3.0032500       1.3180000     -0.21725000       340.81400       2.1735903     0.012972704
232.99998       286.85167       98812.992       15337.062       3.1947500      0.96275000     -0.31175000       340.93800       2.0629573     0.013213981
238.00000       286.87264       98811.481       15344.719       2.9692500     -0.33850000     -0.33225000       340.87000       2.1821114     0.013186930
242.99997       286.84400       98799.421       15290.073       2.0942500      0.47625000     0.021500000       340.89400       2.1142151     0.012945658
247.99998       286.85303       98799.258       15249.735       2.5925000      0.28825000      0.48725000       341.14800       2.1123827     0.013479538
253.00000       286.90335       98799.158       15215.704       1.8912500     -0.31425000      0.34975000       340.88300       2.1103271     0.011230786
257.99997       286.91472       98800.963       15200.499       2.4552500       1.1855000     -0.12825000       341.25300       2.1324062     0.012327684
262.99998       286.91802       98812.770       15167.735       1.8737500      0.86025010     -0.10575000       341.07300       2.2151714     0.011445025
267.99999       286.88079       98811.310       15139.230       2.6110000       1.5805000      0.23200000       340.86000       2.1901256     0.012901130
272.99997       286.80831       98801.985       15146.053       1.8355000       1.1080000     -0.16175000       340.77200       2.1827274     0.015213000
277.99998       286.76861       98796.155       15132.377       2.3065000       1.6090000     -0.60400000       340.76400       2.0889701     0.012544485
282.99999       286.69455       98787.214       15076.730       2.3765000      0.35200000     -0.28175000       341.17500       2.0741509     0.014673954
287.99997       286.67227       98779.207       15069.320       3.8080000       1.2720000     -0.31300000       340.61400       2.1294899     0.012360377
292.99998       286.71706       98770.866       15119.498       3.3922500       2.3190000     -0.24200000       340.88700       2.1071729     0.024687605
297.99999       286.67922       98765.713       15084.558       2.5332500       2.0362500      0.57850000       341.14300       2.1110385     0.010771576
304.00000       286.59267       98757.603       15005.493       3.6757500       1.5720000     -0.21050000       340.50400       2.0451751     0.014622381
308.99997       286.54488       98764.876       14918.121       2.8682500      0.33625000      0.26950000       340.58900       1.8820951     0.022821324
313.99999       286.53149       98769.749       14866.990       3.1265000      0.52725010      0.16775000       340.87900       2.1505234     0.020428009
319.00000       286.55502       98775.874       14842.150       3.4307500       1.0727500      0.16650000       340.82300       2.1503708     0.014407607
323.99997       286.64915       98786.503       14856.307       3.5430000      0.80475000      0.30300000       340.59000       2.1362187     0.011568403
328.99999       286.69953       98790.314       14871.087       3.0257500     0.018000000      -1.0177500       340.69100       1.9759249     0.019974844
334.00000       286.75637       98790.030       14902.262       3.2822500      0.28500000     -0.19150000       340.54300       2.0819141    0.0099706879
338.99997       286.78476       98796.447       14915.865       2.0002500     -0.32050000    0.0047500000       340.89300       1.9753179     0.019831387
343.99998       286.80604       98800.515       14960.916       2.3750000     -0.19375000     0.031500000       341.01500       2.0380354     0.011672203
349.00000       286.81489       98807.332       15061.527       2.2295000     -0.21275000  -0.00075000000       340.83200       2.1575953     0.016975146
353.99997       286.80596       98811.502       15105.738       2.4627500     -0.34175000     -0.52700000       340.66500       1.9940324     0.010765723
358.99998       286.76986       98810.394       15156.109       2.5577500      0.81800000    -0.010000000       340.93900       2.1539562     0.012554792
364.00000       286.74996       98810.453       15178.415       2.1142500     -0.76625000    -0.080500010       340.68600       2.1109592     0.013404298
368.99997       286.73005       98810.512       15166.704       2.5515000     -0.52200000     -0.20225000       340.66200       2.1335124     0.013375572
373.99998       286.69431       98811.731       15089.270       2.0317500      0.85000000      0.26325000       340.87600       2.1101854     0.012051517
379.00000       286.68575       98807.455       15048.836       1.7555000      0.29675000    -0.045000000       341.00500       2.2843473     0.018066984
383.99997       286.70022       98800.427       15010.923       2.3570000      0.23025000    -0.098500010       340.85000       2.1700331     0.010962634
388.99998       286.71514       98794.623       14974.190       2.3050000      0.13100000      0.14275000       340.81800       2.1490383     0.010115731
394.99999       286.70367       98788.507       14897.374       2.5260000     -0.80150000     -0.12925000       340.75400       2.1597274     0.017331871
399.99996       286.65161       98789.796       14769.100       2.3097500     0.029750000    -0.013250000       341.07600       2.0694994     0.014333638
404.99998       286.64299       98785.610       14712.981       2.2857500     -0.26000000     0.047750000       341.11000       2.1691565     0.012144071
409.99999       286.62829       98774.500       14650.584       2.6422500     -0.33125000     0.069750000       340.93200       2.0355225     0.012856029
415.00000       286.64105       98768.570       14642.176       1.7557500       1.1690000     -0.13125000       340.84800       2.1066277     0.012352893
419.99997       286.73782       98759.328       14729.591       2.2860000      0.47275000     -0.24700000       340.84300       2.1278354     0.010804990
424.99999       286.76523       98757.759       14789.237       2.8372500      0.22600000    -0.079250000       340.77000       2.1973033     0.011465763
430.00000       286.76977       98767.201       14882.670       3.0422500      0.45125000     0.071250010       341.01000       2.1169506     0.012928246
434.99997       286.75736       98771.236       14935.898       1.7150000     0.081750010     -0.31175000       340.96800       2.1629683     0.023563999
439.99999       286.67491       98778.492       14970.429       2.9147500       1.3625000     -0.39450000       340.94700       2.0602556     0.015280061
445.00000       286.63635       98782.206       14988.982       3.6440000       1.2557500      0.52250000       340.93700       2.0391774     0.012197165
449.99997       286.60989       98776.037       14982.302       2.7735000      0.84975000     -0.20800000       340.74900       2.0917644     0.013527769
454.99999       286.59119       98779.374       14962.421       2.5832500      0.70675000     -0.13600000       340.68300       2.0521564     0.011192207
460.00000       286.59984       98790.153       14941.313       3.2947500     0.092750010     0.073250000       340.91200       2.1042608     0.011721058
464.99997       286.59969       98796.090       14886.245       3.4052500      0.19625000      0.41675000       340.95300       2.1747936    0.0096737977
469.99999       286.58579       98805.790       14764.773       2.5455000      0.44825000      0.63875000       341.17500       2.0594989     0.010407996
475.00000       286.59703       98812.628       14695.558       4.0302500      0.84325000     -0.55900000       340.61900       2.0836910     0.011741900
479.99997       286.63494       98815.085       14617.755       3.8157500      0.93225000     -0.30100000       340.64700       1.9818392     0.010328401
485.99998       286.65940       98815.983       14565.806       3.6195000       1.5340000     -0.24800000       340.82800       2.0417754     0.011948881
490.99999       286.69548       98814.635       14575.540       3.7175000      0.71400000     -0.80350010       340.62200       2.1027701     0.011715163
495.99997       286.71154       98815.583       14583.668       3.1927500       1.3257500      0.18200000       341.03300       2.0818558     0.010874542
500.99998       286.69970       98815.809       14594.959       2.6392500      0.48600000      0.10975000       340.97300       2.0368135     0.010945339
505.99999       286.69942       98814.783       14631.395       3.8665000      0.63425000     -0.37500000       340.65300       2.1067762     0.013550229
510.99996       286.70001       98818.401       14705.908       2.4425000      0.82350000      0.31200000       340.90400       2.0082299     0.013158945
515.99998       286.69997       98815.217       14760.016       3.2125000      0.88725010    -0.087250000       340.78400       2.0862850     0.010596565
520.99999       286.69962       98803.005       14837.248       3.6400000      -1.2395000      0.32300000       340.81100       1.9924928     0.013927849
525.99996       286.69954       98797.343       14878.217       2.7275000     -0.93050000      0.34325000       340.98900       2.0774894     0.012480636
530.99998       286.70031       98792.427       14896.270       2.3832500     -0.81200000   -0.0062500000       340.89900       2.0009347     0.013644620
535.99999       286.70027       98787.791       14905.445       3.1932500     -0.41975000    -0.097500000       340.77800       2.0749414     0.011380345
541.00000       286.70001       98789.184       14888.051       2.3712500     -0.13650000     0.048500000       340.90700       2.1583607     0.010595576
545.99998       286.70001       98784.523       14877.962       2.9165000     -0.28925000      0.74550000       340.92600       2.1154223     0.010177618
550.99999       286.69970       98773.270       14868.546       3.5710000       1.3722500     -0.77150010       340.39500       2.1121292    0.0099801059
556.00000       286.69942       98767.566       14843.948       3.4282500      0.83100000      0.36150000       340.69800       2.1065663     0.011155179
560.99997       286.70001       98758.640       14807.176       3.8107500     -0.12950000     -0.31725000       340.73100       1.9911587     0.012599097
565.99999       286.69997       98758.028       14775.706       2.7845000     -0.19025000     -0.89175000       340.57000       2.0536106     0.012246283
572.00000       286.68879       98768.788       14698.962       3.9985000    -0.051500000      0.35675000       340.67900       2.1338012     0.014570522
576.99997       286.70488       98772.806       14701.096       3.3292500     -0.70300000     0.042500000       340.74700       1.7918949     0.025958212
581.99998       286.74229       98778.849       14750.533       3.4462500     -0.11000000    -0.039500000       340.51100       2.1464114     0.013392157
586.99999       286.76214       98783.078       14783.345       3.1545000   -0.0055000000      0.15050000       340.67800       2.1520351     0.010011000
591.99997       286.79896       98782.045       14860.431       2.0502500     0.012500000      0.48500000       340.94100       2.1341489     0.010875655
596.99998       286.81228       98787.324       14902.156       1.9210000       1.1235000     0.030500000       340.81500       2.0256216     0.011803726
601.99999       286.78919       98798.737       14906.532       3.6785000       1.0387500     -0.26650000       340.70300       2.1377503     0.012625142
606.99997       286.80575       98804.219       14949.898       3.7895000       1.1055000     -0.30300000       340.75700       2.0471901     0.010486795
611.99998       286.84320       98809.026       15015.432       2.7192500     -0.37200000      0.43650000       340.85400       2.1054187    0.0095978141
616.99999       286.86331       98813.364       15064.227       3.7157500     -0.55425000      0.13225000       340.66300       2.0840084    0.0099664941
621.99997       286.89968       98815.504       15131.796       1.9082500      0.58500000      0.29025000       340.91500       2.0844100     0.010631298
626.99998       286.91321       98815.840       15167.630       2.5515000      0.53275000      0.42650000       340.96800       2.0910238    0.0090148668
631.99999       286.88859       98816.226       15172.478       3.3170000       1.4447500     0.013000000       340.56700       2.1236303     0.011499506
636.99996       286.90455       98815.693       15192.958       2.3157500     -0.34100000      0.71450000       340.87600       2.3312016     0.026470735
641.99998       286.95292       98809.205       15218.411       2.4972500     -0.35925000     0.072750000       340.80200       2.0427910     0.010832715
646.99999       286.95650       98809.474       15219.674       1.4220000     -0.11550000    -0.096750010       340.92100       2.0943364    0.0091739749
651.99996       286.96790       98814.559       15225.514       2.5830000     -0.19225000     -0.37375000       340.86000       1.9768378     0.015804635
656.99998       286.94549       98816.617       15197.036       2.9125000     -0.97500000     -0.38325000       340.74200       2.1029832     0.014034840
662.99998       286.86833       98821.454       15134.141       2.7255000      0.54150000     -0.32225000       340.78900       2.1394504     0.013951804
668.00000       286.79976       98820.638       15044.926       3.5512500      -1.5270000     -0.15600000       340.65600       2.0927432     0.014834106
672.99997       286.69627       98815.466       14899.981       4.0575000     -0.62975000     -0.32825000       340.61500       2.7765056     0.011085296
677.99998       286.66416       98813.404       14827.872       3.5937500      -1.5225000    -0.084500010       340.69700       4.2211182     0.042751739
683.00000       286.64840       98811.849       14749.799       3.4565000      0.23325000      0.84300010       340.68900       4.2567779     0.012087660
687.99997       286.62750       98806.922       14693.864       4.5765000     -0.94875000     -0.30700000       340.60400       5.8857185     0.014570848
692.99998       286.65713       98801.109       14689.387       4.9180000     -0.23325000     -0.26800000       340.55100       3.0292260     0.011365060
698.00000       286.64865       98797.126       14664.334       3.7392500      0.60700010     -0.48600000       340.46800       3.2484274     0.015401600
702.99997       286.57902       98790.300       14598.081       3.7522500      0.72750000     -0.11425000       340.59700       2.6150679     0.014266436
707.99998       286.60513       98786.119       14623.311       2.5525000     0.031250000      0.15850000       340.78000       2.8224625    0.0094506818
713.00000       286.68382       98785.799       14700.292       2.6170000     -0.23975000      0.31825000       340.90100       2.6234141     0.015361621
717.99997       286.74231       98783.843       14781.972       3.9122500     -0.61325000      0.13600000       340.71400       2.4886458    0.0097579973
722.99998       286.86042       98779.935       14924.853       2.2585000      0.83250000     -0.34050000       340.61700       3.2855104     0.014466911
727.99999       286.88433       98778.772       15015.602       2.2665000      0.53100000     -0.33475000       340.78400       2.2716007    0.0094078185
732.99997       286.84822       98780.329       15101.507       3.4817500     -0.23800000   -0.0010000000       340.45100       2.0035943     0.019720064
737.99998       286.85810       98780.376       15170.365       4.4490000      -1.2325000     0.055750000       340.55500       2.0934098    0.0096284814
742.99999       286.83490       98779.538       15223.707       3.5057500     -0.17400000     0.028250000       340.46800       2.0627637     0.016328047
747.99997       286.86250       98781.497       15261.960       2.8420000     -0.46300000     0.074000000       340.51800       5.3132048     0.017950098
753.99997       286.97634       98785.942       15308.422       1.9802500     -0.45150000     0.018250000       340.66800       5.5967678     0.015171739
758.99999       286.89472       98781.113       15245.024       1.8485000      0.42100000      0.42875000       340.81400       2.8890559     0.010763404
764.00000       286.85615       98783.762       15175.120       2.4417500     0.096000000      0.24600000       340.83900       2.2236342     0.014310868
768.99997       286.80524       98788.869       15074.720       2.7685000     -0.55050000     0.034000000       340.75600       2.2416651     0.022747805
773.99999       286.67434       98794.478       14896.310       2.2372500      0.66175000      0.15250000       340.78200       2.3892965     0.012613760
779.00000       286.67022       98799.692       14827.486       2.3545000      0.31200000      0.44650000       341.00100       2.0392156     0.010751869
783.99997       286.75028       98811.571       14783.429       2.6022500      0.84425000     -0.13175000       340.63000       2.0617256     0.011121674
788.99999       286.79982       98814.706       14797.541       4.3512500      0.24600000     0.075750000       340.70200       2.0070397     0.013494352
794.00000       286.81256       98815.842       14789.741       3.5727500      0.89025000      0.13600000       340.75400       2.0904487     0.010811137
798.99997       286.75460       98815.966       14737.305       1.5765000       1.6000000     0.017000000       340.90700       2.1355150     0.011482426
803.99998       286.74347       98816.154       14741.309       4.0582500       1.8322500      0.24300000       340.69000       2.0928467     0.010490969
809.00000       286.76007       98810.185       14794.519       3.3197500       1.3940000      0.21650000       340.77500       2.1129225     0.011462878
813.99997       286.75024       98808.904       14824.514       3.3105000      0.71225010      0.59400000       340.93500       2.0499461     0.012782003
818.99998       286.74040       98810.080       14862.073       3.5997500      0.42300000     0.082750010       340.77700       1.9882315     0.010472230
824.00000       286.75030       98817.280       14939.300       3.7040000       1.1377500      0.52100000       340.51500       2.1019555     0.013355825
828.99997       286.76014       98812.845       14977.668       3.3960000     -0.73675000     -0.37675000       340.46800       2.0942330     0.010750591
833.99998       286.74423       98804.665       14986.534       3.1757500    -0.085250010     -0.50725000       340.68800       2.2211304     0.011280560
839.00000       286.79962       98799.423       15022.823       2.7982500      -1.3645000     -0.30875000       340.61600       3.4121755     0.013688779
844.99996       286.81212       98798.165       15019.716       3.9715000      -1.3510000    -0.059000000       340.57800       4.8085701     0.013580203
849.99998       286.73774       98816.058       14930.445       2.7035000      -1.0555000     -0.42150000       340.60000       7.1887414     0.022823878
854.99999       286.74038       98818.381       14912.972       2.8700000     -0.63600000      0.16350000       340.61400       6.7380438     0.014005492
860.00000       286.77630       98810.896       14924.169       2.3785000     -0.53300010     -0.18675000       340.64100       5.4262812     0.014046814
864.99998       286.79779       98805.620       14921.522       2.0900000    -0.012750000      0.35125000       340.83600       3.4099759     0.018043455
869.99999       286.86594       98792.707       14949.171       2.9050000     -0.26525000     -0.14075000       340.73400       2.9595194     0.013892631
875.00000       286.91505       98782.739       14978.873       3.1590000     -0.45075000      0.15125000       340.86600       2.7122619     0.013982526
879.99997       286.94869       98771.517       15003.194       3.2097500     -0.27375000     0.020750000       340.89100       3.7043502     0.014963316
884.99999       286.95773       98767.831       15010.364       4.2155000      0.88375000      0.23800000       340.72600       5.7002483     0.014575477
890.00000       286.94220       98767.630       15013.128       3.8312500      0.19925000      0.26225000       340.86000       2.8666900     0.010996553
894.99997       286.95215       98769.050       15036.070       3.8480000    -0.064000000      0.33300000       340.78700       3.3134932     0.014751355
899.99999       286.92960       98781.878       15017.802       3.4912500     -0.43100000     -0.49500000       340.78500       5.1641143     0.016356264
905.00000       286.94185       98787.646       15054.504       2.5815000       1.4222500      0.16225000       340.86200       5.5520602     0.013588309
909.99997       287.05339       98790.744       15213.979       3.4825000       2.0002500     -0.24625000       340.43800       5.0568665     0.013692021
914.99999       287.06973       98791.443       15261.595       2.9845000       1.4295000     -0.36075000       340.66600       3.1814246     0.015359808
920.00000       287.00819       98782.631       15248.954       2.5447500       1.2690000      0.13325000       340.80000       2.2137870    0.0093679670
924.99997       286.99853       98784.002       15262.364       2.0867500   -0.0045000000    -0.073250000       340.93400       2.1595389     0.013037578
929.99998       286.93927       98790.162       15201.051       2.7367500       1.2385000     -0.89075010       340.83700       1.9652235     0.026157441
935.99999       286.93532       98796.741       15185.877       2.6495000     -0.12675000       1.1402500       340.94100       2.0578166     0.020305765
940.99997       287.03332       98814.095       15251.072       2.4305000      0.56800000      0.21075000       340.75500       2.1996912     0.012457364
945.99998       287.06926       98819.631       15268.294       2.7530000       1.3842500     0.015500000       340.54000       2.1511475    0.0096989251
950.99999       287.10903       98814.904       15284.661       2.8937500      0.20075000     -0.36325000       340.70400       2.0922059     0.010565631
955.99996       287.11133       98815.948       15268.145       2.5172500      0.31500000    -0.024500000       340.92000       2.0629196    0.0098088268
960.99998       287.03695       98814.658       15184.525       2.4602500      0.16375000      0.72350000       341.11000       2.0661390    0.0088534278
965.99999       287.04492       98815.077       15180.801       3.0730000      0.10975000    -0.082250010       340.81300       2.0526095     0.013088538
970.99996       287.08208       98819.800       15196.287       3.0735000       1.5480000     -0.47150000       340.51000       2.0361471     0.010687592
975.99998       287.10596       98821.438       15215.725       2.7955000      0.36575000      0.21500000       340.60800       2.1072619     0.012653759
980.99999       287.17789       98820.378       15296.363       2.2112500      0.42900000     -0.29575000       340.66600       2.1291086     0.012636979
986.00000       287.22380       98820.419       15348.959       3.6027500       1.3165000     -0.14325000       340.71400       2.0350390     0.014637426
990.99998       287.22451       98821.608       15359.057       3.1020000      0.54250000     -0.12750000       340.58400       2.0455566     0.010593264
995.99999       287.25764       98820.278       15412.995       1.9597500       1.3095000      0.54525000       340.81200       2.0058383     0.011780359
1001.0000       287.31837       98816.816       15485.869       2.9200000       1.7315000     0.088750000       340.60000       1.8366230     0.029633611
1006.0000       287.36825       98814.897       15580.263       2.4697500      0.48750000      0.14275000       340.76500       2.0656264     0.012847974
1011.0000       287.44547       98810.958       15738.715       2.0627500      0.40400000     0.028000000       340.97700       2.1678533     0.012869426
1016.0000       287.46838       98809.371       15827.382       2.3580000       1.1822500     -0.26375000       340.86700       2.0979474     0.012172806
1021.0000       287.44344       98812.820       15908.400       2.1347500       1.0397500      0.16175000       340.73000       2.1024909     0.012729826
1027.0000       287.45539       98809.248       15969.261       2.0345000      0.24650000      0.51650000       340.95100       2.0790670     0.016208294
1032.0000       287.46535       98803.009       15964.734       2.1842500       1.1980000      0.12175000       340.84100       2.0997970     0.013416719
1037.0000       287.43951       98797.429       15957.759       3.1397500    -0.047500000     -0.33600000       340.91300       2.0513303     0.010473877
1042.0000       287.44020       98785.125       15970.470       2.4900000       1.2862500     -0.25150000       341.08000       2.1170734     0.012453761
1047.0000       287.38039       98782.070       15899.934       3.6705000       1.8860000    -0.058500000       340.68700       2.8660252     0.013762311
1052.0000       287.21804       98787.830       15758.349       2.7617500       1.4817500     -0.21750000       340.71800       3.8282897     0.011559806
1057.0000       287.15027       98783.493       15640.807       3.1925000      0.38550000    -0.098000000       340.71000       2.4285153     0.014769591
1062.0000       287.10073       98775.024       15464.451       2.5175000     -0.46425000     -0.14875000       341.01500       2.0912527     0.010468856
1067.0000       287.07297       98773.601       15349.484       2.3240000      0.67950000    -0.031000000       340.94400       2.0129576     0.014986345
1072.0000       287.13264       98768.750       15277.992       2.6400000      0.60875000      0.19675000       340.90500       2.1410166     0.010526634
1077.0000       287.08359       98768.587       15178.302       3.7512500      0.52675000    -0.031750000       340.79100       2.1838513     0.011720564
1082.0000       286.97438       98780.130       15068.759       4.0017500      0.54725000     -0.57875000       340.71300       2.1278714     0.012715458
1087.0000       286.91489       98782.856       14999.388       2.7172500      0.16500000      0.14475000       340.81200       2.0818699    0.0099403720
1092.0000       286.79091       98780.353       14914.851       2.3145000      0.41075000     0.085750010       340.89000       2.0884989     0.013013239
1097.0000       286.76644       98780.396       14896.372       3.7247500     -0.14500000     -0.23950000       341.00700       2.1664767     0.011823615
1102.0000       286.84226       98780.290       14954.835       4.7382500     -0.80275010     -0.22300000       340.67900       1.9712142     0.014303733
1107.0000       286.86257       98780.333       14975.293       4.1597500       1.0747500     -0.12675000       340.68800       2.0314912     0.011812190
1113.0000       286.90339       98779.384       15023.239       3.5760000      0.82000010     0.012250000       340.65400       5.8466008     0.017082013
1118.0000       286.91487       98781.264       15040.663       2.8857500     0.038750000     -0.48650000       340.74600       4.7319651     0.014765200
1123.0000       286.89138       98783.110       15021.706       3.7107500      0.23525000     -0.18350000       340.77200       2.3867208     0.012585189
1128.0000       286.91019       98788.792       15059.853       3.0322500      0.35100000    -0.014000000       340.79900       1.9786209     0.014564479
1133.0000       286.93599       98799.637       15118.399       2.5390000       1.8327500     0.031250000       341.00200       2.0411921     0.010227959
1138.0000       286.97519       98804.767       15172.087       3.2857500      0.56325000     -0.16225000       341.03900       2.1103796     0.012159634
1143.0000       287.04868       98810.751       15264.509       2.3842500     -0.32350000     -0.13550000       341.07600       2.0813497     0.010958289
1148.0000       287.08000       98813.009       15308.068       2.6370000      0.90725000     0.064500000       340.99200       2.0935548     0.015362994
1153.0000       287.12099       98810.164       15341.312       3.0550000      0.76900010     -0.23550000       341.10000       2.0462900     0.012381394
1158.0000       287.09488       98810.151       15325.916       3.1532500      0.67475000     -0.28100000       340.61000       2.1039626     0.014195453
1163.0000       286.99049       98810.386       15261.766       2.4735000      0.62300000      0.19125000       341.07800       2.0458301     0.014155318
1168.0000       286.98837       98810.398       15239.031       3.0922500      0.80875000     0.023250000       340.69900       2.0222347     0.010671875
1173.0000       286.98609       98810.354       15195.174       3.1122500      0.13200000   -0.0030000000       340.57700       2.1336705     0.010090953
1178.0000       287.00331       98810.367       15162.065       2.8137500     -0.36550000      0.54600000       340.81000       2.0714933     0.013527404
1183.0000       287.10611       98809.338       15160.366       2.6842500    -0.060000000     0.099750000       341.07700       2.1968115     0.013596556
1188.0000       287.12844       98811.212       15134.009       2.2760000      0.62100010     -0.44475000       340.97600       2.0929319     0.014438975
1193.0000       287.09129       98815.753       15055.463       3.3347500       1.6692500      -1.2762500       340.57600       2.0332365     0.018832661
1198.0000       287.11015       98815.868       15072.993       3.5375000       1.0052500    -0.091250000       340.98500       2.0925625     0.010230836
1204.0000       287.15095       98815.223       15155.075       3.6295000       1.9895000    -0.079250000       340.78500       1.9682812     0.011257760
1209.0000       287.18505       98814.892       15218.118       3.3235000       1.1847500     -0.91325000       340.80300       2.0237225     0.017715037
1214.0000       287.20597       98814.812       15278.560       3.1857500       1.0457500     0.097000000       340.84600       2.0000273     0.011105024
1219.0000       287.21455       98815.968       15330.594       1.8185000       1.7157500      0.10100000       340.92600       2.0758438     0.012187141
1224.0000       287.19314       98820.805       15346.025       4.1720000       1.6135000     -0.32375000       340.51500       2.1237591    0.0098374711
1229.0000       287.21457       98821.634       15415.650       3.1545000       1.0047500    -0.047250000       340.74800       1.9177495     0.019038732
1234.0000       287.24997       98820.483       15526.259       2.6285000    -0.099750000     -0.15600000       340.58700       2.0465547     0.012018746
1239.0000       287.31476       98821.787       15607.814       2.2247500      0.13000000      0.53825000       340.86600       2.1472454     0.014353384
1244.0000       287.31894       98820.898       15626.953       3.4767500       1.4975000      0.59125000       340.97500       2.0275710     0.011420802
1249.0000       287.23928       98817.089       15546.932       4.0532500      0.96200010     -0.49000000       340.54200       2.0542456     0.011022409
1254.0000       287.19960       98815.038       15495.780       2.9897500      0.26525000      0.87025000       340.86000       1.9957017     0.013373333
1259.0000       287.12970       98814.772       15430.575       3.4615000      0.12150000     -0.25500000       340.61700       2.0479710     0.012041710
1264.0000       287.08726       98810.891       15351.531       3.0722500    -0.017500000     -0.21350000       340.68300       2.0558617     0.010775283
1269.0000       287.06941       98805.775       15269.197       2.8055000      0.15725000     -0.48775000       340.71500       2.0745056    0.0091410891
1274.0000       287.10038       98800.371       15196.152       3.9135000      0.73225000     -0.39950000       340.47400       1.9798415     0.016211351
1279.0000       287.10050       98796.274       15124.750       2.4137500      0.27600000      0.37825000       340.87200       2.4336554     0.011977661
1284.0000       287.10581       98789.044       15026.252       3.1895000     -0.28925000    -0.084000010       340.70700       2.5376431     0.012723439
1289.0000       287.08426       98790.216       14980.390       3.3275000     -0.35150000     -0.43900000       340.60800       2.9746041     0.011380001
1295.0000       287.04819       98790.188       14958.082       3.0147500     -0.49475000      0.10775000       340.79800       6.1158313     0.019035490
1300.0000       286.98947       98790.336       14990.775       3.0587500       1.1147500     -0.85525010       340.60300       3.6602459     0.012919090
1305.0000       286.93967       98790.319       14988.491       2.5247500      -1.1622500      0.43650000       340.99900       6.3044848     0.014095628
1310.0000       286.86163       98791.792       14985.564       3.8182500      -1.0087500     -0.13100000       340.60800       2.6952170     0.011882740
1315.0000       286.83444       98790.642       14989.937       4.2102500      -1.5940000     -0.32825000       340.79500       6.4361758     0.018880266
1320.0000       286.84409       98786.925       14980.735       3.1687500      -1.6585000     -0.40925000       340.80500       4.8963546     0.013246439
1325.0000       286.84542       98784.986       14968.145       3.8535000     -0.75725000    -0.066500000       340.32900       2.6471663     0.024368027
1330.0000       286.87684       98781.291       14976.774       3.5530000      -2.0002500     -0.26275000       340.50200       5.8198777     0.039140116
1335.0000       286.90704       98779.400       14967.918       3.1412500     -0.86600010     -0.13200000       340.60300       5.4789435     0.015858488
1340.0000       286.92027       98778.761       14911.933       3.0332500     -0.57950000      0.30875000       340.73900       3.2813027     0.022844203
1345.0000       286.95138       98779.848       14897.158       4.0760000      -1.1872500    -0.064000000       340.42600       4.0427534     0.016046171
1350.0000       287.02445       98785.094       14889.591       3.1302500     -0.71650000     0.085500000       340.54700       4.8696299     0.015864887
1355.0000       287.06317       98785.944       14907.810       3.7480000     -0.69700000    0.0052500000       340.70700       5.1343901     0.019437145
1360.0000       287.10495       98786.015       14976.297       2.9592500     -0.67350010    -0.056250000       340.65200       7.4931229     0.052397386
1365.0000       287.11235       98785.904       15020.951       2.8100000      0.45400000     -0.24225000       340.45500       5.5611660     0.014072411
1370.0000       287.05214       98781.398       15080.792       2.6442500     -0.67875000     0.061000000       340.80200       3.8994405     0.018615500
1375.0000       287.04350       98779.555       15118.105       1.7545000     -0.14575000    -0.050750000       340.98700       4.6380242     0.012586840
1380.0000       287.03053       98780.272       15128.626       2.0832500     -0.28825000      0.14625000       340.91200       4.4164269     0.014847464
1386.0000       287.04831       98780.226       15145.922       3.1157500     -0.99975000      0.11725000       340.63100       2.9136078     0.013466382
1391.0000       287.13339       98778.875       15148.061       3.4812500     -0.84950010     0.052250000       340.55500       4.1267035     0.015379122
1396.0000       287.16944       98780.196       15158.418       3.3425000     -0.18025000    -0.028500000       340.63000       5.0421555     0.012943826
1401.0000       287.19558       98783.984       15174.470       3.9815000     -0.51050000    -0.095000010       340.74600       6.4203973     0.016076811
1406.0000       287.21177       98785.962       15183.620       3.1320000     0.039250000     0.059250000       340.56200       7.9139742     0.015310056
1411.0000       287.20001       98789.640       15191.039       3.3485000     -0.74325000     0.012250000       340.70600       2.7363298     0.016523301
1416.0000       287.20006       98791.240       15198.631       3.1105000     -0.12250000     -0.15575000       340.41800       3.8204131     0.012935937
1421.0000       287.18720       98790.275       15184.213       2.7125000     -0.17550000     0.014000000       340.59300       11.965440     0.021070496
1426.0000       287.20092       98790.297       15205.883       2.0610000     -0.32300000      0.24400000       340.76200       5.7855215     0.013594170
1431.0000       287.25129       98787.622       15275.535       2.3232500    -0.083750000     -0.24300000       340.74800       3.9006241     0.011778494
1436.0000       287.25739       98790.326       15290.600       1.8832500     -0.41075000    -0.089000000       340.73200       3.5567698     0.013835772
1441.0000       287.25733       98800.256       15290.667       1.4487500     -0.89075010      0.35800000       341.05500       2.9684859     0.012755520
1446.0000       287.25390       98801.443       15301.566       2.5440000     -0.33925000     0.096500000       340.70800       3.2365364     0.013258585
1451.0000       287.17805       98799.179       15264.394       3.2892500     -0.63275000      0.13125000       340.65500       3.9385584     0.014606930
1456.0000       287.18959       98801.190       15270.573       3.1325000      -1.0127500     0.012250000       340.80000       2.9513352     0.014433975
1461.0000       287.25090       98799.083       15324.583       2.3532500     -0.50375000      0.70725010       341.00900       2.2113517     0.011648308
1466.0000       287.31910       98799.875       15358.790       2.7932500      0.66150000     -0.66275000       340.78500       2.3218735     0.010426859
1471.0000       287.50655       98807.930       15400.928       3.8110000       1.1502500     0.065500010       340.85700       2.8007283     0.013539996
1477.0000       287.53802       98813.333       15425.642       3.6077500       1.0635000     -0.28525000       340.85300       2.9488580     0.018383666
1482.0000       287.46113       98814.516       15425.749       1.7287500      0.88650010      0.16250000       341.28000       2.2754812     0.014353166
1487.0000       287.44495       98816.516       15445.080       3.9385000      0.76225010    -0.017750000       340.78100       2.0874861     0.013629153
1492.0000       287.35504       98821.445       15468.282       4.1550000       2.8322500     -0.53150000       340.78500       2.0041817     0.012402332
1497.0000       287.31815       98821.156       15471.861       1.4400000       1.4235000      0.43700000       341.09600       2.0772239     0.013019541
1502.0000       287.35692       98816.008       15497.951       2.8510000       1.3442500      0.38075000       341.10500       2.1127315     0.013272638
1507.0000       287.35070       98813.977       15471.390       6.2340000       1.3435000      0.65375000       341.02900       1.9152415     0.013580415
1512.0000       287.28950       98809.092       15394.343       4.7192500       2.9310000    -0.074500000       340.39700       2.0927954     0.012905528
1517.0000       287.29201       98809.285       15333.015       3.0712500      0.78275000      0.18450000       341.21500       1.8461047     0.020668199
1522.0000       287.33098       98815.723       15219.770       4.1425000     -0.33775000      0.20525000       340.95600       1.9557475     0.013939829
1527.0000       287.36692       98816.118       15193.648       3.3032500     -0.17525000    -0.038750000       340.80500       1.9583112     0.015682604
1532.0000       287.46315       98815.805       15224.606       3.4510000     -0.12075000     0.024250000       340.65300       1.9292206     0.015369269
1537.0000       287.46452       98815.110       15213.699       3.0635000      -1.0072500     -0.13825000       341.08300       2.4630975     0.016292281
1542.0000       287.39310       98809.130       15237.276       2.3882500    -0.041750000      0.21875000       340.85000       2.3078383     0.012023923
1547.0000       287.39898       98809.383       15237.014       2.6372500      0.19525000      0.36025000       341.13500       2.9013778     0.014495093
1552.0000       287.36443       98814.559       15155.007       3.3052500     -0.46425000     0.037500000       340.80900       2.3461589     0.014727561
1557.0000       287.40949       98816.617       15194.097       2.7880000     -0.70475010      0.26750000       340.94400       2.0624261     0.014038215
1562.0000       287.58419       98820.212       15301.423       3.5057500      0.83800010     0.033000000       341.03900       2.0984487     0.011316914
1568.0000       287.66282       98821.735       15436.374       3.4330000      -1.0170000     -0.23650000       340.61700       2.0519909    0.0097947936
1573.0000       287.73272       98821.212       15654.547       2.7362500     -0.45200000     -0.44250000       341.09500       2.5157191     0.015393028
1578.0000       287.69915       98819.389       15722.221       2.7367500      -1.3057500     -0.40325000       341.03800       6.2946982     0.015054701
1583.0000       287.56461       98816.036       15750.268       2.7020000     -0.34125000    0.0082500000       340.72400       3.7972115     0.015530375
1588.0000       287.50412       98814.106       15733.445       3.0752500      -1.0835000     -0.57750000       340.27200       8.9441312     0.022720256
1593.0000       287.39217       98809.045       15625.882       3.1910000     -0.47975000     -0.67525010       340.66800       4.0304929     0.021183265
1598.0000       287.35833       98809.783       15546.682       3.0750000     -0.77175000      0.40425000       341.15500       3.2838693     0.012119568
1603.0000       287.40037       98814.813       15460.513       3.6632500      -1.0842500     -0.27950000       340.42700       5.1498294     0.019165976
1608.0000       287.40067       98816.782       15355.470       3.5292500     -0.69625000     -0.27250000       340.40200       4.9282405     0.018887637
1613.0000       287.40002       98820.761       15212.733       2.4445000     -0.74425010     -0.16825000       341.08800       6.1014483     0.020986903
1618.0000       287.40002       98821.951       15109.211       3.0920000    -0.071000000     -0.33200000       340.90800       5.4962999     0.018759300
1623.0000       287.39098       98820.337       14986.420       1.9387500      0.12425000      0.32875000       341.24900       4.4464564     0.015096657
1628.0000       287.40940       98820.337       14939.366       2.3057500      0.26350000    -0.088250000       341.21400       5.3334407     0.014597235
1633.0000       287.42634       98820.454       14932.772       2.4025000      0.10475000      0.37700000       341.15800       3.8250744     0.016395647
1638.0000       287.48447       98820.501       14946.625       2.1107500       1.0820000      0.18475000       341.34700       2.5011345     0.013792026
1643.0000       287.59438       98820.281       15009.865       1.9145000      0.17000000      0.49225000       341.66800       2.1115818     0.012854524
1648.0000       287.64595       98820.314       15071.791       2.3797500     -0.67150000     -0.17625000       341.74000       2.3657471     0.014418849
1653.0000       287.70630       98820.110       15130.083       3.0895000     -0.58300000     -0.90500000       341.47500       2.0309811     0.014842885
1659.0000       287.70025       98820.366       15355.176       3.3350000      0.18250000      0.28950000       341.84100       5.1786746     0.020143595
1664.0000       287.70039       98820.401       15482.129       3.6242500      0.75125000      0.33075000       341.02700       3.1878371     0.020759953
1669.0000       287.70058       98820.450       15592.151       3.4950000      0.13225000      0.29675000       341.45800       2.0585528     0.014068067
1674.0000       287.71263       98820.254       15749.829       3.7805000      -1.3152500     -0.74450000       341.20700       3.8411646     0.017019276
1679.0000       287.66935       98820.294       15736.065       2.3560000     -0.85425000      0.63050000       341.45800       4.3925902     0.021310479
1684.0000       287.59972       98820.472       15605.912       2.4000000      0.65225010      0.13450000       341.97400       3.4851250     0.016278412
1689.0000       287.51466       98820.274       15474.843       3.0535000       1.1305000      0.21475000       341.18500       2.6510330     0.014286036
1694.0000       287.48023       98820.274       15378.476       2.3592500      0.37775000      0.86725000       341.02800       2.9282680     0.015669595
1699.0000       287.51555       98820.366       15313.618       4.2587500      -1.4865000      0.37675000       341.48300       1.9529044     0.015430671
1704.0000       287.54424       98820.401       15256.145       3.9960000     -0.24625000     0.028250000       341.42100       1.9909723     0.013398985
1709.0000       287.63021       98820.337       15194.253       2.8137500      0.19600000      0.28300000       341.39700       2.0601106     0.013477496
1714.0000       287.66258       98820.337       15161.847       2.4115000     -0.83775000     0.053000000       341.76400       2.0063986     0.013656497
1719.0000       287.67036       98820.337       15151.515       3.1387500     -0.26025000     -0.38000000       341.20700       3.3865841     0.014019451
1724.0000       287.65750       98820.462       15166.861       3.3495000     -0.70225000      0.19700000       340.94900       7.2220685     0.020000715
1729.0000       287.64601       98820.512       15180.836       4.4087500     -0.52025000     -0.26475000       340.64100       4.5411402     0.023231745
1734.0000       287.58277       98820.285       15211.204       3.3832500     -0.64375000      0.23675000       341.14000       4.5054664     0.016272096
1739.0000       287.70575       98820.158       15299.302       3.8195000      0.30350000     -0.35350000       341.11600       5.1347941     0.024703781
1745.0000       287.71925       98820.087       15333.243       3.5970000     -0.47425000      0.37650000       341.50900       4.2809120     0.018898840
1750.0000       287.66424       98820.371       15321.657      0.92675010      -2.2367500      0.22950000       341.44900       2.4278594     0.019770979
1755.0000       287.65307       98820.410       15342.063       4.2517500      -1.2767500     -0.30150000       340.73800       6.2832168     0.021808953
1760.0000       287.56197       98820.175       15338.564       3.6782500      -1.1225000     -0.19050000       341.49000       8.1046971     0.023093097
1765.0000       287.52617       98820.115       15333.337       4.1342500      -2.2065000     -0.53900000       340.91900       9.2925506     0.023693997
1770.0000       287.61755       98821.642       15382.436       2.5512500      0.16300000     0.077000010       341.43500       3.5893800     0.019386946
1775.0000       287.61332       98820.507       15382.820       4.0622500      -1.8347500     -0.13500000       341.47000       3.3293683     0.016544870
1780.0000       287.53068       98815.419       15329.972       3.1015000     -0.98600010      0.24225000       341.83600       3.0183041     0.015687139
1785.0000       287.49043       98814.529       15282.151       4.6255000      -2.0217500     -0.32625000       340.45800       5.3831306     0.018657131
1790.0000       287.39068       98814.773       15212.852       4.1422500      -1.3200000     0.038000000       340.47900       5.4047274     0.020662454
1795.0000       287.37641       98814.950       15159.895       4.5642500      -1.3405000     -0.20525000       340.84600       5.6833932     0.019507273
1800.0000       287.48222       98819.427       15118.283       4.0632500     -0.91225000    -0.049750000       340.55100       4.7338280     0.027892766
1805.0000       287.51073       98821.361       15057.218       3.4770000      -1.8095000     0.072500010       341.25700       3.6759697     0.020974741
1810.0000       287.54758       98820.175       14972.899       2.8992500      0.25275000     -0.11725000       341.16900       2.4863269     0.016236478
1815.0000       287.56504       98820.116       14923.704       2.3630000     -0.22800000    -0.071500000       341.07500       5.4118285     0.023600477
1820.0000       287.51004       98820.241       14857.342       3.4367500     -0.20775000      0.44800000       340.97200       2.7689450     0.015338528
1825.0000       287.49092       98820.203       14835.625       3.5910000     -0.31425000      0.39125000       341.05400       7.4827081     0.020719876
1830.0000       287.47159       98820.177       14833.259       3.5387500     -0.14750000     -0.57775000       340.93100       5.1263056     0.017745895
1836.0000       287.50121       98820.106       14916.636       2.8375000      0.56850000    -0.044250000       341.19400       3.2197997     0.025875078
1841.0000       287.58881       98820.295       15095.545       4.4990000     -0.13000000    -0.064000000       340.92900       3.4130404     0.013720341
1846.0000       287.61467       98820.254       15190.030       4.2797500      0.91950010       1.1135000       340.99700       5.9615764     0.023331640
1851.0000       287.63964       98820.163       15338.316       4.4270000       1.6350000      0.58325000       340.96800       5.0525074     0.022548311
1856.0000       287.66566       98820.104       15399.309       4.8735000     -0.14475000     -0.56925000       340.81700       2.3539331     0.019643427
1861.0000       287.61790       98820.234       15330.240       4.0057500     -0.43500000     -0.39850000       340.68900       2.0329997     0.022770340
1866.0000       287.64948       98820.193       15334.504       6.2665000     -0.11300000      0.57725000       340.96000       1.9269059     0.019031366
1871.0000       287.74707       98820.165       15339.977       5.7882500      0.10350000     -0.18325000       340.90000       3.8763447     0.026133273
1876.0000       287.83100       98820.105       15360.553       4.9310000      0.36425000     -0.47900000       340.36300       4.1447052     0.020205759
1881.0000       287.99281       98820.295       15433.839       3.9367500      0.52350000    -0.047500000       341.11300       2.2142081     0.016146532
1886.0000       288.03693       98820.254       15451.157       4.2310000      0.44200000     -0.50025000       340.39000       2.4816932     0.020535746
1891.0000       287.96179       98820.378       15421.573       3.1587500      0.22725000      0.30700000       341.01800       6.5529540     0.028076474
1896.0000       288.00870       98820.419       15440.044       3.4835000     -0.86525010     -0.52275000       340.66400       2.6569892     0.017204917
1901.0000       288.11223       98825.776       15439.213       2.5080000     -0.17050000      0.10475000       341.22200       3.7548661     0.024695593
1906.0000       288.10457       98820.233       15478.835       4.8995000      0.17250000     -0.74900000       340.38100       2.8167271     0.013236045
1911.0000       288.15170       98801.059       15629.669       2.5732500     -0.16450000      0.74500010       341.56600       2.6955613     0.015129947
1916.0000       288.10944       98797.079       15656.700       4.3220000     -0.72825000     -0.26675000       340.46700       2.6991525     0.015053906
1921.0000       287.84263       98793.690       15627.459       3.0015000   -0.0082500000      0.70650010       341.05700       4.1025509     0.025230817
1927.0000       287.72169       98793.631       15583.625       7.0860000      -1.4060000     -0.87325010       340.86100       3.8844667     0.014077322
1932.0000       287.69019       98813.415       15466.984       5.2812500      -1.6890000   -0.0020000000       340.85300       6.6324140     0.038753343
1937.0000       287.67899       98812.659       15393.469       4.2947500      0.83325000     -0.30900000       341.49900       2.7968086     0.013230910
1942.0000       287.74165       98796.923       15336.066       5.0457500      0.23550000     -0.77150010       340.99500       1.9037288     0.014835135
1947.0000       287.76201       98792.590       15276.394       5.7290000      0.13325000     0.033250000       340.58500       3.6414735     0.015769094
1952.0000       287.79931       98785.969       15199.827       5.2725000       1.1332500     -0.61600010       340.56800       3.7748500     0.026442498
1957.0000       287.81329       98782.203       15157.925       4.5065000      0.67350010      0.59550010       340.92600       2.2681934     0.016373288
1962.0000       287.78932       98784.826       15120.198       4.9220000       1.5047500     -0.11325000       340.61700       2.1127347     0.015967619
1967.0000       287.80564       98785.817       15131.935       4.1642500       1.6020000      0.47325000       341.07200       2.0781417     0.022410576
1972.0000       287.84213       98785.623       15193.681       3.9957500      0.54225000     0.089500000       341.40500       1.9976979     0.015176085
1977.0000       287.86192       98784.615       15233.551       4.6990000       1.0812500     -0.37550000       340.83300       1.8686320     0.017758415
1982.0000       287.89895       98786.085       15298.139       4.4777500      0.15825000      0.31850000       340.89600       1.8466423     0.017424243
1987.0000       287.91261       98785.449       15360.085       3.4322500       3.0345000      0.37575000       341.15000       1.7593232     0.015301713
1992.0000       287.90020       98780.394       15416.513       2.7325000      0.51675000     0.060250000       341.15500       1.8412102     0.018673264
1997.0000       287.90015       98779.011       15467.720       3.9375000       1.3792500     -0.32575000       340.77500       1.8389666     0.020456786
2002.0000       287.91141       98780.384       15561.508       2.5825000      0.40850000      0.15300000       341.31900       1.9667492     0.015525127
2007.0000       287.89539       98780.427       15574.387       3.2390000      0.63725000     -0.40425000       340.95300       1.8231459     0.012916505
2012.0000       287.88001       98780.259       15541.169       2.8075000     -0.54925000    0.0022500000       341.09900       1.9793470     0.015216165
2018.0000       287.81433       98780.206       15477.635       2.2047500     -0.82600000     -0.41300000       340.93100       2.1349391     0.015045269
2023.0000       287.72265       98780.274       15383.312       2.2370000      -1.4727500      0.11600000       341.19800       4.0598435     0.015055568
2028.0000       287.63451       98780.274       15268.564       3.1662500      -1.0387500     -0.38675000       340.87100       4.3311908     0.015610733
2033.0000       287.48434       98779.158       15105.389       3.6517500    -0.075500000     -0.20025000       340.60200       6.0433537     0.016378787
2038.0000       287.45968       98781.016       15006.442       3.8327500      0.21250000      0.17775000       340.71700       3.1504652     0.014832273
2043.0000       287.48702       98780.759       14893.189       3.2392500      -2.2085000     -0.23125000       340.97100       4.8640961     0.016700962
2048.0000       287.50470       98792.350       14829.065       2.8295000      -2.5275000     -0.56200000       341.21400       4.8784493     0.015633996
2053.0000       287.61558       98816.658       14827.204       3.9820000      -1.3410000     -0.21750000       341.02500       5.0503602     0.016173749
2058.0000       287.61943       98822.196       14796.844       3.8045000      -1.4835000     -0.38850000       341.18900       4.8739412     0.022473642
2063.0000       287.55351       98829.954       14757.326       4.0332500      -2.3555000    -0.014750000       340.90600       4.2276408     0.017175204
2068.0000       287.53342       98825.856       14753.833       2.7220000     -0.88600000      0.37625000       341.34800       5.5931284     0.017115762
2073.0000       287.48792       98800.013       14755.972       3.7182500      -3.5262500     0.021000000       340.97500       4.0803916     0.017018676
2078.0000       287.49494       98792.555       14805.235       4.4317500      -1.6522500     -0.64400010       340.70400       4.8904162     0.026613231
2083.0000       287.54500       98787.737       14904.333       4.3507500      -1.6235000     -0.47700000       340.50500       6.7041893     0.024571266
2088.0000       287.56518       98789.301       14978.404       3.1955000      -1.5127500     -0.22450000       340.88700       3.2933688     0.040841952
2093.0000       287.62051       98798.623       15110.495       3.0380000      -1.3635000     -0.26400000       340.87300       1.8667937     0.010602001
2098.0000       287.59442       98804.552       15121.530       3.9185000     -0.96500000      0.40500000       340.96700       3.8731169     0.015784948
2103.0000       287.50667       98815.756       15065.334       2.5425000     -0.95125000    -0.068750000       341.21100       4.5182695     0.013869595
2109.0000       287.42936       98818.826       14977.386       2.4632500     -0.27000000      0.42400000       341.55100       4.5503003     0.015806772
2114.0000       287.38726       98820.956       14918.200       2.3227500     -0.39400000     0.064500000       341.32200       2.8670398     0.013955007
2119.0000       287.36980       98821.865       14873.104       2.9430000     -0.93525000      0.27500000       340.96400       3.1763884     0.016378463
2124.0000       287.39350       98820.433       14862.177       3.4802500     -0.22600000     0.036750000       340.89600       4.0035451     0.015257813
2129.0000       287.41505       98820.531       14817.822       3.0165000      -1.5775000   -0.0047500000       341.08900       8.5305963     0.021023329
2134.0000       287.45616       98820.483       14762.039       3.6222500     -0.59500000     0.028250000       341.12600       5.0483312     0.015213358
2139.0000       287.43962       98820.157       14675.744       2.8115000      0.12975000      0.46775000       341.28400       3.1028188     0.025286741
2144.0000       287.44945       98820.098       14650.760       3.6317500      -1.5602500      0.45100000       341.15200       2.6339599     0.016726576
2149.0000       287.46006       98817.227       14693.015       4.4955000      -1.7847500    -0.033250000       340.55700       2.5271823     0.022045660
2154.0000       287.45011       98818.983       14707.688       3.5145000      -1.8152500     -0.23350000       340.67600       4.7735219     0.016563919
2159.0000       287.44022       98826.188       14740.041       3.2175000     -0.53200000     -0.44325000       340.93600       3.3448953     0.029440189
2164.0000       287.45029       98830.134       14786.262       3.7132500     -0.49675000     -0.46950000       340.42400       4.3388451     0.020170609
2169.0000       287.46036       98834.095       14832.535       2.9707500     -0.87025000     0.063000000       340.81000       4.5733141     0.020911482
2174.0000       287.43673       98841.426       14846.977       2.9905000     -0.75725000      0.35600000       341.00400       2.4817750     0.012868820
2179.0000       287.46997       98843.115       14918.569       4.8495000     0.055250000    -0.020750000       340.28300       2.9829486     0.024146964
2184.0000       287.56225       98841.384       15050.932       2.7480000     -0.50850000      0.42075000       340.74700       4.1252169     0.027079482
2189.0000       287.56939       98834.107       15098.978       4.4512500     -0.71975000      0.39875000       340.99000       3.9698702     0.017319844
2194.0000       287.56219       98830.014       15110.042       3.7620000      -1.3552500     -0.41350000       340.70400       3.4971367     0.015378308
2200.0000       287.46137       98822.221       15011.392       3.0615000      -1.1672500      0.42075000       340.84300       6.3606686     0.020596740
2205.0000       287.43412       98818.487       14962.966       2.0570000     -0.59500000      0.29900000       341.10900       4.1521325     0.016822330
2210.0000       287.41378       98820.433       14893.281       3.8425000      -1.0627500     0.041250000       340.87700       4.7465750     0.013740073
2215.0000       287.43812       98820.472       14864.993       3.7342500     -0.82150010      0.29300000       340.61600       6.6013478     0.018290509
2220.0000       287.57201       98821.705       14887.472       3.4237500      -1.4707500      0.14675000       340.84300       3.3109938     0.014999604
2225.0000       287.61961       98820.570       14890.613       4.7182500      -1.4740000      0.25300000       340.86500       7.0537717     0.019273923
2230.0000       287.67458       98816.665       14909.890       2.6630000     -0.28925000     -0.30175000       340.87600       3.8185511     0.013337263
2235.0000       287.67009       98814.586       14920.167       2.9475000     -0.88825010      0.30775000       341.04100       5.9215621     0.018568967
2240.0000       287.52682       98814.077       14909.852       3.2945000      -1.3577500     -0.18550000       340.61600       4.2168687     0.025340022
2245.0000       287.48012       98810.006       14913.376       3.1025000     -0.62175010      0.12700000       341.01700       4.8034429     0.014606078
2250.0000       287.45352       98803.573       14924.292       2.2590000      -1.4050000      0.35750000       341.07200       5.0545014     0.016012057
2255.0000       287.43591       98799.623       14935.961       2.9900000      -1.0237500   -0.0055000000       340.96400       5.2492519     0.017470878
2260.0000       287.49087       98793.741       14962.819       3.7335000     -0.44800000   -0.0095000010       340.88800       3.2342590     0.014439254
2265.0000       287.50983       98788.879       14974.368       3.2115000      -1.8502500      0.81775000       340.94300       5.1873143     0.016701831
2270.0000       287.48586       98786.905       14963.279       4.9157500      -1.8040000      0.13675000       340.39900       5.8338650     0.017969874
2275.0000       287.49702       98784.906       14977.602       3.8032500     -0.31975000     -0.47375000       340.80100       3.7637548     0.018539795
2280.0000       287.53452       98779.869       15010.983       3.5442500     -0.46225000      0.28725000       340.85000       2.5549337     0.014777589
2286.0000       287.55875       98779.236       15026.295       2.7485000     -0.55275010      0.17225000       340.84000       5.5005067     0.016522653
2291.0000       287.60780       98785.548       15062.892       2.9052500     -0.54075000     -0.22250000       341.15900       5.3630245     0.021907735
2296.0000       287.61007       98786.200       15058.215       2.4337500     -0.24625000      0.26825000       341.29000       6.2333132     0.016966398
2301.0000       287.56304       98784.977       14999.272       3.5800000      -1.7490000      0.50075000       341.31700       6.4441481     0.020200498
2306.0000       287.54299       98786.085       14973.875       3.8150000      0.46350000      0.26100000       341.17300       5.6749568     0.020476753
2311.0000       287.50516       98784.547       14945.086       4.7752500     -0.14375000    -0.051250000       340.58300       4.8452579     0.014841422
2316.0000       287.48872       98784.884       14924.165       3.9452500      -1.2490000      0.36925000       340.80400       7.1552827     0.022066937
2321.0000       287.50006       98789.761       14937.038       5.5725000      -2.0520000     -0.28400000       340.57700       5.4344000     0.014743245
2326.0000       287.50011       98791.380       14913.659       4.8690000     -0.95775000    -0.015750000       340.68000       8.7182114     0.023028056
2331.0000       287.50016       98790.345       14856.799       3.4940000      0.10075000     -0.39825000       340.69300       3.2610641     0.014523411
2336.0000       287.50032       98790.364       14827.819       3.0232500     -0.36250000     0.066250000       340.83700       3.9263573     0.022990074
2341.0000       287.48681       98787.599       14777.228       3.1707500      -1.2725000      0.12450000       340.71300       4.5993555     0.014985506
2346.0000       287.50015       98790.263       14768.134       3.5915000     -0.85425000      0.12300000       341.03900       6.6150233     0.019461040
2351.0000       287.51084       98797.957       14789.025       3.0112500   -0.0030000000     -0.15675000       340.85400       6.1278823     0.017285706
2356.0000       287.55889       98802.072       14826.977       2.6460000      0.56300000      0.28025000       341.29200       3.6942076     0.020475009
2361.0000       287.67039       98807.829       14900.177       2.3627500      0.59400000      0.17700000       341.12400       2.3101085     0.013144525
2366.0000       287.72706       98812.482       14961.923       2.0257500      0.77200000      0.21975000       341.19700       1.8535769     0.013112574
2371.0000       287.77691       98814.006       15011.687       2.4502500      0.81625000    -0.077250000       341.29000       1.9068975     0.013661196
2377.0000       287.83110       98816.374       15134.243       2.9407500      0.34125000      0.16975000       341.36100       1.8755898     0.012654381
2382.0000       287.84240       98820.362       15281.647       3.3082500      0.13675000    -0.051250000       340.93000       1.8234401     0.010658533
2387.0000       287.86231       98821.803       15384.105       3.5895000      0.44575000     -0.28250000       340.71200       1.8327006     0.023942245
2392.0000       287.89948       98818.079       15544.645       1.9990000      0.23350000       1.2245000       341.35600       1.7939955     0.012977972
2397.0000       287.91309       98821.390       15599.712       2.8802500    -0.069500010      0.15950000       341.27800       1.8426395     0.015074076
2402.0000       287.91083       98828.597       15574.893       2.9985000      0.59025000     -0.26025000       340.82000       1.9793654     0.011977581
2407.0000       287.89432       98832.567       15546.841       1.8402500     -0.56775000     -0.36875000       341.43400       1.9939919     0.012161649
2412.0000       287.84597       98842.333       15456.690       3.4155000      0.27375000     -0.16025000       340.63400       2.0726217     0.014546729
2417.0000       287.84217       98841.830       15407.355       2.3037500     -0.29675000     -0.45950000       341.03800       2.5879680     0.016195822
2422.0000       287.85417       98831.807       15368.534       1.9470000      0.26000000      0.44075000       341.25500       5.0685944     0.015616904
2427.0000       287.84433       98827.792       15298.402       2.0965000     -0.66225000      0.17750000       341.54600       4.4763535     0.016923078
2432.0000       287.86849       98820.560       15214.919       2.6425000     -0.64800000     -0.18825000       341.07400       2.8519363     0.015655553
2437.0000       287.84641       98817.878       15152.459       1.6445000      -1.0940000    -0.018250000       341.18700       4.7989089     0.015511838
2442.0000       287.75951       98821.510       15046.822       3.2230000     -0.74275000      0.39775000       341.39000       3.8143459     0.015720215
2447.0000       287.72574       98819.902       15013.835       3.0430000     -0.24375000      0.31200000       340.90400       5.7988578     0.019242175
2452.0000       287.69026       98816.265       15032.193       3.9387500       1.4305000     -0.46125000       340.83500       5.2001402     0.018030390
2457.0000       287.69265       98814.325       15058.109       2.7145000     -0.31325000      0.13700000       341.32600       8.6136822     0.024987797
2462.0000       287.75381       98812.537       15146.658       2.5302500     -0.24575000    -0.030250000       341.38500       5.1831867     0.022839399
2468.0000       287.75709       98806.842       15163.441       2.9192500     -0.47250000   -0.0065000000       341.44700       3.5729423     0.014655124
2473.0000       287.74836       98801.229       15148.091       3.6345000      0.56100000    -0.034000000       341.03200       3.2589057     0.017227789
2478.0000       287.75850       98797.318       15172.110       2.9545000      0.38675000      0.26025000       341.46400       6.5893591     0.032331767
2483.0000       287.74290       98790.636       15164.452       1.6272500      -1.3587500     0.044750000       341.50800       6.9910443     0.021917235
2488.0000       287.75234       98786.534       15199.776       4.6930000     -0.55775000     -0.15450000       340.73000       4.2819472     0.015673622
2493.0000       287.82839       98785.618       15328.222       4.6735000      -1.6075000   -0.0010000000       340.84700       3.3887342     0.022088005
2498.0000       287.78274       98783.603       15307.835       3.0017500      0.26250000      0.33575000       341.18300       6.2535756     0.031960938
2503.0000       287.65937       98779.031       15219.766       5.1952500     -0.11800000     -0.28725000       340.86300       4.0839901     0.017806525
2508.0000       287.59941       98779.788       15145.398       4.1052500      0.15550000    -0.074000000       341.06500       6.9548153     0.032842307
2513.0000       287.49079       98784.867       14998.590       4.6072500      -1.4435000     -0.40825000       340.58300       8.2692341     0.028106845
2518.0000       287.45751       98786.789       14908.689       3.1172500     -0.30525000    -0.064750000       341.23300       4.8762148     0.019236104
2523.0000       287.50022       98788.963       14849.951       3.2792500      -1.4937500     0.067750010       341.12600       4.5250617     0.018445622
2528.0000       287.50040       98793.879       14771.830       2.7825000     -0.84675000    0.0017500000       341.13900       4.7001532     0.018046785
2533.0000       287.48112       98799.311       14655.211       3.3480000      -1.0525000      0.15850000       341.06700       4.6017971     0.016771869
2538.0000       287.51901       98803.348       14637.863       3.7582500      0.42000000      0.18250000       341.17700       2.7392673     0.014089263
2543.0000       287.57413       98809.853       14641.357       4.8605000     -0.56175010     -0.26200000       340.86100       3.8793979     0.015240869
2548.0000       287.65172       98814.031       14713.769       2.6620000     -0.10350000     -0.35100000       340.98000       3.3345600     0.015014825
2553.0000       287.81774       98812.989       14897.318       3.6045000     -0.51650000    -0.055750000       340.92700       2.1101762     0.014589476
2559.0000       287.82469       98824.776       15063.755       2.8652500      0.31325000     -0.12050000       340.95500       2.3309463     0.015007624
2564.0000       287.81803       98830.782       15156.399       3.7427500      -1.0365000     -0.39375000       340.78900       2.4194524     0.014067077
2569.0000       287.77440       98835.552       15212.229       2.3852500      -1.0770000     -0.16125000       341.13700       2.2658024     0.012802324
2574.0000       287.63840       98842.935       15225.958       2.1127500     -0.81775000     -0.27800000       341.20300       2.2005768     0.012202914
2579.0000       287.60117       98840.317       15224.531       3.2367500     -0.16350000     -0.21800000       340.60400       2.2372220     0.016429736
2584.0000       287.59399       98830.375       15183.574       3.1810000      -1.3540000      0.31150000       340.66700       1.9061226     0.013196294
2589.0000       287.61498       98823.274       15195.833       3.7507500      -1.2540000      0.27325000       341.08500       2.1265754     0.017030107
2594.0000       287.60643       98818.986       15147.007       3.0085000      0.12475000     -0.85525010       340.66600       2.0733777     0.011989567
2599.0000       287.55499       98821.827       15032.661       4.0932500      0.43175000      0.42725000       340.67200       1.9506952     0.010938624
2604.0000       287.54410       98820.985       14955.692       4.3617500     -0.94225010     -0.44700000       340.50500       1.8713232     0.013794427
2609.0000       287.52980       98817.423       14807.895       3.6372500     -0.19575000     0.052750000       340.69900       2.0924782     0.013568256
2614.0000       287.53688       98815.491       14732.784       2.3055000     -0.57200000      0.30100000       341.08100       1.8402191     0.014956359
2619.0000       287.56848       98813.545       14706.497       4.0345000     -0.50700000     -0.31950000       340.74700       1.9896246     0.016299504
2624.0000       287.65496       98811.150       14751.877       2.3032500      -1.5415000    0.0067500000       341.06600       1.7524185     0.013489356
2629.0000       287.68371       98806.034       14773.237       3.3152500      0.15250000     0.099250000       341.11700       1.8425531     0.015090917
2634.0000       287.70553       98798.486       14823.662       2.8620000     -0.69925000      0.19925000       341.35100       2.0033045     0.012872657
2639.0000       287.71462       98803.817       14853.839       2.1132500      0.42025000     -0.11225000       341.13000       1.9663904     0.013160260
2644.0000       287.70606       98804.690       14919.010       3.3982500     -0.30575000     -0.13700000       340.83500       2.0393954     0.011583104
2650.0000       287.69435       98814.047       15120.669       4.4530000       1.3807500     -0.72350000       340.90700       1.9363459     0.016760320
2655.0000       287.65198       98817.635       15170.950       2.7165000      -1.2887500      0.37925000       341.01800       2.0145675     0.019985395
2660.0000       287.55738       98811.080       15195.480       2.3952500       1.2280000       1.3100000       340.77200       1.9449081     0.014353004
2665.0000       287.48710       98809.170       15159.202       4.9165000     -0.16275000     -0.12650000       340.87200       1.8326495     0.013802484
2670.0000       287.38627       98810.209       14960.294       4.3215000     -0.86100010      0.35850000       340.94300       1.7095798     0.012562402
2675.0000       287.32869       98810.188       14839.908       6.8097510      -1.8592500     -0.24975000       340.55100       1.8036977     0.013486118
2680.0000       287.29545       98808.930       14726.654       5.7852500      -1.1177500     -0.80775000       340.38100       1.8103137     0.019271506
2685.0000       287.28750       98810.045       14632.066       4.0652500    -0.043000000     0.031000000       340.55100       1.8846473     0.024233314
2690.0000       287.32031       98813.507       14562.616       3.8780000      -1.4070000     -0.37500000       340.79100       1.8663970     0.015282194
2695.0000       287.35157       98815.403       14505.508       2.8697500    -0.080750000      0.41050000       340.96100       1.8082901     0.014506123
2700.0000       287.41014       98819.358       14440.524       2.5535000      0.18975000     0.097750010       340.94700       1.8579638     0.011931114
2705.0000       287.45976       98821.215       14422.984       2.4837500     -0.91400000      0.54225000       340.75000       1.9979923     0.011510857
2710.0000       287.52359       98821.731       14445.801       2.4650000      0.78450010      0.55925000       341.07300       2.0073957     0.014278969
2715.0000       287.56243       98820.553       14479.600       3.7832500       1.1562500     -0.18900000       340.65100       1.8968237     0.014535194
2720.0000       287.60388       98815.375       14574.064       3.5507500     -0.64275000     -0.20100000       340.86900       1.9015899     0.013905546
2725.0000       287.61164       98814.480       14633.146       3.3480000     0.059500000     -0.22325000       340.74000       2.0133622     0.016206224
2730.0000       287.56571       98816.186       14664.103       4.7765000       1.2442500      0.20800000       340.91700       1.8304703     0.014505079
2735.0000       287.54561       98815.184       14724.660       5.0760000     -0.56175010      0.18725000       340.51600       1.9057134     0.025615286
2741.0000       287.49185       98818.522       14801.053       4.4290000      -1.1162500     -0.28225000       340.55600       1.9105729     0.011497262
2746.0000       287.48927       98815.383       14868.908       2.1377500     -0.61450000      0.45725000       340.83500       1.8245522     0.014398792
2751.0000       287.55032       98804.589       15011.065       2.9800000     -0.61625000      0.16650000       340.92200       1.9671763     0.021489843
2756.0000       287.55623       98797.529       15048.309       3.1772500     -0.68050000      0.16275000       341.05400       1.9009033     0.012171288
2761.0000       287.55666       98786.350       15025.439       2.7815000      -1.3275000      0.50900000       340.87800       2.0045545     0.012729922
2766.0000       287.55304       98782.500       15002.415       2.6197500     -0.74175010     -0.48400000       340.93600       1.9997642     0.013527237
2771.0000       287.49192       98784.668       14889.595       3.3517500   0.00050000000     -0.26250000       340.98100       2.0253450     0.014555467
2776.0000       287.48937       98785.064       14849.409       2.6930000       1.0152500     -0.24725000       340.62500       2.0253995     0.015913699
2781.0000       287.53825       98786.003       14852.765       2.1945000      -1.1867500     0.034000000       341.00300       1.9761068     0.014659723
2786.0000       287.55804       98791.729       14839.228       2.7632500      -1.0797500      0.70950000       340.97200       1.9685075     0.013443789
2791.0000       287.60784       98801.560       14855.729       2.8047500     -0.34400000      0.25500000       340.90200       1.8542142     0.012271456
2796.0000       287.61042       98807.486       14841.723       2.6875000      0.18550000     -0.14800000       340.79000       1.9885723     0.014575270
2801.0000       287.54937       98818.804       14779.488       3.3077500     -0.82350000     -0.24350000       340.79200       2.0070906     0.013376353
2806.0000       287.54305       98823.691       14772.870       2.6015000     -0.93975000     -0.18300000       340.86100       1.9473326     0.015709323
2811.0000       287.55623       98817.722       14790.093       2.1082500     -0.89500000    -0.085750010       340.98000       2.0071672     0.014480253
2816.0000       287.54608       98820.511       14800.247       1.1185000      -1.3117500      0.44050000       341.03200       2.0009210     0.011495872
2821.0000       287.55629       98830.633       14847.249       3.3397500     -0.18050000      0.31450000       341.15600       2.0447259     0.015703224
2827.0000       287.55038       98831.931       14875.233       2.6252500     -0.52600000     -0.13100000       340.79500       2.1012993     0.018581997
2832.0000       287.50061       98831.775       14863.026       3.0365000     -0.55950000     -0.26600000       340.87700       1.9448341     0.017155854
2837.0000       287.48675       98830.511       14886.856       4.1530000     -0.71825000      0.13175000       340.98900       1.9657979     0.011322202
2842.0000       287.50073       98824.027       14942.146       5.0837500      0.79150000      0.41925000       340.87100       1.9265530     0.011426875
