0.00000000      293.60730       98662.030       13727.947       4.5987500       3.8525000      0.73025010       343.86000       2.3737805     0.015861310
5.0000131       293.64572       98653.539       13787.460       4.0030000       3.1247500     -0.98900000       343.88800       2.1091987     0.016799037
10.000026       293.52373       98626.482       13815.280       2.5630000       3.2485000     -0.12875000       344.99300       2.0588552     0.014261482
14.999999       293.48419       98619.897       13817.914       3.5657500      0.15675000     -0.82400010       345.11500       2.0727084     0.015701764
20.000012       293.43638       98619.219       13770.963       5.4347500       1.7240000    -0.036750000       345.60900       2.3435551     0.016573822
25.000025       293.37701       98624.367       13733.563       4.7197500       1.2355000      0.30800000       343.81100       4.1212292     0.019232423
29.999998       293.32615       98651.278       13686.524       5.1662500       2.2165000     -0.33375000       343.25600       2.4809802     0.020311042
35.000011       293.28616       98660.780       13622.575       5.7605000       1.6487500     -0.66200010       343.18800       2.7728965     0.016766341
40.000024       293.15961       98668.738       13503.700       6.5550000       1.7077500      0.23850000       342.65800       2.0837076     0.015092319
45.999992       293.19545       98666.462       13465.435       4.7832500      0.40700000      0.27025000       345.50000       2.0693433     0.012487583
51.000005       293.34824       98647.548       13451.707       4.2107500       1.7685000     -0.25900000       344.57300       2.0552398     0.013505393
56.000018       293.46064       98640.157       13464.265       4.3812500       1.9640000     -0.99875000       344.78300       2.0487627     0.013824536
61.000031       293.67006       98627.306       13551.218       4.6270000       2.3765000     -0.48025000       344.41400       2.0654200     0.015818493
66.000004       293.78045       98628.106       13609.413       4.3190000       4.5485000       1.1447500       344.39900       2.0507574     0.013678125
71.000017       293.87478       98642.693       13674.158       5.6337500       3.5320000      0.28325000       343.27900       3.2961758     0.016847902
76.000030       293.87252       98648.747       13714.977       5.1845000       2.6370000     0.058750000       344.10400       3.1560770     0.019664604
81.000003       293.80527       98662.307       13777.745       4.3622500       2.5760000     -0.89150010       343.61900       2.1451656     0.017893213
86.000016       293.70957       98663.247       13777.201       4.7800000       2.4492500      -1.1567500       344.31400       2.0614368     0.012848258
91.000029       293.48377       98654.913       13726.301       3.9595000       4.2142500     -0.61475000       343.65500       2.3457845     0.020694088
96.000002       293.36593       98645.995       13669.581       3.8880000       1.7447500      0.69350000       344.25100       2.4692379     0.017179843
101.00002       293.24783       98622.259       13561.018       5.0937500       2.3825000      0.13525000       344.23100       2.0859140     0.017289612
106.00003       293.20337       98621.731       13500.671       4.8042500       2.8620000      0.26850000       343.29900       3.2255926     0.015367349
111.00000       293.26549       98630.589       13457.419       4.9270000       2.1927500     -0.49575000       344.27500       4.3579544     0.019214723
116.00001       293.23964       98638.070       13392.914       4.3685000       1.8270000     -0.96525010       344.03500       3.9213520     0.018275994
121.00003       293.26411       98664.064       13364.859       2.8897500       2.8322500    -0.033250000       344.38300       2.6753918     0.018223084
126.00000       293.17209       98672.938       13269.168      0.98750010       1.5937500      0.59000000       345.89000       2.5132079     0.014035523
131.00001       292.95665       98674.750       13116.533       4.9960000       3.8105000    -0.047750000       344.07100       2.1054202     0.015029227
137.00002       292.78769       98667.933       12960.858       4.6790000      0.39675000     -0.94525000       344.33300       2.2284559     0.017827392
141.99999       292.54808       98651.597       12765.578       6.5072500       1.4255000     -0.44325000       343.00600       2.0544535     0.021565271
147.00001       292.55522       98643.628       12717.089       2.7320000       2.2342500      0.92650000       344.89900       3.9386764     0.014568973
152.00002       292.70672       98626.521       12727.961       4.6785000       1.7717500      0.20900000       343.32200       5.0170721     0.019283793
156.99999       292.82089       98627.647       12761.933       6.0847500       1.3522500     -0.30675000       344.05500       3.1300952     0.012869020
162.00001       293.13361       98642.914       12925.505       2.3755000       2.6027500     -0.23575000       344.20600       2.2372165     0.012176212
167.00002       293.17200       98650.905       12949.664       3.8325000       2.0045000     -0.32400000       344.78200       2.0684742     0.014552101
171.99999       293.07645       98666.668       12931.779       4.2955000       2.9172500      -1.1300000       343.44800       2.0808513     0.014521192
177.00001       293.02019       98670.203       12916.318       3.3487500       1.9432500     0.016500000       344.82100       1.9862178     0.020999048
182.00002       292.82466       98668.626       12817.557       3.1375000       1.6835000      0.88725010       345.91100       2.0143453     0.016410520
186.99999       292.80799       98662.186       12841.312       2.1955000      0.62400000      0.28975000       346.02900       2.0271082     0.014770328
192.00000       292.91646       98646.044       12938.131       3.0135000       1.6842500    -0.047750000       345.96100       2.5836087     0.019798555
197.00002       292.88937       98638.962       12976.836       4.4052500       1.4200000     -0.30625000       343.12600       6.4033820     0.020508302
202.00003       292.86843       98626.887       13060.837       3.8382500       1.2275000     -0.61525010       343.35000       4.5975820     0.015168502
207.00000       292.83159       98629.105       13076.603       3.6625000      0.65000000      0.42175000       344.30700       7.0623844     0.019279016
212.00002       292.70134       98643.171       13030.932       3.0412500       1.2972500      0.14500000       346.03200       5.1812729     0.017139929
217.00003       292.64925       98651.256       13001.615       4.1820000       1.7910000     -0.63875000       344.07600       2.8349878     0.012441300
222.00000       292.63673       98668.466       12952.130       1.7320000      0.21100000      0.50075000       345.97000       4.1541830     0.014727568
228.00001       292.60169       98661.053       12876.812       5.4347500      -1.1360000      0.15825000       344.13600       2.3155909     0.017023812
233.00002       292.66318       98656.275       12894.392       4.6810000      0.38850000    -0.093000000       343.93000       2.2364436     0.018533679
238.00000       292.90604       98640.164       13027.161       4.7480000      -1.1915000     -0.17150000       344.44500       3.4834155     0.018104715
243.00001       293.05592       98632.732       13122.720       5.1682500     -0.38850000    -0.018000000       344.08200       4.4330484     0.012769960
248.00002       293.19351       98630.245       13231.943       4.1737500     -0.78475000     -0.35325000       344.38000       3.5271386     0.017201220
253.00000       293.42026       98632.618       13419.506       3.1950000       1.7597500      0.42525000       346.56900       3.4014784     0.017391286
258.00001       293.35365       98640.213       13463.810       3.2875000       1.5817500     0.048250000       345.36300       3.8201621     0.013675322
263.00002       293.12267       98655.657       13439.560       4.6097500       1.7825000     -0.15525000       343.00500       3.0547464     0.012920222
267.99999       292.79707       98670.290       13350.164       2.6205000       1.1892500      0.21125000       344.78900       3.9564500     0.015264789
273.00001       292.60753       98674.146       13298.931       3.1027500       3.3510000    -0.010750000       345.08400       2.4943035     0.016231351
278.00002       292.51351       98662.698       13262.168       1.9187500       2.7205000    -0.013250000       344.67600       2.0067554     0.016536148
282.99999       292.46821       98655.835       13224.440       3.2217500       2.8765000     -0.68925010       344.77600       1.9674219     0.017773803
288.00001       292.53025       98637.187       13206.736       2.6085000       4.2825000     0.024000000       343.82400       1.9876091     0.017179113
293.00002       292.58738       98631.421       13187.339       4.4790000       5.4770000     -0.40275000       342.95700       2.0035000     0.015677314
297.99999       292.66914       98633.044       13166.713       3.8265000       4.8040000     -0.84700010       343.46600       2.0030373     0.018312049
303.00001       292.79036       98643.625       13133.041       5.1705000       3.0407500      0.24075000       343.68800       2.0071605     0.015268951
308.00002       292.91260       98650.971       13122.349       4.1472500       1.4190000      0.42500000       343.89900       1.9896355     0.016429749
312.99999       293.04912       98667.031       13114.892       2.8260000       3.8260000     -0.87400000       342.82400       1.9651644     0.016978751
319.00000       293.24058       98673.632       13185.606       2.6095000       2.5845000    -0.041500000       344.88700       2.0066516     0.016617748
324.00001       293.33838       98672.266       13206.878       3.5122500       1.7090000      0.77375000       344.03000       1.9832588     0.017111042
329.00003       293.38044       98661.476       13194.846       4.6387500       3.5427500      0.29100000       343.73000       1.9809438     0.015354598
334.00000       293.41738       98654.376       13234.737       3.8525000       2.1857500      0.78975000       345.91000       2.0106231     0.014498429
339.00001       293.44386       98635.389       13288.011       5.0810000       1.2210000    -0.024250000       344.05600       3.1783773     0.017602901
344.00003       293.40946       98631.202       13323.920       5.7370000       2.0355000      -1.1322500       343.33300       2.8352655     0.016545483
349.00000       293.31197       98640.194       13436.843       4.2272500       2.9572500     -0.93825010       343.12900       2.7437491     0.012530195
354.00001       293.24041       98645.503       13465.584       2.3830000      0.76200000      0.32575000       345.31500       3.0758938     0.018822708
359.00002       293.14991       98662.172       13425.977       4.4265000      0.96150000     -0.22450000       344.32600       4.9939309     0.021499293
364.00000       293.02826       98668.713       13366.989       5.2777500       1.5455000     -0.78825000       344.10000       2.1433653     0.018478372
369.00001       292.90024       98668.797       13246.871       3.4745000       2.6477500     -0.15800000       344.36000       1.9770429     0.014179443
374.00002       292.77959       98666.391       13152.406       3.4222500       2.3345000    -0.025250000       343.42200       2.1214600     0.014914855
379.00000       292.64221       98655.809       13046.826       5.7230000       3.5675000     -0.55750000       343.34800       2.4452742     0.014146835
384.00001       292.47225       98648.817       12939.912       4.1595000       2.3765000      0.10100000       345.08100       3.5654360     0.018929358
389.00002       292.23959       98637.614       12818.459       4.2655000       3.3735000      0.21675000       344.33700       3.3967704     0.012300877
394.00000       292.11353       98633.066       12738.916       3.6337500       1.6565000      0.13925000       344.98300       2.3603572     0.015660940
399.00001       291.91502       98630.459       12632.750       2.6987500       1.4820000      0.17550000       345.71000       1.9973510     0.013650238
405.00002       291.90837       98635.265       12608.002       5.0580000       2.1820000     -0.11175000       344.36500       2.4149029     0.012431889
410.00003       292.17558       98651.293       12694.894       4.6117500       2.2477500      0.40350000       344.17200       2.8609998     0.014334169
415.00000       292.30630       98658.960       12739.012       3.1727500       2.0915000       1.0165000       342.74200       5.4550574     0.019301683
420.00002       292.52662       98672.752       12816.841       3.8200000       1.9342500    -0.087000000       343.38400       5.8152580     0.016853330
425.00003       292.61334       98673.489       12873.878       2.0817500       1.7215000      0.65400000       344.60600       2.1966742     0.012089463
430.00000       292.54438       98660.618       12896.927       3.3490000       2.8467500     -0.18075000       343.88900       4.1046728     0.020045827
435.00001       292.55423       98653.237       12946.320       3.2327500     -0.47575000      0.29150000       345.85100       2.1077345     0.016817089
440.00003       292.56875       98634.241       13024.208       1.8337500       2.1485000      0.74300000       345.08300       1.9830668     0.015793956
445.00000       292.54460       98631.563       13074.163       2.8687500       1.9737500      0.19000000       345.57400       3.3363848     0.012908053
450.00001       292.54368       98641.113       13142.179       3.7182500       1.8762500     -0.29875000       344.56300       4.5209441     0.013575547
455.00003       292.49251       98646.836       13155.427       4.6530000       1.0620000     -0.33650000       343.50000       2.7045871     0.013283506
460.00000       292.30695       98662.621       13096.483       5.0760000       1.4307500      0.11725000       344.04700       2.3233984     0.013324947
465.00001       292.26272       98669.389       13091.842       2.4287500       2.4185000      0.36200000       344.70500       2.1209626     0.011848958
470.00003       292.29898       98673.693       13092.178       2.9325000      0.86475000      0.39575000       344.82200       2.0394193     0.018612465
475.00000       292.29257       98671.227       13077.842       3.7202500       2.8310000     -0.41475000       343.50400       1.9649625     0.013572604
480.00001       292.36687       98660.671       13110.627       4.2502500       2.1500000      0.28700000       345.05800       2.1089732     0.016039726
485.00002       292.36545       98653.301       13084.912       2.7057500     -0.11925000      0.24100000       345.59600       2.3080646     0.013913153
490.00000       292.28064       98636.907       12993.338       2.8862500      0.97300000      0.26825000       345.92600       1.9842332     0.014825649
496.00001       292.22042       98630.878       12919.887       4.1712500       3.1715000       1.3745000       345.92500       3.7626667     0.014945139
501.00002       292.14660       98631.240       12820.658       5.9320000       2.2875000     -0.65475000       342.62800       3.4200753     0.012618204
505.99999       292.12847       98636.642       12802.120       3.6165000       2.7362500      0.88025000       344.38700       3.8640481     0.015394146
511.00000       292.12078       98652.703       12820.087       4.0840000       2.7967500      -1.7745000       344.11900       3.0676989     0.013139350
516.00002       292.15941       98659.938       12860.970       5.3230000       1.8847500     -0.38575000       343.99200       3.1098344     0.014158643
521.00003       292.29374       98669.971       12987.436       2.7030000      0.57875000     0.095000010       345.44100       4.4707103     0.016959459
526.00000       292.33117       98673.990       13042.299       3.4127500       1.0442500    -0.018750000       343.92700       4.3509557     0.017402325
531.00002       292.35587       98671.490       13068.228       2.8087500       1.8667500    -0.073000010       344.72300       5.4505445     0.020483403
536.00003       292.36358       98669.919       13123.852       4.9385000       2.2267500     -0.49000000       343.56100       2.7719976     0.013872274
541.00000       292.30046       98669.240       13172.717       3.1165000       1.0357500       1.2285000       344.78100       5.1890075     0.016669227
546.00002       292.28661       98662.353       13215.668       4.2440000       3.3340000     -0.67075000       342.87700       7.0869859     0.018728910
551.00003       292.32199       98644.355       13313.995       4.0757500       1.7475000      0.40625000       343.79500       3.1647093     0.015775203
556.00000       292.28939       98641.916       13312.797       3.8012500       2.1710000     -0.66700010       343.64500       2.2532897     0.018162659
561.00001       292.20472       98641.830       13223.059       3.6552500       2.7000000      0.11475000       343.82500       2.0179793     0.014719863
566.00003       292.18098       98645.222       13194.027       4.0807500       1.2472500      0.30575000       343.80400       1.9706812     0.015640573
571.00000       292.15411       98665.370       13154.155       2.8072500      0.89550010     -0.18500000       344.24100       1.9161265     0.017870251
576.00001       292.13038       98669.854       13102.782       3.7377500       2.7372500     0.024000000       343.71200       1.9843164     0.012702905
581.00003       292.14583       98668.344       13066.619       2.5670000       1.8165000      0.25475000       343.63800       1.9674831     0.021382934
586.99999       292.15812       98663.329       13028.508       1.9470000       1.6505000      0.27100000       344.71500       1.9825218     0.018796554
592.00001       292.15299       98651.727       12968.561       3.9282500       1.8907500     -0.18375000       343.50700       1.9594179     0.017382921
597.00002       292.14313       98644.786       12926.147       2.5467500      0.40575000      0.47425000       343.85300       1.9563671     0.017846361
601.99999       292.15685       98634.226       12907.803       3.1442500       1.0120000     -0.11450000       344.15500       1.9529576     0.014393230
607.00001       292.14817       98631.915       12897.016       1.9990000       1.0880000      0.68125000       344.27900       1.9240605     0.019752192
612.00002       292.10643       98631.596       12873.826       4.5547500       1.4050000      -1.0720000       343.77000       1.9122398     0.022123211
616.99999       292.07644       98638.165       12870.310       3.1777500       1.4562500     -0.81025000       343.74800       1.9513993     0.019406956
622.00001       292.04545       98654.312       12893.682       3.5105000       1.7087500      0.92650000       343.91000       1.9837929     0.017259369
627.00002       292.04445       98661.489       12926.196       4.2147500       3.1217500     -0.43425000       342.73900       1.9753526     0.015237343
631.99999       292.04340       98673.902       12962.383       3.4300000       2.0342500     -0.30150000       343.72200       2.5486401     0.014999590
637.00000       292.05215       98671.677       12995.431       3.8142500       2.0057500     -0.31700000       343.36800       3.0974130     0.017701817
642.00002       292.10319       98657.363       13052.346       3.4462500       2.4082500     0.036500000       343.53100       2.8269257     0.024645082
647.00003       292.11421       98649.558       13095.909       3.2940000       2.2322500     -0.43775000       343.74900       1.9772148     0.016316300
652.00000       292.10947       98633.919       13135.931       3.2052500       2.5700000      0.30200000       343.62400       2.0045176     0.015901109
657.00002       292.09117       98630.417       13142.167       2.8907500      0.86625000      0.84550010       344.52100       1.9812159     0.015563515
662.00003       292.05530       98632.523       13143.073       2.0720000       1.5862500     -0.15350000       343.89900       2.0017157     0.019246969
667.00000       292.03523       98637.224       13133.825       2.2467500       1.9210000      0.73850010       343.68500       2.0222906     0.018569533
672.00002       292.00669       98648.906       13086.136       4.0985000       2.7287500      0.12400000       343.72300       1.9677477     0.015531105
678.00002       291.96956       98661.799       13052.091       3.3895000       3.1467500      0.37775000       343.49800       1.9765464     0.017798288
683.00000       291.94931       98667.279       13026.212       4.1180000       3.3085000      0.42500000       343.38400       2.0131723     0.019236131
688.00001       291.91499       98668.770       12976.918       2.9150000       2.9142500     -0.71025000       343.47600       2.0108424     0.018771226
693.00002       291.89407       98667.114       12944.341       3.9057500       3.1660000     0.023500000       343.20400       2.0185350     0.017815829
698.00000       291.88549       98661.750       12922.423       3.3757500       4.1092500      -1.0327500       343.61500       1.9753381     0.017143653
703.00001       291.89358       98650.635       12903.818       3.4190000       3.1927500     -0.69800000       343.39800       1.9837334     0.020214730
708.00002       291.91521       98643.633       12933.475       2.7147500       2.1640000     -0.13850000       343.68900       2.0269734     0.013265916
713.00000       291.95047       98632.297       12988.732       3.8727500       1.4315000      0.66125010       343.63100       1.9664913     0.017618998
718.00001       291.98540       98639.407       13065.974       2.8725000       2.7917500     -0.23775000       343.41100       1.9900133     0.015169748
723.00002       292.00702       98644.144       13130.854      0.95450000       2.9027500     -0.18775000       343.59800       2.0034680     0.018792474
727.99999       292.00024       98659.060       13169.428       2.4750000       3.9765000     -0.54050000       342.94600       1.9926714     0.016397306
733.00001       292.00035       98667.401       13221.836       1.4372500       2.9080000     -0.34050000       343.20300       1.9804477     0.021726592
738.00002       291.98501       98670.274       13301.492       2.6650000       2.7822500     -0.86275010       343.49600       1.9678176     0.016507797
742.99999       291.99359       98671.497       13353.574       2.4015000       3.0487500     -0.12775000       343.67700       1.9862606     0.019267799
748.00001       292.01447       98670.262       13394.169       2.7102500       3.2822500      0.11400000       343.17200       1.9876923     0.017309137
753.00002       292.05618       98667.451       13440.781       1.4402500       3.5447500      0.78875010       343.93200       1.9933417     0.021352434
757.99999       292.05510       98659.007       13434.107       1.7115000       2.5632500      0.32000000       343.64500       2.0009069     0.017743136
763.00001       292.06228       98644.690       13393.117       1.4682500       3.4300000    -0.096750010       343.51300       1.9780684     0.019472772
769.00001       291.98935       98628.865       13304.058       1.4980000       5.4442500      0.10275000       343.13300       2.0122256     0.018881933
774.00003       291.93916       98626.443       13241.697       1.8225000       3.7760000      0.13825000       343.39500       2.0245357     0.015567282
779.00000       291.87522       98639.231       13162.529       2.2650000       2.7030000     -0.53025000       343.44500       1.9776225     0.018450886
784.00001       291.83656       98646.370       13107.402       6.0780000       3.9560000     -0.65850000       343.21300       2.0384317     0.019133187
789.00003       291.81011       98660.754       13071.690       3.9120000       5.1140000     -0.60225000       343.05400       1.9787641     0.017067929
794.00000       291.79160       98668.333       13037.140       2.9092500       5.2245000     -0.23150000       343.65700       1.9823483     0.020100328
799.00001       291.79999       98673.624       13006.039       2.9980000       4.6272500     -0.25125000       343.06800       2.0050249     0.015688467
804.00002       291.80005       98672.133       12994.009       3.4452500       4.3485000    -0.032750000       342.97200       1.9869438     0.016937434
809.00000       291.81429       98661.212       12989.443       3.8915000       3.9122500    -0.085500000       343.04600       2.0864441     0.020065435
814.00001       291.80326       98654.041       12999.333       3.5137500       4.2292500      0.19400000       343.28700       2.0051231     0.021431263
819.00002       291.76588       98639.658       13045.614       1.9355000       3.6285000      0.68250000       343.08000       2.0144479     0.019432144
824.00000       291.74609       98632.112       13071.975       3.0317500       3.7162500      -1.4670000       343.35400       2.0014516     0.020911203
829.00001       291.69543       98627.178       13084.636       3.4147500       2.2437500     -0.20950000       343.26100       2.0220518     0.020934221
834.00002       291.68777       98628.717       13116.441       1.9467500       2.4997500     -0.31900000       343.58800       2.0038660     0.017372821
839.00000       291.73363       98638.987       13157.171       3.3945000       1.7700000    -0.040000000       343.32800       2.0327542     0.015647225
844.00001       291.75388       98646.238       13191.251       3.1172500       4.3330000     -0.29950000       343.22800       2.0506299     0.015470704
849.00002       291.78957       98660.622       13247.078       3.3470000       3.6987500       1.1677500       343.30000       2.0073098     0.019454823
853.99999       291.80845       98668.312       13281.897       3.2022500       4.3185000      -1.0540000       343.35500       2.0004321     0.021681573
860.00000       291.77396       98673.623       13284.604       4.7077500       4.2957500     -0.37875000       342.97700       1.9926658     0.020390518
865.00002       291.80106       98671.211       13310.572       5.3725000       3.3760000     -0.35675000       343.25900       2.0226227     0.019455125
870.00003       291.87636       98660.268       13356.360       3.2305000       3.0502500      0.47950000       343.75800       2.0447701     0.021773870
875.00000       291.91622       98652.979       13378.285  -0.00075000000       4.0665000      0.18450000       343.77900       2.0199071     0.022266700
880.00001       291.99085       98636.816       13413.889       4.9350000       4.0205000     -0.59550010       342.79800       2.0235450     0.018916677
885.00003       292.02322       98631.406       13420.316       2.0982500       4.0017500      -1.0695000       343.16700       2.0235998     0.017034477
890.00000       291.99960       98632.054       13388.081       2.7292500       6.5322500     -0.13400000       343.41000       2.0308331     0.017659612
895.00001       291.99944       98635.237       13368.401       5.2100000       3.4955000     -0.64250000       343.11100       2.0100064     0.013948120
900.00003       291.98691       98647.512       13324.730       3.0660000       3.9090000     0.019500000       343.45100       2.0027054     0.018579430
905.00000       292.00048       98653.196       13318.850       3.7287500       3.6540000      0.10325000       343.36100       2.0044128     0.013929938
910.00001       292.03818       98658.151       13341.749       4.3807500       2.6385000    -0.054250000       343.46000       2.0210381     0.017418450
915.00003       292.05793       98662.764       13347.391       2.7512500       3.1240000      0.19650000       343.71900       2.0237641     0.018635776
920.00000       292.08172       98668.038       13369.420       2.5235000       3.7117500     -0.25475000       343.32900       2.0352300     0.016903694
925.00001       292.11135       98665.977       13384.088       3.0657500       6.2300000      -1.1527500       343.27200       2.0057307     0.015296279
930.00003       292.15048       98660.033       13398.990       4.3880000       3.9565000      0.13075000       343.59000       1.9871596     0.017070561
935.00000       292.15669       98654.293       13385.811       2.7157500       4.8730000      0.42275000       343.17800       2.0322720     0.018816148
940.00001       292.15701       98638.293       13356.606       2.8277500       2.5397500     -0.87150000       343.73000       2.0279647     0.018177962
945.00002       292.15357       98631.431       13337.947       2.9777500       4.7705000     -0.90350000       343.27000       2.0374718     0.017342255
950.99999       292.11148       98626.888       13289.111       1.6537500       3.2272500      0.60975000       343.28100       2.0318408     0.022483937
956.00000       292.08131       98630.270       13256.948       2.6297500       3.5205000     -0.62700000       343.48300       1.9957985     0.020161231
961.00002       292.06910       98641.964       13248.685      0.55125000       2.1057500      0.79250000       343.78500       2.0042256     0.016215086
966.00003       292.03308       98649.574       13221.141       1.1637500       2.1877500       1.2280000       343.31800       2.0464492     0.017161199
971.00000       291.93675       98664.273       13160.061       2.8270000       3.5290000      0.65900000       343.46100       2.0021052     0.018641025
976.00002       291.93631       98670.351       13144.803       1.4882500       4.3547500     -0.57500000       343.26500       2.0055360     0.021521630
981.00003       291.97385       98671.304       13149.821       1.2195000       3.8750000      0.47225000       343.71900       2.0237880     0.019524317
986.00000       292.01632       98671.055       13154.492       1.8997500       1.3685000     -0.49375000       343.22100       2.0217915     0.023119060
991.00002       292.11974       98669.315       13152.050       2.2632500       2.9607500      0.88900010       343.61100       1.9892735     0.016088302
996.00003       292.19988       98662.444       13216.076       3.0327500       3.7820000      -1.3237500       343.01700       2.0252717     0.023698904
1001.0000       292.29493       98647.667       13340.317       4.0655000       5.1715000      -1.1155000       342.96900       1.9954450     0.016248197
1006.0000       292.33195       98640.310       13406.543       1.9207500       3.8960000      0.38175000       343.36900       2.0262377     0.016239065
1011.0000       292.36802       98627.174       13507.679       1.3190000       3.7245000    -0.059500000       343.46900       2.0759603     0.024155455
1016.0000       292.35984       98627.856       13573.866       3.4827500       4.6380000    -0.037500000       343.20200       2.0194245     0.014967986
1021.0000       292.27112       98641.334       13587.710       1.9690000       2.5097500      0.23525000       343.41200       2.0490849     0.022563015
1026.0000       292.22075       98648.979       13595.359       1.5320000       2.9317500      0.69875000       343.58500       2.0373829     0.022457554
1031.0000       292.14793       98664.097       13599.413       3.7460000       3.3587500     -0.20850000       343.40400       2.0249118     0.020696215
1037.0000       292.12950       98671.100       13611.834       1.8460000       4.9125000      0.13500000       343.31500       1.9985217     0.015358094
1042.0000       292.15267       98670.561       13599.589       3.2157500       2.7327500      0.24375000       343.23900       2.0136668     0.016300941
1047.0000       292.14269       98671.703       13571.227       3.4445000       2.3882500      0.27175000       343.52700       2.0214433     0.017831307
1052.0000       292.16543       98672.985       13566.751       5.2400000       4.2590000      -1.6137500       343.48800       2.0117627     0.016898557
1057.0000       292.13794       98667.401       13513.072       1.8822500       3.6825000     -0.54150000       343.43800       2.0580090     0.021020630
1062.0000       292.05170       98657.831       13391.180       4.8085000       5.3427500     -0.58400010       342.98100       2.0057200     0.017803874
1067.0000       292.02041       98649.899       13324.707       4.1817500       5.5637500     -0.66725000       343.02700       2.0129728     0.019699650
1072.0000       292.00645       98634.045       13265.683       3.2917500       2.8212500      -1.0387500       343.12500       2.0067814     0.016843923
1077.0000       291.97642       98630.570       13223.697       3.2020000       2.5442500      0.19750000       343.55300       2.0174361     0.017316392
1082.0000       291.94487       98633.020       13187.310       3.8670000       1.9867500     -0.37225000       343.42600       2.0161988     0.016647606
1087.0000       291.94365       98637.676       13188.693       2.7012500       4.1425000      0.64950000       343.39400       2.0165045     0.020601463
1092.0000       291.95201       98648.741       13228.026       2.3215000       3.2500000      0.19100000       343.52800       2.0026700     0.019564203
1097.0000       291.94224       98655.615       13236.817       2.0405000       3.0992500      0.72400000       343.53400       2.0538037     0.021840772
1102.0000       291.96532       98665.428       13258.716       4.5942500       4.1512500      -1.0755000       342.63700       2.0088684     0.019156016
1107.0000       291.93784       98669.628       13275.767       3.9842500       4.9610000     -0.38925000       342.98000       2.0156302     0.019398859
1112.0000       291.86151       98671.601       13283.160       3.5927500       5.6025000     -0.85650000       342.83900       1.9995208     0.020793272
1117.0000       291.81115       98670.843       13273.313       2.3830000       2.4797500       1.3472500       343.23000       2.0417607     0.016537078
1122.0000       291.75998       98664.922       13274.963       4.4865000       3.9387500      0.25950000       342.92500       2.0061402     0.015829606
1128.0000       291.68455       98664.862       13198.929       1.5310000       3.4217500      0.34925000       343.27900       1.9976600     0.020526874
1133.0000       291.64282       98664.772       13159.248       3.7387500       2.9425000     -0.20225000       343.22400       1.9995849     0.022557164
1138.0000       291.62933       98674.809       13161.327       3.7275000       3.2202500    -0.088000010       342.94300       2.0194748     0.017911487
1143.0000       291.59935       98673.408       13128.771       4.4322500       1.9997500      0.25850000       343.06800       2.0550925     0.022829792
1148.0000       291.56938       98665.840       13086.269       4.5657500       2.0502500      0.26450000       343.09800       2.0265766     0.024079168
1153.0000       291.55069       98648.447       13045.609       2.8207500       4.0645000      0.33750000       343.22600       1.9919056     0.016789786
1158.0000       291.53043       98646.730       13001.746       2.0767500       3.4992500      0.10550000       343.18400       2.0177656     0.020003462
1163.0000       291.48881       98642.408       12919.330       4.3270000       5.3215000     -0.52725010       342.70400       2.0211340     0.022071321
1168.0000       291.53096       98659.068       12939.841       3.0137500       3.2365000      0.55075000       343.22000       1.9836627     0.022940087
1173.0000       291.55132       98667.602       12956.161      0.77975000       3.9475000      -1.2000000       343.05200       2.0102968     0.020927240
1178.0000       291.60000       98670.342       13010.828       2.6040000       3.0612500      0.36525000       343.12400       1.9976535     0.022210045
1183.0000       291.61193       98671.549       13050.009       4.0100000       1.6215000      0.28350000       343.12000       1.9771832     0.016456600
1188.0000       291.55480       98671.884       13065.462       4.9395000       3.5205000     -0.54925000       343.31500       1.9906243     0.019622226
1193.0000       291.54348       98667.354       13100.627       1.9102500       2.4492500     -0.40500000       343.32900       1.9896979     0.023119259
1198.0000       291.54445       98659.115       13143.796       3.8137500       2.8700000     -0.54650000       343.23800       1.9734709     0.019982405
1203.0000       291.54313       98645.069       13199.556       2.7365000       2.4980000      0.75700000       343.53700       1.9955536     0.017359957
1208.0000       291.55481       98638.186       13225.896       2.6645000       2.7910000     -0.57125000       343.34400       1.9726982     0.021254876
1213.0000       291.60570       98626.755       13264.339       2.3575000       4.2910000    0.0095000010       343.17600       1.9969465     0.017157540
1219.0000       291.59997       98640.727       13219.600       4.0055000       2.5345000      0.97950010       343.48100       2.0004215     0.019639901
1224.0000       291.59985       98646.790       13189.299       2.2715000       2.6217500     -0.18350000       343.22100       2.0025290     0.019931252
1229.0000       291.61386       98655.945       13148.799       1.9005000       3.2087500      0.34775000       343.44700       1.9890530     0.019242859
1234.0000       291.60245       98662.603       13106.343       3.5587500       2.5347500      0.36825000       343.08600       1.9903383     0.015849034
1239.0000       291.56652       98665.181       13055.187       2.2047500       3.7222500      0.38425000       343.15200       1.9693474     0.015423182
1244.0000       291.54641       98666.101       13019.211       4.1012500       1.5697500     -0.36075000       343.15200       1.9600464     0.015733233
1249.0000       291.51028       98665.852       12976.008       3.9912500       3.6320000     -0.33025000       342.95000       2.0206386     0.017019863
1254.0000       291.49156       98665.763       12954.569       3.0120000       4.0215000     -0.35475000       343.20300       1.9853064     0.020252796
1259.0000       291.51398       98665.291       12959.762       3.2577500       3.3057500     0.093250010       343.43700       1.9901494     0.020259655
1264.0000       291.50284       98660.001       12963.804       3.2710000       1.5710000     -0.40100000       343.23900       1.9893622     0.015245945
1269.0000       291.46590       98648.663       12982.440       1.6565000       2.9790000     0.045250000       343.26400       1.9523750     0.021855173
1274.0000       291.44614       98643.862       12994.995       1.7625000       4.6942500      0.31450000       343.05800       1.9681618     0.015262921
1279.0000       291.38165       98633.762       12988.484       2.2362500       3.0545000     -0.22975000       343.29400       1.9658669     0.016121896
1284.0000       291.38541       98632.360       13016.450       3.7122500       2.4985000     -0.25150000       343.00800       2.0215488     0.017909254
1289.0000       291.48072       98644.499       13079.309       2.1095000       2.7480000     -0.55775000       343.21700       2.0104732     0.017112324
1294.0000       291.50924       98651.503       13116.151       2.3180000       2.7387500      0.13925000       343.15500       1.9638401     0.016058395
1299.0000       291.55986       98661.619       13181.739       1.3982500       2.9942500     -0.28275000       343.04400       1.9946486     0.017022965
1304.0000       291.56651       98667.412       13209.199       2.9900000       4.6425000    -0.073000010       343.10200       1.9850918     0.016280734
1310.0000       291.45316       98669.750       13173.890       1.8695000       3.5785000      -1.5912500       343.21300       1.9788368     0.016790192
1315.0000       291.43001       98671.398       13171.589       3.1575000       2.4682500     -0.30875000       343.22800       1.9592745     0.021948501
1320.0000       291.44300       98671.705       13180.275       2.8180000       3.0390000     0.051750000       343.11300       2.0131951     0.017845593
1325.0000       291.44665       98670.383       13172.926       1.9260000       2.4980000    -0.064250000       343.18300       1.9624526     0.016062986
1330.0000       291.46855       98670.643       13157.749       1.6590000       1.9967500      0.39225000       343.30200       1.9809720     0.015388734
1335.0000       291.51260       98664.469       13162.923       1.2427500       2.5850000     0.092250000       343.24300       1.9643744     0.022327667
1340.0000       291.57629       98649.379       13168.284       1.9827500       3.4555000     -0.51425000       343.24400       1.9856204     0.016023837
1345.0000       291.61650       98641.717       13171.335       3.1035000       3.1100000     -0.67450000       343.01000       1.9388747     0.015494834
1350.0000       291.69090       98627.735       13195.779       1.7522500       2.5852500     -0.13375000       343.21100       1.9652716     0.020103109
1355.0000       291.72374       98626.894       13210.420       2.2267500       3.5862500      0.20325000       343.44900       1.9535298     0.014971264
1360.0000       291.70013       98640.613       13202.040       1.6965000       4.3817500     -0.54650000       343.14000       1.9618945     0.020585506
1365.0000       291.70013       98648.012       13212.416       3.8425000       2.9915000     -0.48175000       343.09900       1.9763463     0.015800234
1370.0000       291.70017       98662.482       13245.832       2.2312500       3.9290000     -0.35200000       343.05400       1.9553134     0.014814420
1375.0000       291.70029       98669.310       13261.025       2.0350000       4.5097500      0.75450000       343.11300       1.9838338     0.016624945
1380.0000       291.68646       98669.759       13263.923       3.6320000       4.4347500     -0.56675000       342.65800       1.9393362     0.014619105
1385.0000       291.70035       98671.367       13279.510       3.1690000       4.8587500     -0.45700000       342.83000       1.9913483     0.015347812
1390.0000       291.73814       98671.661       13300.895       1.6482500       4.6042500     -0.10700000       343.36300       1.9955748     0.015360003
1395.0000       291.75827       98670.348       13310.526       3.0730000       2.3612500    -0.053750000       343.17100       1.9766787     0.016081199
1401.0000       291.79948       98668.241       13324.533       3.3857500       4.1917500     -0.56900000       343.02300       1.9815680     0.015037378
1406.0000       291.81349       98663.026       13333.079       3.1287500       2.5057500     -0.12075000       343.29200       1.9529572     0.015244355
1411.0000       291.82245       98653.143       13345.156       2.4405000       2.8955000    -0.040750000       343.16400       1.9788134     0.020061049
1416.0000       291.79016       98646.210       13320.194       2.8562500       4.3457500     -0.37750000       342.78100       1.9751989     0.015123595
1421.0000       291.72980       98635.342       13279.400       1.9262500       1.3950000       1.1240000       343.60400       1.9811933     0.020883584
1426.0000       291.67315       98632.346       13238.821       2.1960000       3.9170000     -0.19550000       343.00200       1.9623530     0.016856108
1431.0000       291.55957       98632.514       13158.614       3.6937500       3.5255000     -0.33475000       343.02100       1.9759491     0.015755256
1436.0000       291.51164       98636.450       13108.033       2.8957500       1.3845000      0.12975000       343.35000       1.9695614     0.014754232
1441.0000       291.51132       98647.496       13076.809       2.3475000       3.1522500    -0.078000000       343.25600       1.9646538     0.015238041
1446.0000       291.48132       98654.407       13043.518       3.7522500       2.6577500     -0.56600000       343.35300       1.9661356     0.015311382
1451.0000       291.44701       98662.254       12985.645       4.1210000       2.6510000      -1.1925000       342.71400       1.9487928     0.013852328
1456.0000       291.44355       98670.239       12992.732       3.5700000       1.7580000     -0.30275000       343.06800       1.9425833     0.013998490
1461.0000       291.44275       98680.899       13047.989       3.8272500      0.67900000      0.35650000       342.95100       1.9556754     0.013165080
1466.0000       291.44876       98683.061       13079.562       4.3447500       3.2605000     -0.59225000       343.03500       1.9596677     0.020197301
1471.0000       291.47601       98683.094       13132.243       1.5840000       2.1182500      -1.2150000       343.26900       1.9558863     0.013931138
1476.0000       291.52253       98680.198       13195.166       3.3040000       1.7165000     -0.33775000       343.17600       3.7886213     0.015733610
1481.0000       291.57294       98668.696       13247.552       1.5650000       3.0752500     -0.12900000       343.04600       3.6377702     0.015736674
1486.0000       291.62957       98660.696       13315.580       1.7880000       1.5635000      0.16575000       343.72200       2.0400295     0.014610140
1492.0000       291.75389       98651.396       13452.425       1.9177500       2.1815000       1.0420000       343.49300       2.7164046     0.014945646
1497.0000       291.79712       98644.415       13512.726       4.4287500       2.6060000      0.20800000       342.78700       1.9512511     0.014649353
1502.0000       291.81194       98634.121       13554.918       3.3075000       3.6627500      0.15800000       342.79200       1.9828581     0.014546307
1507.0000       291.80447       98631.751       13558.569       4.3282500       4.0395000     0.052000000       342.49300       1.9514279     0.015296183
1512.0000       291.76362       98632.577       13531.914       3.5175000       3.7580000     -0.44650000       342.97400       1.9689199     0.014570983
1517.0000       291.72419       98637.309       13485.135       2.8702500       2.2440000     -0.49300000       343.27400       1.9829355     0.014183645
1522.0000       291.63443       98649.011       13373.989       3.3792500      0.89675000      0.99000010       343.43200       1.9484432     0.014617092
1527.0000       291.64115       98656.076       13350.312       3.3072500       2.7125000     -0.49150000       343.19400       2.1778740     0.015420934
1532.0000       291.69917       98663.853       13360.215       4.5977500       3.0215000     -0.68700000       343.02100       1.9587819     0.014501332
1537.0000       291.70913       98671.846       13330.030       2.8020000       3.1382500    0.0062500000       343.15700       2.1939505     0.021357881
1542.0000       291.76049       98681.510       13325.304       2.0655000       2.1687500   -0.0077500000       343.16000       2.3231544     0.014924326
1547.0000       291.76296       98682.817       13302.076       2.2712500       1.5162500      0.38100000       343.38900       1.9637269     0.014758727
1552.0000       291.70635       98684.488       13228.862       4.1927500       1.3247500      0.16650000       343.31300       1.9352318     0.014629296
1557.0000       291.67667       98677.243       13199.031       3.9752500       1.5297500      0.74875000       343.41700       1.9433880     0.013641080
1562.0000       291.65540       98656.336       13194.053       3.6252500       1.5175000      0.84150000       343.63800       1.9112208     0.014785599
1567.0000       291.63533       98648.118       13203.813       4.2092500       2.6550000     -0.53450000       343.01600       2.2667325     0.013377876
1572.0000       291.59735       98639.524       13219.681       3.0625000       1.8550000      0.11875000       343.30400       2.1737908     0.014096428
1577.0000       291.58601       98636.111       13239.454       2.6145000       2.9280000      0.91725000       343.11800       1.9581502     0.014622209
1583.0000       291.60004       98640.129       13297.295       3.3467500       1.4432500      0.20225000       343.50400       1.9053798     0.015298831
1588.0000       291.59986       98637.282       13312.147       2.2315000       2.5147500   -0.0032500000       343.10700       1.9525511     0.014746942
1593.0000       291.59975       98639.042       13335.413       2.9897500       2.6192500      0.25500000       343.31700       1.9229978     0.015460452
1598.0000       291.59963       98643.260       13363.783      0.52500000       2.4397500      0.32875000       343.68000       1.9456996     0.014418499
1603.0000       291.60008       98649.424       13408.426       2.3485000       3.9125000      -1.2427500       343.29500       1.9302619     0.015815179
1608.0000       291.60000       98655.636       13421.820      0.77475010       3.6417500     -0.41050000       343.14500       1.9848199     0.014712330
1613.0000       291.59412       98666.431       13421.932       5.0435000       4.4300000     -0.59150000       342.60300       1.9618327     0.013776014
1618.0000       291.63046       98668.759       13454.000       3.4782500       4.2695000     -0.16575000       343.04900       1.9392287     0.014063873
1623.0000       291.65073       98670.902       13458.624       3.0115000       2.7067500      0.15700000       343.19700       1.9345713     0.013868585
1628.0000       291.68568       98670.156       13457.678       4.2505000       3.8162500     -0.41200000       343.06100       1.9294901     0.013061322
1633.0000       291.70660       98670.049       13457.914       3.2190000       2.2365000      0.34500000       343.07700       1.9246243     0.018040615
1638.0000       291.70037       98674.855       13424.280       3.1052500       4.2227500     -0.39900000       342.92100       1.9228361     0.013524613
1643.0000       291.70048       98672.327       13404.018       1.3912500       3.8085000      -1.3255000       343.36300       1.9471150     0.014017927
1648.0000       291.70060       98666.133       13392.469      0.53950000       2.7692500       1.0425000       343.52800       1.9508413     0.014708475
1653.0000       291.70017       98656.415       13400.544      0.34200000       3.9057500      -2.3252500       342.83600       1.9259875     0.013760417
1658.0000       291.70010       98648.219       13392.325       1.3805000       6.6495000     -0.78550000       343.13300       1.9841978     0.014541408
1663.0000       291.69965       98633.454       13376.709       1.4152500       4.0332500     -0.74575000       342.82400       1.9203139     0.013926531
1669.0000       291.68593       98626.916       13382.975       2.2727500       4.2707500     -0.70800000       342.86700       1.9765293     0.014508000
1674.0000       291.69700       98628.281       13380.162       3.7217500       4.1990000     -0.26550000       343.07700       1.9550090     0.014127006
1679.0000       291.74860       98640.581       13371.875       1.7697500       5.7497500     -0.37825000       342.88500       1.9566730     0.014728550
1684.0000       291.75718       98646.528       13375.324       3.5170000       4.8807500     -0.77625010       343.09700       1.9672821     0.015254569
1689.0000       291.78655       98656.012       13381.924       1.4322500       3.6970000    -0.010000000       343.41700       1.9148531     0.015077508
1694.0000       291.76232       98662.752       13384.324       1.4922500       1.9632500     -0.15575000       343.21400       2.0053544     0.015662532
1699.0000       291.65605       98663.659       13407.771       1.9732500       2.4102500      0.47000000       343.40200       1.9668792     0.013909378
1704.0000       291.58568       98665.674       13406.182       3.8875000       6.2907510      -1.1307500       342.61200       1.9469594     0.013449941
1709.0000       291.48430       98669.288       13384.516       4.4715000       5.2980000    -0.093500000       342.74900       1.9496269     0.014097319
1714.0000       291.42631       98671.180       13358.631       1.9757500       2.2525000      0.88350000       343.58800       1.9377198     0.013841271
1719.0000       291.40962       98675.930       13317.029       2.9687500       4.9805000     -0.80050000       342.97600       1.9107984     0.015668154
1724.0000       291.39120       98671.370       13278.919       2.9922500       5.8462500     0.011250000       342.48200       1.9191627     0.013974669
1729.0000       291.37172       98656.743       13217.586       2.6685000       4.7305000     0.042500000       342.76400       1.8959037     0.019751876
1734.0000       291.39407       98648.840       13189.350       3.8535000       4.1815000      0.32175000       342.91700       1.9085058     0.013344147
1739.0000       291.46649       98629.811       13177.800       3.7792500       4.6385000     0.089000000       342.88500       1.9225947     0.014068758
1744.0000       291.50655       98625.734       13171.648       3.1345000       4.1455000     -0.61725000       342.77900       1.9562154     0.013113467
1749.0000       291.56546       98644.490       13176.859       5.4562500       4.8292500     -0.82675000       342.66200       1.9454007     0.013481580
1754.0000       291.61475       98647.030       13204.644       4.6402500       4.4327500     -0.69400000       342.84100       1.9514969     0.013732081
1760.0000       291.63844       98645.760       13247.040       3.3212500       3.4407500     0.015500000       343.16000       1.9237962     0.013637177
1765.0000       291.65860       98645.980       13308.102       4.5707500       2.1100000      0.60300000       343.48600       1.9131839     0.013414340
1770.0000       291.70828       98632.996       13439.969       2.8270000       2.9875000      0.42175000       343.22600       1.9358915     0.015005900
1775.0000       291.71082       98632.871       13501.792       2.3307500       2.6907500     0.095000010       343.41600       1.9339609     0.012644469
1780.0000       291.66278       98645.879       13547.081       1.5045000       3.9907500      0.79750000       343.19500       1.9745507     0.014305266
1785.0000       291.64272       98652.880       13577.378       4.1860000       4.3087500    -0.027000000       343.26400       1.9340467     0.013879531
1790.0000       291.63093       98663.030       13579.423       2.1400000       2.2515000       1.0332500       343.24900       1.9556694     0.014411108
1795.0000       291.58693       98668.303       13552.966       2.7197500       3.9900000      0.27750000       342.70400       1.9580396     0.013306105
1800.0000       291.50973       98669.829       13490.351       2.8960000       2.6877500     -0.29750000       342.95500       1.9476647     0.013171410
1805.0000       291.48309       98671.446       13454.492       2.1395000       3.5085000      0.14025000       343.16400       1.9421085     0.013621924
1810.0000       291.46099       98670.139       13403.719       1.5605000       4.3260000      -1.2102500       342.88700       1.9183465     0.013212758
1815.0000       291.43522       98670.097       13348.884       2.3047500       4.3915000    -0.098000000       343.04500       1.9117651     0.013970936
1820.0000       291.44409       98671.750       13293.967       2.7905000       2.6977500     -0.27675000       343.36300       1.9474524     0.014140151
1825.0000       291.45400       98670.457       13270.946       1.0222500       3.6190000      0.69475000       343.48800       1.9135338     0.013769733
1830.0000       291.42868       98669.239       13221.133       1.9772500       1.7605000      0.82725010       343.30100       1.9270604     0.013396166
1835.0000       291.44635       98664.452       13228.561       2.4872500       3.2717500     -0.39900000       343.04800       1.9342152     0.013398206
1840.0000       291.53263       98654.493       13326.168       2.0897500       3.6997500      0.13750000       343.25600       1.9288540     0.013522080
1845.0000       291.56928       98647.442       13370.117       1.5795000       2.8317500    -0.091750000       343.05200       1.9553477     0.013064701
1851.0000       291.59947       98635.038       13410.175       4.7642500       4.8337500     -0.71750000       342.94300       1.9428720     0.012326086
1856.0000       291.61331       98631.870       13454.367       3.3142500       6.0002500     -0.24875000       342.86600       1.8732612     0.015956555
1861.0000       291.59954       98634.632       13496.177       1.3110000       5.4010000     -0.21375000       342.70200       1.9553620     0.013565989
1866.0000       291.59926       98635.294       13521.616       3.5212500       3.7420000     0.047000000       342.73000       1.9541139     0.013803833
1871.0000       291.57637       98637.869       13545.487       2.3162500       1.4437500       1.3395000       343.29900       1.9493796     0.017007469
1876.0000       291.60926       98642.537       13579.429       3.1695000       1.1815000    -0.023500000       343.30200       1.9571586     0.017584096
1881.0000       291.68430       98647.660       13616.027       3.1212500       2.2570000    -0.090250010       343.61300       1.9744939     0.012941524
1886.0000       291.72446       98653.346       13615.993       5.5875000       4.2870000    -0.063750010       342.36600       1.9676547     0.013251033
1891.0000       291.79924       98664.475       13617.601       4.5870000       4.1812500     -0.69600000       342.64200       1.9523151     0.013246355
1896.0000       291.82705       98669.250       13604.137       3.6977500       3.0750000     -0.48025000       342.76300       1.9341702     0.012163376
1901.0000       291.81090       98670.374       13536.135       4.3320000       2.3792500      0.37925000       343.07200       1.9717801     0.012700240
1906.0000       291.79463       98671.776       13502.968       4.0230000       3.3380000      0.10150000       342.88000       1.9424499     0.013155709
1911.0000       291.79162       98670.132       13512.986       3.5677500       2.5595000      0.58850000       343.25000       1.9426079     0.013028472
1916.0000       291.72372       98670.088       13463.377       3.3005000       2.8842500      0.29325000       343.02200       1.9382049     0.013455039
1921.0000       291.57711       98670.226       13378.703       3.7687500       2.6135000     -0.15625000       342.81500       1.9614232     0.011955484
1926.0000       291.50282       98670.183       13309.525       3.3960000       2.0870000    -0.090250010       342.96700       1.9680417     0.013002256
1931.0000       291.40405       98671.497       13201.408       4.4965000       2.0390000      0.51775000       343.04700       1.9754599     0.012572920
1936.0000       291.36250       98669.937       13147.459       3.3585000       1.0247500      0.72125010       343.33500       1.9473409     0.012852198
1942.0000       291.38231       98667.585       13102.839       3.6312500       1.6272500      0.16275000       343.20800       1.9168893     0.014025818
1947.0000       291.41953       98661.903       13121.886       5.3942500       1.6290000      0.74475000       342.66400       1.9279027     0.012961238
1952.0000       291.50123       98651.583       13201.826       2.4480000      0.69200000      0.61425000       343.69400       1.9614592     0.013323260
1957.0000       291.52235       98644.637       13234.652       4.5730000      0.52050000      0.27275000       343.75800       1.9265359     0.012696754
1962.0000       291.56032       98634.996       13294.608       5.0362500       3.4732500     -0.13025000       342.59200       1.9449308     0.013755256
1967.0000       291.56191       98630.717       13329.130       6.2227500       2.2740000     -0.31325000       342.58600       1.9393977     0.013520236
1972.0000       291.49754       98629.141       13315.078       5.8332500       3.4805000     0.058000000       342.57000       1.9416117     0.013424227
1977.0000       291.48636       98629.905       13359.683       4.2345000       2.2487500     -0.40975000       342.74700       1.9489353     0.013068253
1982.0000       291.50006       98634.977       13454.311       3.7877500       1.9060000      0.59850000       343.30700       1.9334344     0.012907477
1987.0000       291.50006       98637.005       13486.530       5.8195000       3.2137500       1.1227500       342.98500       1.9659409     0.012416776
1992.0000       291.48251       98638.688       13503.921       6.4277500       2.3897500     -0.73675000       343.00400       1.9485393     0.012457428
1997.0000       291.51986       98643.471       13531.385       3.9120000       1.9095000      0.14825000       343.64800       1.9453851     0.012309860
2002.0000       291.59117       98646.961       13538.119       3.9712500       3.0550000      0.23225000       343.00500       1.9181264     0.013625660
2007.0000       291.63057       98656.557       13536.156       3.2350000       1.0990000     -0.39875000       343.26200       2.0013519     0.014958746
2012.0000       291.69604       98676.329       13541.643       3.9090000      0.95000000     0.028000000       343.11800       1.9528247     0.012807755
2017.0000       291.73711       98680.872       13546.683       4.0625000       1.2940000      0.98000000       343.32600       1.9431105     0.013324325
2022.0000       291.74619       98680.048       13524.573       4.7617500       1.7775000     -0.57625000       342.67400       1.9470069     0.012837257
2027.0000       291.76633       98683.219       13522.543       3.6485000       1.2367500      0.36350000       343.40200       1.9601143     0.013289051
2033.0000       291.80661       98680.366       13549.040       3.3332500       1.4435000     0.057000000       343.45300       1.9685286     0.013851045
2038.0000       291.80041       98681.284       13550.309       3.1020000      0.42200000     -0.42200000       343.43400       1.9576555     0.013921404
2043.0000       291.80052       98681.515       13556.504       4.1687500       3.3865000     -0.72250000       343.07300       1.9465678     0.013202251
2048.0000       291.80064       98679.302       13568.546       4.0832500       1.4400000     -0.56075000       342.99500       1.9466106     0.012972609
2053.0000       291.80664       98669.746       13603.942       4.3940000       3.7240000     -0.11300000       342.78500       1.9122530     0.013475783
2058.0000       291.78509       98665.895       13589.427       2.8450000       1.8797500     -0.27075000       343.18800       1.9606395     0.013010709
2063.0000       291.74985       98666.529       13551.332       3.9592500      0.66000000     0.024250000       343.33300       1.9386190     0.013654531
2068.0000       291.72943       98652.657       13541.282       3.0567500       2.4035000     0.047500000       342.76800       1.9220555     0.014349516
2073.0000       291.69931       98648.177       13511.911       2.4842500       2.0950000      0.26100000       343.46400       1.9491453     0.013594081
2078.0000       291.68488       98653.886       13491.718       2.8702500       1.9740000     -0.10175000       343.38300       1.9360424     0.014217156
2083.0000       291.65630       98651.053       13463.503       4.0167500       2.3702500     -0.77450000       343.05000       1.9430495     0.012977455
2088.0000       291.57010       98648.330       13383.494       3.5440000       1.3235000      0.43275000       343.66300       1.9410494     0.013030326
2093.0000       291.53774       98646.625       13341.232       3.5565000       2.4885000      0.28275000       343.12000       1.9405297     0.012610820
2098.0000       291.52995       98642.475       13317.505       4.4375000       3.6797500    -0.091000010       343.27800       1.9128663     0.014921487
2103.0000       291.54292       98627.838       13315.742       3.5630000       2.0492500     -0.33750000       342.57000       1.9443583     0.012939815
2108.0000       291.55456       98627.413       13307.532       2.1450000      0.59700000    -0.032500000       343.46000       1.9444275     0.013048868
2113.0000       291.60572       98635.328       13313.768       1.5125000       1.2130000      0.19775000       343.67100       1.9610820     0.014263048
2118.0000       291.60004       98635.800       13316.119       2.9200000       1.1190000    -0.093250010       343.40400       1.9654111     0.012603811
2124.0000       291.60004       98640.621       13336.545       2.8952500       1.8660000      0.32675000       343.65700       1.9291023     0.013262981
2129.0000       291.58588       98645.715       13360.437       1.7707500       1.3622500      0.47075000       343.76300       1.9539836     0.013605458
2134.0000       291.59702       98650.801       13416.364       3.2355000      0.73025010      0.28250000       343.20500       1.9576252     0.014577432
2139.0000       291.63330       98661.787       13528.412       2.6035000       1.5190000     -0.32975000       343.67100       1.9357722     0.012920885
2144.0000       291.65332       98667.537       13592.386       2.3627500       2.2145000       1.0122500       343.06200       1.9477200     0.013628502
2149.0000       291.66194       98669.298       13657.812       2.4247500       1.9620000     -0.25150000       342.93400       1.9761070     0.012103863
2154.0000       291.70367       98671.185       13715.518       3.0170000       1.3385000      0.37925000       343.23200       2.0049600     0.012954967
2159.0000       291.75564       98667.458       13741.546       3.8407500       1.9837500     -0.72450010       342.94400       1.9505815     0.012743447
2164.0000       291.80733       98669.682       13757.820       2.8200000       1.1387500     -0.30775000       343.20700       1.9703596     0.012960654
2169.0000       291.91552       98677.136       13776.983       2.8007500       2.3777500     -0.41450000       342.77200       1.9557482     0.012891244
2174.0000       291.97228       98681.106       13786.585       2.5105000     -0.32750000      0.94525000       343.63200       1.9432348     0.012429579
2179.0000       292.00471       98691.226       13760.881       2.4547500       2.3907500      0.48900000       343.54500       1.9286482     0.013690068
2184.0000       292.01240       98692.747       13749.503       3.5092500       1.4125000      0.19375000       343.47200       1.9460290     0.012899568
2189.0000       291.98170       98685.223       13760.592       2.5907500      0.72750000      0.28150000       344.10400       1.9315577     0.012996074
2194.0000       291.95056       98680.155       13747.749       3.5310000       1.9667500     -0.55550000       343.11000       1.9249854     0.012212581
2199.0000       291.86285       98668.895       13700.888       3.0425000       2.0197500    -0.038750000       343.68700       1.9261247     0.012836605
2204.0000       291.83539       98663.097       13688.073       2.0080000       1.2540000      0.17400000       344.05200       1.9474188     0.013169030
2210.0000       291.86949       98663.211       13711.269       2.1977500       1.6585000      0.61400000       343.73000       1.9482815     0.012721532
2215.0000       291.84606       98658.818       13677.871       1.7617500      0.87650010     -0.16125000       344.21200       1.9334839     0.013429941
2220.0000       291.80661       98652.681       13611.256       1.6435000       1.6957500      0.22575000       343.82800       1.9530432     0.013054831
2225.0000       291.79705       98648.710       13586.627       2.7925000       1.2637500    0.0095000010       343.37100       1.9561625     0.012495455
2230.0000       291.76050       98642.626       13530.570       2.4650000       1.8585000     -0.58725010       343.21800       1.9213951     0.013129465
2235.0000       291.73444       98638.024       13501.207       2.6642500       1.1207500      0.25975000       344.06500       1.9427417     0.013008768
2240.0000       291.73090       98636.383       13514.277       1.6057500       1.1237500     -0.26100000       343.41800       1.9294167     0.013620211
2245.0000       291.75493       98634.327       13539.666       4.7322500       2.9602500     -0.33150000       343.14500       1.9342613     0.013068105
2250.0000       291.78215       98630.617       13563.266       2.0900000       1.6900000      0.66300000       343.57800       1.9454220     0.013358662
2255.0000       291.80599       98628.981       13596.874       3.3832500       2.5022500     -0.13725000       343.10900       1.9291050     0.013398702
2260.0000       291.87797       98629.159       13681.739       1.0647500       2.3082500     0.089500000       343.61700       1.9432700     0.013196270
2265.0000       291.92388       98630.591       13734.848       2.7120000       3.8240000    -0.099000010       343.15900       1.9702671     0.013227487
2270.0000       291.91198       98634.061       13746.005       3.5187500       4.1045000      0.78900000       343.52200       1.9309078     0.013452081
2275.0000       291.95885       98636.016       13800.698       2.5567500       4.1380000     -0.86950000       343.29400       1.9158722     0.013582211
2280.0000       292.08251       98637.132       13888.271      0.79300000       1.9342500      0.67275010       343.63600       1.9591396     0.013004363
2285.0000       292.12500       98641.572       13951.814       3.6650000       4.6195000     -0.69350000       342.71200       1.9945573     0.013413738
2290.0000       292.15151       98646.776       14066.628       1.4400000       1.8997500       1.4877500       343.42800       1.9860202     0.012462243
2295.0000       292.16454       98652.237       14088.041       1.5460000       3.8350000     -0.49075000       343.40600       1.9347454     0.014147250
2301.0000       292.11148       98665.481       14034.299       1.1610000       3.9507500      -1.1765000       342.95600       1.9509319     0.013031809
2306.0000       292.08131       98668.677       13981.732       3.6452500       2.8962500     -0.26200000       343.31200       1.9391479     0.014578332
2311.0000       292.06910       98664.762       13855.535       2.2907500       1.0355000      0.22375000       343.27900       1.9347121     0.013881274
2316.0000       292.03308       98665.710       13789.146      0.70375000       2.2250000      0.88375000       343.42200       1.9324928     0.012961332
2321.0000       291.97109       98665.647       13751.897       1.0987500       4.0530000     -0.22850000       342.76400       1.9508062     0.013270762
2326.0000       291.92077       98664.639       13688.717       3.0260000       3.6392500     -0.32275000       342.92900       1.9590366     0.013333514
2331.0000       291.84752       98662.639       13611.755       1.4227500       2.5362500     -0.66175000       342.87500       1.9455271     0.013347747
2336.0000       291.82986       98666.933       13577.338       2.1130000       2.7675000      0.39125000       343.27500       1.9617391     0.012937258
2341.0000       291.85427       98675.312       13552.250       1.7122500       4.0257500      -1.1952500       343.15000       1.9620008     0.012773398
2346.0000       291.84422       98676.702       13526.468       3.8377500       2.2327500    -0.011250000       343.38700       1.9489563     0.014093831
2351.0000       291.85700       98681.659       13538.161       4.6010000       2.1672500     -0.43375000       343.50900       1.9508983     0.013767313
2356.0000       291.85056       98681.748       13533.218       2.4460000       2.6285000       1.2825000       343.45700       1.9571678     0.017833146
2361.0000       291.80107       98670.680       13498.450       3.4067500       3.7255000     -0.83600000       343.43900       1.9637032     0.014218111
2366.0000       291.78740       98668.028       13498.721       3.3272500       2.6502500     -0.81600000       343.00900       1.9320280     0.015266792
2371.0000       291.83494       98670.302       13545.478       2.8642500       3.8372500      -1.4922500       342.88400       1.9754959     0.014118025
2376.0000       291.78553       98670.274       13540.826       2.4395000       4.9162500     -0.70325010       342.90500       1.9416175     0.017248627
2381.0000       291.65192       98671.372       13502.760       3.2267500       3.3015000     -0.16025000       342.84600       1.9080911     0.016123857
2386.0000       291.62417       98669.725       13509.212       3.2500000       3.5707500     -0.34550000       343.00600       1.9355620     0.013100845
2392.0000       291.58397       98667.607       13520.986       1.2402500       1.8562500      0.23800000       343.29500       1.9176930     0.013155606
2397.0000       291.58995       98661.971       13523.420       1.9727500       4.4150000     -0.72150000       342.84400       1.9557720     0.012986961
2402.0000       291.71501       98650.955       13565.411       3.0757500       3.1985000    -0.063250010       343.02700       1.9328906     0.013230710
2407.0000       291.71877       98645.904       13559.380       2.4197500       2.2155000     -0.26575000       343.44800       1.9541089     0.012745396
2412.0000       291.67299       98640.635       13513.953       1.6670000       3.0995000     -0.51950000       342.89000       1.9956415     0.013402590
2417.0000       291.61442       98636.534       13474.369       1.3867500       2.4315000     -0.42650000       343.19700       1.9537925     0.013442037
2422.0000       291.48825       98635.734       13408.523       1.4115000      0.74275000      0.32775000       344.21800       1.9517156     0.011920410
2427.0000       291.47489       98633.766       13411.189       2.5322500       1.2770000     0.010250000       343.37800       1.9592475     0.012537401
2432.0000       291.49619       98630.216       13443.961       3.5155000       2.7925000     -0.52550000       343.34100       1.9582682     0.012093138
2437.0000       291.49476       98629.156       13439.655       5.0887500       1.9862500     -0.32875000       342.95400       1.9594145     0.012511687
2442.0000       291.55100       98630.323       13461.135       1.9205000       3.2185000     -0.21925000       342.37600       1.9432213     0.018246206
2447.0000       291.57197       98630.335       13478.554       1.5762500       1.9567500      0.40375000       343.13200       1.9824088     0.012443347
2452.0000       291.53370       98630.465       13449.491       2.0410000       3.0197500     0.089750010       343.03200       1.9567109     0.012659664
2457.0000       291.56052       98630.490       13468.054       4.2095000       3.5390000     -0.21250000       342.89600       1.9706058     0.012725951
2462.0000       291.63840       98630.519       13535.531       5.4662500       4.2947500      -1.2515000       342.88700       1.9781585     0.012629372
2467.0000       291.68858       98630.591       13587.324       5.3540000       3.1530000      0.12125000       342.86500       1.9800996     0.012190152
2472.0000       291.73045       98630.322       13626.924       1.9625000       2.6980000      0.74825000       343.01900       1.9670358     0.012401560
2477.0000       291.79942       98630.335       13690.840       2.8197500       2.5672500      0.60000000       343.09400       1.9603576     0.012719768
2483.0000       291.90812       98629.690       13810.264       3.1547500       1.5530000      0.17600000       343.27300       1.9884040     0.013141930
2488.0000       292.00073       98630.242       13858.812       3.9757500       2.3212500      0.14650000       342.70800       1.9742095     0.012114808
2493.0000       292.02546       98633.923       13887.137       3.9717500      0.90200010     -0.41850000       343.37200       1.9602313     0.011798293
2498.0000       292.00097       98640.047       13891.382       3.9057500       2.3050000      0.35925000       343.36300       1.9089085     0.013840078
2503.0000       291.92128       98650.771       13866.962       4.9560000      0.85675000     -0.70550000       343.00900       1.9458544     0.012859250
2508.0000       291.81606       98655.698       13810.959       3.5052500       1.8667500     -0.28700000       343.10400       1.9028930     0.016245825
2513.0000       291.63771       98661.622       13721.335       3.5155000       2.1745000     0.041750000       343.30600       1.9990614     0.012717412
2518.0000       291.54506       98660.332       13648.746       3.9282500       2.5650000     -0.87225000       343.23500       1.9645622     0.012460382
2523.0000       291.48090       98660.357       13584.251       4.9177500       3.1265000     -0.16675000       343.26600       1.9541992     0.013630963
2528.0000       291.46992       98660.122       13529.802       3.5320000       2.2030000      0.99625000       343.26800       1.9433331     0.012642194
2533.0000       291.48748       98660.063       13506.209       2.8037500      0.69175000       1.0515000       343.61600       1.9642247     0.012539210
2538.0000       291.54502       98658.808       13498.405       2.2022500    -0.035750000     -0.53600000       342.94400       1.9582575     0.013128498
2543.0000       291.59328       98659.655       13493.147       4.1267500       2.2882500      0.51075000       343.30600       1.9601666     0.013113884
2548.0000       291.65378       98661.710       13503.489       6.1807500       1.6157500     -0.66325000       342.62300       1.9702352     0.012485041
2553.0000       291.76798       98665.204       13551.762       4.2892500       1.6425000      0.15875000       343.20300       1.9572480     0.012760978
2558.0000       291.78388       98667.208       13577.477       4.2340000       1.3535000      0.60550000       343.62500       1.9452409     0.012937212
2563.0000       291.76217       98670.977       13593.937       2.0160000       1.7187500      0.35325000       343.74200       1.9574402     0.012290547
2568.0000       291.68467       98671.816       13621.000       2.4732500      0.22750000      0.44425000       343.50800       1.9389413     0.013641590
2574.0000       291.63613       98670.650       13659.730       3.6142500       2.9882500     -0.28825000       342.76600       1.9409592     0.013700883
2579.0000       291.63819       98665.439       13718.629       3.2680000       1.1245000     0.052000000       343.39400       1.9339956     0.013645467
2584.0000       291.59727       98664.560       13732.732      0.43850000       1.3765000      0.76475010       343.81300       1.9172166     0.013940633
2589.0000       291.53345       98664.528       13727.860       2.8787500       2.5070000      0.51875000       343.13000       1.9528415     0.012081085
2594.0000       291.49350       98664.650       13717.526       2.6820000       2.8682500     -0.32550000       343.11600       1.9436615     0.013025612
2599.0000       291.42053       98669.334       13659.276       2.2150000       2.9237500      0.10875000       342.98600       1.9721796     0.012447003
2604.0000       291.38308       98671.280       13625.094       2.5545000       3.7755000      0.33575000       343.00200       1.9259951     0.013782070
2609.0000       291.41388       98670.145       13629.410       3.3262500       1.9935000     -0.60125010       342.84000       1.9281270     0.013593809
2614.0000       291.40259       98670.086       13590.371       2.7442500       3.3790000     -0.12825000       343.16900       1.9443577     0.013818819
2619.0000       291.35162       98670.406       13491.313       2.0102500       1.4865000     -0.62850000       343.22700       1.9577676     0.013185815
2624.0000       291.34310       98670.465       13456.840       1.7775000      0.71700000      0.20550000       343.86300       1.9308786     0.012827602
2629.0000       291.35802       98671.729       13439.037       2.0762500       1.5405000      0.28725000       343.14700       1.9534862     0.013108464
2634.0000       291.34822       98670.623       13417.227       2.0242500       2.1547500      0.31000000       343.40300       1.9426702     0.013675963
2639.0000       291.38707       98667.003       13444.390       3.4342500       2.3700000      0.54575000       342.96900       1.9996221     0.013111344
2644.0000       291.36326       98665.014       13457.385       1.0645000       1.8287500     0.046750000       343.65300       1.9567829     0.013398666
2649.0000       291.25672       98661.302       13447.461       1.7392500       1.5305000      0.83200000       343.22000       1.9477662     0.013681742
2654.0000       291.18650       98659.437       13439.836       2.5855000       2.2132500     -0.32550000       342.91100       1.9150954     0.014758087
2659.0000       291.07088       98663.033       13441.539       3.0805000       1.1177500      0.30950000       343.43700       1.9467778     0.012974359
2665.0000       291.01897       98660.062       13443.836       2.5962500       2.3397500     -0.17475000       342.81000       1.9111943     0.013853589
2670.0000       291.01701       98652.712       13407.163       3.3412500       2.1605000     -0.36150000       343.11800       1.8602842     0.017495493
2675.0000       291.04802       98648.742       13431.363       3.1047500       2.1492500    -0.030500000       343.35900       1.9397729     0.013419468
2680.0000       291.17029       98641.328       13522.325       3.1485000       1.8132500      0.62900000       343.49600       1.9180906     0.013370204
2685.0000       291.22676       98638.110       13559.422       2.9107500       1.9407500      0.65025000       343.00600       2.0098359     0.012622412
2690.0000       291.25152       98640.306       13587.890       1.7990000       2.5605000      0.51400000       342.89500       1.9599969     0.013186909
2695.0000       291.32609       98640.328       13638.342       1.9915000       1.2457500      0.90550010       343.50500       1.9094252     0.013509146
2700.0000       291.41613       98640.164       13659.341       3.2100000       3.0985000    -0.092750010       342.25200       1.9098571     0.014010197
2705.0000       291.47641       98640.105       13706.377       2.8667500       2.1090000     -0.49275000       342.65100       1.9474777     0.014092147
2710.0000       291.55991       98640.378       13790.346       2.7165000       2.9135000      0.18425000       343.00700       1.9586102     0.013718138
2715.0000       291.63534       98640.419       13880.142       2.4942500       1.8537500      0.84000000       342.54500       1.9707926     0.014731488
2720.0000       291.67603       98641.616       13997.364       3.6805000       1.9567500    -0.048750000       342.50900       1.9770347     0.013906016
2725.0000       291.71584       98640.305       14068.759       2.9805000       1.7320000    -0.039000000       342.96900       1.9533962     0.013075294
2730.0000       291.77653       98636.357       14159.554       1.6470000       2.6720000      0.60900000       343.09800       1.9444695     0.015336153
2735.0000       291.82282       98634.261       14200.489       2.2240000      0.97225000     -0.27800000       343.42900       1.9306892     0.012993425
2740.0000       291.85072       98630.863       14188.376       2.6975000      0.75800000     -0.28425000       343.12000       1.9618098     0.013116741
2745.0000       291.85700       98629.254       14156.163       2.4450000       1.5252500      0.41100000       343.33100       1.9447903     0.014789870
2750.0000       291.85661       98630.274       14071.507       2.5790000       3.3052500     -0.36825000       343.21400       1.9183505     0.015035316
2756.0000       291.85078       98630.274       14018.637       3.1045000       2.6180000     -0.30925000       343.28600       1.9555637     0.013569896
2761.0000       291.80091       98630.274       13955.956      0.51650000       2.4050000      0.67850010       342.92900       1.9695141     0.013665451
2766.0000       291.78722       98630.274       13917.738       1.5675000       1.0932500      0.29975000       343.84300       1.9364689     0.013925064
2771.0000       291.78846       98632.682       13919.018       1.2772500       1.6227500      0.35875000       343.43100       1.9623796     0.012978107
2776.0000       291.80482       98629.402       13905.624      0.83300010       1.8190000      0.25175000       343.10100       1.9776793     0.013261992
2781.0000       291.83114       98621.911       13873.646       1.1420000       1.9847500      0.16675000       343.18500       1.9444816     0.013066114
2786.0000       291.86773       98617.952       13875.366       1.1037500       2.1150000     0.043250000       343.00300       1.9229930     0.013918582
2791.0000       291.97567       98610.369       13922.822       2.3187500       2.2390000     -0.39775000       343.44700       1.9815471     0.013568017
2796.0000       291.96104       98607.625       13915.189       1.5437500       1.4757500     -0.55800000       343.92400       1.9378748     0.014142866
2801.0000       291.86165       98610.478       13876.438      0.84975000       1.4965000      0.31550000       344.69600       1.9128409     0.017468766
2806.0000       291.83191       98610.582       13881.233       2.4775000      0.92900000     -0.25375000       343.82600       1.9726795     0.013793284
2811.0000       291.74460       98610.349       13866.067       1.9520000      0.59175000       1.1505000       344.12400       1.9457908     0.014056318
2816.0000       291.72321       98610.365       13885.209       2.3965000       3.5230000      0.10125000       343.28300       1.9094825     0.015164247
2821.0000       291.81114       98610.494       13992.098       2.3865000       4.4700000     -0.61000000       343.16800       1.9442142     0.014384113
2826.0000       291.80848       98610.581       14002.043       1.8247500       1.4502500       1.0700000       344.28300       1.9475438     0.013200303
2831.0000       291.76928       98610.308       13970.075       5.8640000       3.3540000     -0.53700000       343.32400       1.9330896     0.012720702
2836.0000       291.73289       98610.335       13938.220       2.7832500       3.9265000      0.84675000       343.82100       1.9270063     0.013855298
2842.0000       291.64997       98610.195       13842.224      0.45600000       3.1757500     -0.15050000       342.99100       1.9291245     0.013188396
2847.0000       291.61851       98610.181       13801.295       1.0387500       1.3347500      0.41200000       343.03900       1.9648893     0.013036508
2852.0000       291.59667       98610.497       13782.408       2.4060000       2.3690000     -0.91075000       342.80500       1.9791878     0.013336297
2857.0000       291.58532       98610.603       13743.168       3.1897500       2.9835000      -1.5370000       342.73100       1.9446635     0.014187214
2862.0000       291.58158       98610.353       13690.263       4.1810000       3.3355000     -0.21800000       343.21200       1.9565875     0.013884872
2867.0000       291.61985       98610.366       13683.682       2.3935000       2.9185000     -0.36475000       343.27700       1.9502995     0.014371690
2872.0000       291.67532       98610.463       13670.646       3.0370000       2.7610000      0.49375000       342.85400       1.9388301     0.015125109
2877.0000       291.75358       98610.568       13716.883       1.3807500       4.2962500     -0.70100000       343.01700       1.9678649     0.014548877
2882.0000       291.86513       98610.336       13825.190       2.3370000       4.1227500      -1.7895000       343.07000       1.9779958     0.015109717
2887.0000       292.00257       98610.336       13917.550       2.7192500       4.5465000     -0.37875000       342.35000       1.9583365     0.014068439
2892.0000       292.16494       98610.498       14011.382       2.1647500       2.6292500      0.15800000       343.05600       1.9587421     0.019674370
2897.0000       292.32275       98610.604       14165.840       1.3820000       4.6032500      0.55000000       343.15100       1.9708880     0.013961376
2902.0000       292.54928       98610.354       14373.983      0.44350000       3.0145000      0.44025000       343.51100       2.0148168     0.014552279
2907.0000       292.65390       98610.366       14530.387       2.3472500       6.0307500      0.20075000       342.86000       1.9783794     0.014425166
2912.0000       292.74735       98610.509       14786.530       2.4957500       5.8505000     -0.81375000       342.36100       2.0282733     0.012949948
2917.0000       292.70528       98610.602       14805.056       1.2575000       6.0202500     -0.48825000       342.49000       1.9890048     0.014761598
2922.0000       292.54270       98607.672       14698.507       1.5410000       3.3070000     -0.20550000       343.27100       2.0170989     0.013925334
2927.0000       292.40603       98613.325       14561.571       3.0622500       4.4507500      -1.0250000       342.90600       1.9536649     0.013619583
2933.0000       292.12787       98626.129       14222.101       2.5350000       3.2492500      0.73675000       343.73300       1.9843533     0.013231399
2938.0000       292.01373       98635.965       14061.992     -0.16275000       3.3257500      0.50925000       344.33700       1.9840032     0.012981100
2943.0000       291.93052       98638.605       13918.974       1.6800000       2.1035000     -0.19125000       343.66900       1.9440836     0.012532628
2948.0000       291.88419       98635.107       13801.867       1.8055000       3.0380000     -0.44525000       343.54300       1.9634358     0.013532393
2953.0000       291.86774       98619.871       13707.907       3.2117500       2.3715000     -0.52425000       343.34100       1.9300561     0.014896811
2958.0000       291.94569       98614.993       13696.355       3.6665000       4.4867500     -0.43525000       343.11700       1.9480050     0.014272185
2963.0000       292.10087       98608.873       13730.432       3.9340000       4.8262500     -0.74975000       342.92600       1.9771473     0.019901438
2968.0000       292.22624       98610.215       13774.896       2.6045000       1.6945000      0.86300000       343.73000       1.9621892     0.013936756
2973.0000       292.32103       98610.191       13815.796       4.9350000       4.9635000      0.72650000       342.93600       2.0218409     0.014323096
2978.0000       292.34504       98610.425       13830.482       2.3250000       2.1002500      0.47950000       343.84300       1.9729644     0.014306900
2983.0000       292.35580       98610.473       13829.910       3.4160000       4.2407500     -0.80450000       342.74900       1.9498981     0.013920510
2988.0000       292.37041       98607.369       13848.689       2.3097500       3.3492500     -0.31175000       343.25400       1.9246891     0.016649667
2993.0000       292.36331       98609.144       13851.144       3.8722500       4.5185000     -0.47350000       342.77800       1.9539137     0.014253322
2998.0000       292.33163       98613.392       13834.589       3.0157500       2.9565000      0.65700000       343.97300       1.8978974     0.014935259
3003.0000       292.25843       98621.508       13774.320       2.8155000       2.4017500     0.012500000       343.55300       1.9386868     0.013626004
3008.0000       292.18665       98621.280       13745.904       3.2250000       2.5675000     -0.33675000       343.46700       1.9237373     0.013922350
3013.0000       292.10656       98621.291       13723.623    0.0030000000       1.5515000       1.2912500       344.90100       1.8640538     0.021243494
3018.0000       291.95407       98613.318       13687.603       3.5827500       4.0067500     -0.48650000       344.41000       1.9609001     0.013926444
3024.0000       291.86852       98608.467       13679.908       4.5715000       4.3200000     0.079000000       343.26100       2.0691950     0.016919591
3029.0000       291.81080       98610.437       13694.223       1.3942500       3.2082500     -0.39700000       343.16200       1.9642107     0.014834245
3034.0000       291.82705       98610.479       13722.450       4.4342500       4.5852500     -0.31875000       342.35100       1.9464247     0.013437249
3039.0000       291.97575       98610.436       13795.506       2.7420000       4.2862500      0.57300000       343.60500       1.9756330     0.012692698
3044.0000       292.06587       98610.478       13841.937       4.2180000       3.7312500      0.24925000       343.22100       1.9286952     0.014290640
3049.0000       292.18972       98610.240       13870.424       3.5382500       3.2162500      0.35050000       343.75500       1.9154982     0.013231091
3054.0000       292.27766       98610.202       13922.972       4.2292500       2.8380000     -0.26150000       342.82900       1.9270813     0.013455291
3059.0000       292.33932       98610.209       13961.538       3.9282500       2.1757500      0.66575000       344.31200       1.9449445     0.013287451
3064.0000       292.36728       98610.188       14032.442       5.2422500       3.2577500     -0.26625000       342.64000       1.9201768     0.014580724
3069.0000       292.39890       98610.437       14219.376       3.7407500       3.8967500     -0.60350000       342.33500       1.9373048     0.013624557
3074.0000       292.36359       98610.479       14269.369       2.0062500       1.8345000      0.13575000       344.07000       1.9369319     0.018456657
3079.0000       292.19373       98611.760       14231.043       3.2932500       3.6520000     -0.49575000       342.61600       1.9729748     0.013173346
3084.0000       292.12673       98610.655       14225.731       1.4197500       2.9320000      0.61125000       344.80500       1.8867593     0.015093424
3089.0000       292.07747       98606.901       14160.542       2.0482500       1.9385000     -0.97500000       343.30300       1.9202119     0.025995404
3094.0000       292.03017       98604.831       14091.358       2.1345000       2.2902500     -0.28625000       343.51800       1.9601647     0.012417727
