0.00000000      293.60730       98662.030       13727.947       4.5675000       3.8532500     -0.63125000       343.54600       4.4195179     0.057109545
5.0000131       293.64572       98653.539       13787.460       4.7200000       3.1937500     -0.13575000       343.79900       3.8383779     0.050253195
10.000026       293.52373       98626.482       13815.280       2.4175000       1.8122500      0.60325000       344.59600       3.8864552     0.059249717
14.999999       293.48419       98619.897       13817.914       5.8820000       1.3865000     -0.34275000       344.94000       2.5781666     0.048148212
20.000012       293.43638       98619.219       13770.963       6.2090000       2.4417500     -0.12075000       343.64600       3.5327141     0.055593630
25.000025       293.37701       98624.367       13733.563       4.1155000     0.016750000      0.18525000       344.66500       5.0025858     0.061515149
29.999998       293.32615       98651.278       13686.524       4.7560000       2.8510000     -0.57250010       343.30000       4.3005554     0.060687526
35.000011       293.28616       98660.780       13622.575       5.0645000      0.66650000      0.39175000       344.39900       3.9889325     0.057283213
40.000024       293.15961       98668.738       13503.700       6.2252500      0.24250000     -0.13375000       344.63800       4.1976423     0.058067993
44.999997       293.18196       98667.590       13468.733       1.6652500      0.92675010    -0.044250000       344.86000       3.9419956     0.062383106
50.000010       293.32863       98649.192       13453.117       4.5042500       1.7407500     -0.13450000       344.13700       3.4904156     0.060789775
55.000024       293.43624       98641.525       13459.132       4.1555000       1.9145000     -0.16050000       344.43800       3.3855633     0.062827591
59.999996       293.64355       98628.033       13539.797       3.9982500       1.7632500     -0.21875000       343.34300       2.7745294     0.062439921
65.000010       293.76132       98627.355       13597.618       3.9047500       2.7517500     -0.55450000       344.63100       4.1186913     0.054891534
70.000023       293.86769       98641.494       13665.003       5.5527500       3.8302500     -0.41375000       342.64100       3.9373279     0.066462389
74.999996       293.87800       98647.528       13707.486       4.1672500       2.2570000      0.27225000       344.55400       4.7777873     0.064060306
80.000009       293.81841       98661.369       13773.490       5.4560000       3.0677500     -0.35575000       344.24200       4.8085679     0.058385347
86.000016       293.70957       98663.247       13777.201       5.4660000       3.0060000    -0.013000000       344.06200       2.9122652     0.062704736
91.000029       293.48377       98654.913       13726.301       1.9830000       2.0250000       1.8585000       345.33100       3.1494641     0.047849616
96.000002       293.36593       98645.995       13669.581       3.3840000       1.5387500       1.0237500       345.84300       4.5303651     0.053160465
101.00002       293.24783       98622.259       13561.018       5.9180000       2.7982500    -0.089250010       343.97000       3.4493201     0.060804639
106.00003       293.20337       98621.731       13500.671       3.7912500       2.5045000    -0.089000000       344.13000       4.3055536     0.059938179
111.00000       293.26549       98630.589       13457.419       3.7472500       1.6702500      0.15450000       343.82300       4.0277810     0.070384338
116.00001       293.23964       98638.070       13392.914       5.1145000       1.3062500     -0.29575000       344.15500       4.5877619     0.065539303
121.00003       293.26411       98664.064       13364.859       2.9365000       2.4982500      0.11175000       343.91100       3.4879879     0.057288250
126.00000       293.17209       98672.938       13269.168       1.2982500       1.6220000      0.60150000       345.70700       4.1743281     0.066053207
131.00001       292.95665       98674.750       13116.533       5.3407500       1.0580000     -0.67525010       343.83200       3.4926500     0.063774432
136.00003       292.81585       98669.694       12987.494       4.2737500      0.67225000     -0.48050000       344.55100       4.4185085     0.054943307
141.00000       292.56037       98653.209       12782.815       5.7070000       1.7365000     -0.13400000       344.58600       3.9528705     0.060369425
146.00001       292.54464       98645.209       12721.791       3.3990000      0.43625000      0.37300000       344.88600       3.3208508     0.055425297
151.00003       292.68979       98627.329       12726.779       5.2892500       1.4067500      0.35725000       345.01400       3.8004472     0.054005169
156.00000       292.79412       98626.733       12751.387       5.4872500       2.4745000     0.035250000       344.42800       4.2991898     0.060106512
161.00001       293.11389       98641.482       12916.031       4.0405000       1.2297500      0.63750000       345.34900       3.4872032     0.053942526
166.00002       293.17235       98649.197       12947.929       4.1175000       1.0592500      0.48225000       345.04500       3.0522350     0.056908626
171.00000       293.08319       98665.358       12932.373       4.9425000      0.53625010      0.60800000       344.92200       4.2956528     0.061219921
177.00001       293.02019       98670.203       12916.318       3.4185000       1.5642500      0.20350000       344.51100       2.9885429     0.051888630
182.00002       292.82466       98668.626       12817.557       4.2790000      0.93325010      -1.1557500       344.68200       3.8755517     0.055860058
186.99999       292.80799       98662.186       12841.312       3.0720000       1.0572500     0.069250000       345.78700       4.5771160     0.055727999
192.00000       292.91646       98646.044       12938.131       2.6247500      0.70225000      0.16850000       345.96400       3.6778373     0.051419519
197.00002       292.88937       98638.962       12976.836       5.4402500       1.9425000     -0.34975000       343.23300       3.6744489     0.047282929
202.00003       292.86843       98626.887       13060.837       4.8317500       2.0522500     -0.17950000       343.35700       3.6854012     0.039405550
207.00000       292.83159       98629.105       13076.603       4.3810000       1.2847500      0.25700000       343.98300       5.6007748     0.060482215
212.00002       292.70134       98643.171       13030.932       2.2037500      0.68775000       1.2262500       345.12800       5.6187145     0.057675514
217.00003       292.64925       98651.256       13001.615       3.8102500       2.5737500     -0.71950000       343.90900       3.2347507     0.052809043
222.00000       292.63673       98668.466       12952.130       2.2052500      0.89550010     0.089750010       345.28600       3.6463425     0.055491931
227.00002       292.65444       98668.307       12936.977       4.4620000     -0.76725010      0.54025000       343.76100       5.7515017     0.057078745
232.00003       292.64488       98657.424       12886.194       4.6285000      0.47325000    -0.029250000       344.29800       4.5980635     0.046492220
237.00000       292.76633       98650.713       12950.693       4.8322500      -1.4132500      0.62025000       344.50600       3.1248317     0.047262976
242.00002       293.02692       98633.823       13102.529       5.8050000     -0.20925000      0.22725000       343.93600       3.8185124     0.052769857
247.00003       293.16697       98630.347       13208.985       4.1452500     -0.84725000      0.57125000       345.16900       4.6749646     0.046349305
252.00000       293.41692       98631.707       13403.691       3.6802500      0.99925010    -0.088250000       346.19000       4.0581449     0.049492790
257.00001       293.37808       98638.289       13459.641       4.2352500      0.43025000     -0.41725000       344.68400       3.0067160     0.046666756
263.00002       293.12267       98655.657       13439.560       4.6842500       2.1637500     -0.13675000       343.15800       3.5984770     0.048553992
267.99999       292.79707       98670.290       13350.164       3.1200000       1.3675000    -0.079000000       344.12300       3.4232989     0.046162384
273.00001       292.60753       98674.146       13298.931       3.5485000       2.4890000     -0.86225000       343.91700       3.7982620     0.046887654
278.00002       292.51351       98662.698       13262.168       2.2032500       2.5787500     -0.41200000       344.57100       5.0966573     0.045310810
282.99999       292.46821       98655.835       13224.440       2.6465000       3.2337500      0.19400000       345.25400       3.7347745     0.044205773
288.00001       292.53025       98637.187       13206.736       2.8670000       3.3317500      0.26575000       345.10000       2.7623104     0.038404029
293.00002       292.58738       98631.421       13187.339       3.5330000       4.1980000     -0.16025000       343.26500       3.0417081     0.047545664
297.99999       292.66914       98633.044       13166.713       3.4725000       5.0810000     -0.52175000       342.97800       3.0408416     0.046093989
303.00001       292.79036       98643.625       13133.041       5.4287500       3.3102500     -0.34200000       343.71100       2.9211873     0.041103806
308.00002       292.91260       98650.971       13122.349       2.5795000       1.9152500    -0.048250000       344.79900       3.3309269     0.037891586
312.99999       293.04912       98667.031       13114.892       2.0002500       4.2767500      0.32400000       344.47500       4.6087727     0.047869597
318.00001       293.21637       98673.299       13180.183       2.6310000       2.8400000     -0.45575000       344.53000       5.1298588     0.044445460
323.00002       293.32192       98672.943       13203.393       3.5507500       2.4070000      0.21675000       344.95100       4.2236049     0.039949348
327.99999       293.37010       98662.748       13188.464       3.6782500       4.3997500     -0.46325000       343.69000       3.1440131     0.041101434
333.00000       293.41197       98655.895       13225.693       4.1455000      0.78225000     -0.35875000       346.28900       2.8014755     0.045258746
338.00002       293.42920       98647.806       13276.248       3.3552500       1.0250000      0.83075000       345.09800       4.7841408     0.049549607
343.00003       293.41939       98631.434       13316.056       5.4157500       2.9785000     -0.13225000       344.12500       3.2845843     0.043839914
348.00000       293.35448       98633.293       13358.615       5.1170000       1.6075000      0.68900000       344.89600       5.0942370     0.049904440
354.00001       293.24041       98645.503       13465.584       3.0255000       2.8442500      0.64825000       344.64000       3.6149975     0.056057720
359.00002       293.14991       98662.172       13425.977       3.8432500       1.8852500      -1.1462500       343.84000       4.2848507     0.044562687
364.00000       293.02826       98668.713       13366.989       6.1625000       1.3855000     -0.28150000       344.82600       2.7654621     0.040353116
369.00001       292.90024       98668.797       13246.871       3.5050000     -0.19350000     -0.24525000       344.11800       2.4654565     0.044230045
374.00002       292.77959       98666.391       13152.406       3.7467500       2.9860000     -0.23375000       344.02200       3.1412860     0.039552647
379.00000       292.64221       98655.809       13046.826       5.1487500       2.9095000     -0.32675000       343.30100       3.7223222     0.048392636
384.00001       292.47225       98648.817       12939.912       2.4970000       3.4727500     -0.19350000       345.23700       3.6931354     0.042775309
389.00002       292.23959       98637.614       12818.459       4.1827500       2.4417500     0.024500000       344.36400       4.0635375     0.049185331
394.00000       292.11353       98633.066       12738.916       2.6590000       2.4862500     -0.67050000       345.44400       3.3027601     0.040740442
399.00001       291.91502       98630.459       12632.750       2.1565000       1.7905000      0.42625000       345.97700       2.9538739     0.045415159
404.00002       291.89695       98633.963       12606.696       5.1362500       3.7760000     -0.56825000       342.89900       4.3035398     0.054131275
408.99999       292.14922       98649.595       12687.023       5.2645000       1.7660000    -0.058500000       344.21400       3.7479561     0.046191961
414.00001       292.28030       98657.537       12729.547       4.2232500       2.0877500     -0.43500000       343.02100       4.3772987     0.041640887
419.00002       292.50042       98671.718       12804.281       3.8560000      0.99750010      0.42325000       343.84500       3.7907637     0.047569708
423.99999       292.60190       98673.933       12863.233       1.6665000       1.3110000      0.43450000       344.79900       3.6666573     0.054029129
429.00001       292.54237       98661.929       12888.190       3.5190000       2.6435000     -0.46075000       344.17000       4.5807586     0.046114683
434.00002       292.55228       98654.823       12935.680       4.5925000      0.88850000     -0.37575000       345.21400       3.9626160     0.049474883
438.99999       292.57207       98635.683       13013.196       3.2602500       1.7300000     -0.23075000       345.13400       3.4733416     0.047356014
445.00000       292.54460       98631.563       13074.163       3.5312500       4.2835000      0.46450000       345.07400       3.4737283     0.052206910
450.00001       292.54368       98641.113       13142.179       5.7685000      0.84350000      0.33050000       344.16600       3.7851362     0.052147059
455.00003       292.49251       98646.836       13155.427       4.3512500      0.80475000     -0.11950000       344.79300       3.6689290     0.048602642
460.00000       292.30695       98662.621       13096.483       5.3735000      0.84275000       1.0990000       344.84400       4.0973197     0.053905601
465.00001       292.26272       98669.389       13091.842       3.1235000       2.5567500     -0.22325000       344.40100       3.7401319     0.049411351
470.00003       292.29898       98673.693       13092.178       3.4117500       1.1767500      0.43075000       345.11100       3.0761965     0.050973952
475.00000       292.29257       98671.227       13077.842       4.5190000       3.6580000     -0.79375000       343.47900       3.3293754     0.045813721
480.00001       292.36687       98660.671       13110.627       4.3640000       1.4972500     0.049000000       344.43500       2.7189196     0.040843272
485.00002       292.36545       98653.301       13084.912       3.0762500      0.82325010      0.47625000       345.28400       4.4761297     0.042663080
490.00000       292.28064       98636.907       12993.338       2.4440000      0.26150000     0.026250000       345.65600       2.6899312     0.043416595
495.00001       292.23045       98631.380       12932.167       5.3967500       5.4890000      -1.4112500       343.71900       3.9841464     0.039032544
500.00002       292.15329       98630.758       12828.861       5.1875000       2.1625000     -0.47650000       342.91800       4.4162760     0.042446274
505.00000       292.13005       98635.163       12802.835       4.1642500       2.6925000      0.39525000       344.10400       5.1267303     0.056195042
510.00001       292.11749       98651.106       12815.871       4.8725000      0.66000000     -0.19800000       344.00000       4.2786820     0.047648743
515.00002       292.14873       98658.591       12850.146       5.7230000       2.5470000     -0.12125000       343.80800       4.3236935     0.044001197
520.00000       292.28330       98668.714       12974.484       2.4940000      0.66100000      0.43525000       345.74200       3.5456354     0.050450856
525.00001       292.32566       98673.489       13032.651       4.2012500       1.4622500      0.10025000       343.54400       3.6182340     0.052829652
530.00002       292.35133       98671.655       13057.439       4.2385000      0.43450000       1.4472500       344.54700       4.6299446     0.041002338
536.00003       292.36358       98669.919       13123.852       2.7880000      0.97250000       1.2662500       345.43400       3.9447922     0.048686221
541.00000       292.30046       98669.240       13172.717       3.2797500       2.3637500      0.43525000       344.39800       4.0560628     0.046944522
546.00002       292.28661       98662.353       13215.668       3.9117500       3.2045000      0.12950000       342.82600       4.6282827     0.050112799
551.00003       292.32199       98644.355       13313.995       4.5355000       2.2335000      0.32575000       343.45800       6.1022090     0.051328197
556.00000       292.28939       98641.916       13312.797       3.3740000       3.5670000   -0.0090000010       343.39700       3.3476412     0.040141175
561.00001       292.20472       98641.830       13223.059       4.2232500       1.6585000     -0.33425000       343.90500       3.2283635     0.037466210
566.00003       292.18098       98645.222       13194.027       4.6707500       2.2505000     -0.35825000       343.23200       5.0337490     0.046768862
571.00000       292.15411       98665.370       13154.155       2.4827500       1.0107500      0.18175000       343.97800       2.9211963     0.043796529
576.00001       292.13038       98669.854       13102.782       4.3390000       1.5100000     0.018750000       344.04900       4.6900401     0.046105208
581.00003       292.14583       98668.344       13066.619       3.1662500       2.2375000      0.20100000       343.56200       3.3371919     0.038304296
586.00000       292.15607       98664.540       13035.096      0.95650010       2.2185000      0.17025000       344.50000       4.3897041     0.044424352
591.00001       292.15493       98653.123       12978.106       3.8922500       2.8720000      0.16300000       343.85500       3.4052266     0.037277259
596.00003       292.14512       98646.168       12933.922       2.8025000       1.8817500     -0.38600000       343.78400       3.4878956     0.052141495
601.00000       292.15711       98635.133       12910.725       2.4182500       1.8162500     -0.12800000       344.05100       4.3943551     0.045238625
606.00001       292.15089       98632.080       12898.664       2.0490000       1.2905000     -0.67425000       343.45100       5.2264817     0.054788601
611.00003       292.11242       98630.892       12876.191       5.5437500       1.3152500     0.081500000       343.42500       4.8745968     0.049030617
616.00000       292.08245       98636.444       12869.908       1.4732500      0.18025000       1.7155000       344.63400       4.0509342     0.044110312
621.00001       292.04716       98652.730       12888.428       4.3985000       2.6137500     -0.18150000       343.66800       3.4003793     0.030186500
627.00002       292.04445       98661.489       12926.196       3.0495000       2.5400000     -0.11550000       343.73800       3.6417873     0.038325162
631.99999       292.04340       98673.902       12962.383       3.1987500       1.4985000     -0.20225000       343.49900       2.7191447     0.037948798
637.00000       292.05215       98671.677       12995.431       4.7410000       2.4602500     -0.20425000       343.03800       6.5558335     0.088035513
642.00002       292.10319       98657.363       13052.346       3.0517500       2.5815000     -0.44400000       343.36600       5.8876752     0.060686217
647.00003       292.11421       98649.558       13095.909       3.2027500       3.7460000     -0.89000000       343.62900       6.2981410     0.073195369
652.00000       292.10947       98633.919       13135.931       2.4290000       2.2140000      0.37150000       344.08700       3.2190715     0.037368734
657.00002       292.09117       98630.417       13142.167       2.4837500       1.9300000      0.41325000       344.24500       3.6650962     0.042591622
662.00003       292.05530       98632.523       13143.073       1.8067500       1.9285000     -0.23675000       344.12800       4.3665212     0.040698518
667.00000       292.03523       98637.224       13133.825       1.9277500       2.3637500     -0.39225000       343.31800       4.6364643     0.042686820
672.00002       292.00669       98648.906       13086.136       4.2392500       3.9440000      0.56350000       343.71700       2.8487954     0.037702680
677.00003       291.97666       98655.958       13053.496       2.3342500       1.9057500      0.73150000       344.10300       3.8060292     0.039848037
682.00000       291.95333       98666.487       13031.770       5.6595000       2.7817500     -0.38125000       342.81900       3.6720616     0.041266806
687.00002       291.93334       98668.921       13002.074       2.4332500       1.4850000      0.24850000       344.15200       4.3097862     0.042631765
692.00003       291.89726       98667.742       12950.002       3.3977500       4.2757500     -0.36600000       343.05800       5.0157195     0.044768934
697.00000       291.88622       98663.120       12925.957       2.9455000       4.4012500      -1.1772500       343.21100       4.2931116     0.043365083
702.00001       291.89078       98652.027       12901.184       3.5770000       3.3492500      0.24175000       343.52500       7.2942102      0.12215055
707.00003       291.90986       98645.039       12925.342       2.5547500       2.3702500     -0.76750000       343.35400       4.6900556     0.043144835
712.00000       291.94644       98632.512       12979.983       2.9452500       2.8057500     -0.22200000       343.21500       4.4978435     0.041187456
718.00001       291.98540       98639.407       13065.974       2.7370000       3.3760000      0.35300000       343.46800       3.4455341     0.042677524
723.00002       292.00702       98644.144       13130.854       2.2195000       1.7582500     0.027750000       343.83800       2.8734581     0.039180539
727.99999       292.00024       98659.060       13169.428       2.6267500       4.0657500     -0.44575000       343.02100       3.3295278     0.039017463
733.00001       292.00035       98667.401       13221.836       1.4060000       4.6440000     -0.52025000       343.11000       2.9358714     0.045003440
738.00002       291.98501       98670.274       13301.492       2.4862500       2.2152500     -0.12050000       343.89200       3.0402912     0.042858838
742.99999       291.99359       98671.497       13353.574       3.9177500       2.5605000     -0.35675000       343.54700       3.0728429     0.042282150
748.00001       292.01447       98670.262       13394.169       2.8955000       3.2202500     -0.23225000       343.26700       3.6376328     0.042553869
753.00002       292.05618       98667.451       13440.781       2.1105000       1.5177500    -0.037250000       343.77600       3.0793456     0.045657000
757.99999       292.05510       98659.007       13434.107      0.70225000       2.0380000    0.0012500000       343.82600       3.3717006     0.041935677
763.00001       292.06228       98644.690       13393.117      0.63875000       2.2412500      0.15000000       344.05600       3.2320357     0.043383895
768.00002       291.99945       98630.261       13316.515      0.38700000       5.6625000      0.89700000       343.02200       2.8005062     0.046385145
772.99999       291.94916       98626.320       13254.179       1.6377500       3.1670000      0.30700000       343.93400       3.1987379     0.050392477
778.00000       291.88442       98637.953       13175.114       3.1862500       4.3005000     -0.13700000       343.52200       2.9762764     0.054404522
783.00002       291.84331       98644.842       13117.391       5.2632500       4.0630000     -0.29200000       343.42700       4.8028965     0.055181054
788.00003       291.81444       98652.981       13072.599       5.2772500       6.3590000    -0.060250000       343.04600       3.2518101     0.053847858
793.00000       291.79429       98667.115       13043.414       5.3257500       2.9342500      0.85925010       343.33700       3.5874866     0.051803278
798.00002       291.78583       98671.717       13015.205       4.3395000       4.4352500     -0.19800000       343.02200       4.1005479     0.053434800
803.00003       291.80003       98672.831       12995.458       2.9795000       3.1572500      0.90325000       343.40500       3.3134534     0.055135510
809.00000       291.81429       98661.212       12989.443       3.0972500       4.2552500     0.037750000       343.40300       3.2541455     0.054237841
814.00001       291.80326       98654.041       12999.333       3.5670000       3.8872500     -0.44375000       343.01300       4.0841046     0.055842863
819.00002       291.76588       98639.658       13045.614       3.7520000       4.5537500     -0.51200000       342.98700       3.2142249     0.058793302
824.00000       291.74609       98632.112       13071.975       2.6737500       4.5112500      -1.0452500       342.93000       3.1017612     0.056349262
829.00001       291.69543       98627.178       13084.636       3.4700000       2.4900000      0.60000000       343.28500       4.1495726     0.061423546
834.00002       291.68777       98628.717       13116.441       1.5515000       2.4622500      0.21475000       343.64200       4.1144550     0.060937548
839.00000       291.73363       98638.987       13157.171       4.5197500       1.3650000      0.36850000       343.48600       4.9935156     0.058307047
844.00001       291.75388       98646.238       13191.251       3.0197500       4.5020000      -1.5887500       343.23300       6.0442898     0.075369219
849.00002       291.78957       98660.622       13247.078       4.7475000       3.0400000     -0.25225000       343.32800       3.0337592     0.061471918
853.99999       291.80845       98668.312       13281.897       3.1927500       3.5142500     -0.59625010       343.15500       4.4057755     0.066007169
859.00001       291.77157       98673.503       13280.344       4.9535000      0.65750000       1.4495000       343.61800       2.8131444     0.066361298
864.00002       291.79362       98672.094       13304.755       3.8302500       2.9017500      0.16300000       343.56900       3.4691874     0.061183624
868.99999       291.86839       98661.577       13351.339       3.9430000       3.7265000    -0.085750010       343.27900       3.6941618     0.061899680
874.00001       291.90824       98654.536       13374.325       2.8457500       3.0092500      0.76375000       343.22900       3.6613422     0.059827655
879.00002       291.98137       98638.497       13410.280       4.1117500       2.4362500     -0.34950000       343.23700       5.9588099     0.074571136
883.99999       292.01875       98632.089       13420.579       3.7112500       3.2797500     -0.41450000       343.25900       4.0208634     0.067189484
889.00001       291.99962       98631.869       13391.608       3.6737500       5.8377500    -0.012500000       342.95100       3.3063483     0.059682303
895.00001       291.99944       98635.237       13368.401       3.8972500       4.0380000      -1.2075000       343.41300       3.2395898     0.068502151
900.00003       291.98691       98647.512       13324.730       2.2705000       2.9252500     0.030250000       343.58300       3.3195942     0.061207233
905.00000       292.00048       98653.196       13318.850       4.6522500       4.2857500      -1.0812500       343.15300       4.1933157     0.066804757
910.00001       292.03818       98658.151       13341.749       5.0237500       3.3430000       1.2610000       343.34000       4.4961338     0.083337631
915.00003       292.05793       98662.764       13347.391       4.2122500       2.8567500     -0.33550000       343.37700       3.4897891     0.070263347
920.00000       292.08172       98668.038       13369.420       2.4130000       4.2380000      -1.3665000       343.60600       3.2014747     0.060705027
925.00001       292.11135       98665.977       13384.088       5.3815000       7.3945000      -1.0397500       342.97300       3.1422658     0.068294480
930.00003       292.15048       98660.033       13398.990       3.4960000       4.0825000      0.41600000       343.16500       3.4023568     0.063388202
935.00000       292.15669       98654.293       13385.811       4.2972500       2.3682500      -2.1495000       342.99300       6.0327265     0.095818556
940.00001       292.15701       98638.293       13356.606       1.4355000       3.6195000      0.87325010       343.50300       3.0648745     0.063091986
945.00002       292.15357       98631.431       13337.947       4.4772500       4.3355000    -0.027500000       343.18300       3.0716080     0.060039388
950.00000       292.11753       98626.817       13296.182       3.1305000       3.8617500      0.25175000       343.31700       2.9992900     0.068898650
955.00001       292.08733       98629.191       13262.956       3.1767500       4.1615000      0.37150000       343.31300       3.0911248     0.061327468
960.00002       292.07482       98640.589       13253.273       1.6042500       1.7305000      0.22950000       343.47400       4.1408161     0.066483817
965.00000       292.04127       98647.954       13227.263       1.6135000       2.0300000      0.63800000       343.36600       2.8360498     0.069429022
970.00001       291.94136       98662.606       13165.235       1.8075000       4.4647500     -0.90675000       343.26400       3.7965536     0.065086272
975.00002       291.93339       98669.437       13146.443       3.2017500       4.5727500     -0.39700000       343.18000       3.0176427     0.067938495
980.00000       291.96835       98671.051       13150.054       1.2470000       4.7432500     -0.39200000       343.55800       5.8012789     0.074571662
986.00000       292.01632       98671.055       13154.492       2.8210000       1.0170000     -0.22000000       343.73800       2.8837311     0.069180951
991.00002       292.11974       98669.315       13152.050       2.8630000       3.0322500      0.78600000       343.32300       2.8403198     0.065845482
996.00003       292.19988       98662.444       13216.076       3.4622500       3.8182500     -0.61025010       343.33400       3.4234090     0.074529852
1001.0000       292.29493       98647.667       13340.317       3.8425000       4.8610000   -0.0075000000       343.15800       2.8116588     0.066968413
1006.0000       292.33195       98640.310       13406.543       2.8670000       3.5350000      0.94375000       343.21800       4.3375416     0.065366864
1011.0000       292.36802       98627.174       13507.679       3.0027500       3.6462500     -0.34150000       343.39500       4.5974974     0.069184315
1016.0000       292.35984       98627.856       13573.866       2.3370000       3.7445000      0.32925000       343.34400       2.8769417     0.069858946
1021.0000       292.27112       98641.334       13587.710       5.4247500       3.8212500     -0.67800000       343.31600       3.5335474     0.081847921
1026.0000       292.22075       98648.979       13595.359      0.74400000       3.0635000     -0.48525000       343.57500       2.7001067     0.061308223
1031.0000       292.14793       98664.097       13599.413       2.3990000       3.0062500     -0.75725000       343.31600       3.0944032     0.080851249
1036.0000       292.13007       98670.308       13610.424       2.2345000       4.6002500     -0.37875000       343.19200       2.9467668     0.056742281
1041.0000       292.15464       98670.180       13604.232       2.3360000       2.0960000      0.47625000       343.72700       4.2853284     0.066648835
1046.0000       292.14470       98671.576       13577.586       2.6205000       2.2962500      0.44250000       343.51700       3.4924359     0.064528163
1051.0000       292.16797       98673.658       13574.012       2.9887500       2.5827500     -0.30200000       343.62400       4.0534250     0.073031680
1056.0000       292.14541       98668.813       13526.117       2.3672500       3.5832500    -0.035500000       343.41900       5.1940679     0.068433673
1061.0000       292.05942       98659.252       13405.727       4.4572500       3.3830000    -0.043750000       343.30100       3.3288732     0.070128522
1066.0000       292.02569       98651.596       13337.171       2.7785000       5.5722500     0.058000000       343.26500       3.7339920     0.071942113
1071.0000       292.01246       98635.343       13275.720       2.5155000       3.8020000     -0.57475000       343.12300       4.3900621     0.072566144
1077.0000       291.97642       98630.570       13223.697       2.8452500       2.2697500      -1.0612500       343.43400       4.4258013     0.059832337
1082.0000       291.94487       98633.020       13187.310       3.6565000       2.6057500     -0.39350000       343.48300       3.4242779     0.063270341
1087.0000       291.94365       98637.676       13188.693       3.2007500       3.7505000    -0.039000000       343.26300       4.1154885     0.063605763
1092.0000       291.95201       98648.741       13228.026       2.0500000       3.0692500    -0.058750000       343.47000       5.0570453     0.069170050
1097.0000       291.94224       98655.615       13236.817       1.8357500       3.3622500     -0.13275000       343.16400       3.8654908     0.071710175
1102.0000       291.96532       98665.428       13258.716       3.6317500       4.5115000      0.42175000       342.80200       3.4036924     0.067505073
1107.0000       291.93784       98669.628       13275.767       3.3855000       4.7242500      0.87775000       343.15400       6.1847529     0.094937571
1112.0000       291.86151       98671.601       13283.160       1.8300000       3.8917500      0.85525010       343.46000       3.4803396     0.066959296
1117.0000       291.81115       98670.843       13273.313       4.4112500       3.7557500      0.56325000       343.09900       2.9290212     0.068904436
1122.0000       291.75998       98664.922       13274.963       3.9872500       5.7790000     -0.44775000       342.94400       3.0275692     0.061019958
1127.0000       291.70963       98664.833       13245.952       2.6015000       2.6867500     -0.13200000       343.36700       3.6877759     0.068139074
1132.0000       291.65012       98664.691       13166.091       3.0782500       2.2757500      0.14850000       343.06900       4.1927923     0.080714847
1137.0000       291.61884       98665.590       13137.326       4.2025000       2.9347500     -0.31325000       342.88300       5.7491406     0.088036566
1142.0000       291.60535       98674.181       13136.080       2.6320000       2.7915000      -1.5240000       343.02700       5.1320056     0.067917611
1147.0000       291.57537       98667.847       13095.563       3.2157500       2.7625000      0.38550000       343.28900       5.7351713     0.073010520
1152.0000       291.55470       98649.230       13053.595       2.5630000       4.3272500     -0.47950000       343.02200       3.2944678     0.066751797
1157.0000       291.53451       98646.780       13011.042       2.7670000       3.3455000     -0.79275010       343.12600       3.1282293     0.069626711
1162.0000       291.48923       98642.225       12923.711       4.3935000       4.9137500     -0.46050000       343.04100       3.9065384     0.069743262
1168.0000       291.53096       98659.068       12939.841       2.5535000       3.0900000      0.52325000       343.28700       3.9666153     0.076025594
1173.0000       291.55132       98667.602       12956.161       1.5097500       4.1892500      -1.2780000       343.01000       3.0434695     0.066983296
1178.0000       291.60000       98670.342       13010.828       3.2130000       2.7790000      -1.0862500       343.12200       3.0372474     0.069941573
1183.0000       291.61193       98671.549       13050.009       1.0195000       3.5297500     -0.73775010       343.12500       3.4707311     0.062085209
1188.0000       291.55480       98671.884       13065.462       3.7765000       2.1905000      -1.1382500       342.91200       3.6649948     0.067370166
1193.0000       291.54348       98667.354       13100.627       2.3660000       3.1255000      0.13400000       343.23700       3.5337935     0.071689309
1198.0000       291.54445       98659.115       13143.796       4.1005000       2.3892500      0.34350000       343.20700       4.5986287     0.075089345
1203.0000       291.54313       98645.069       13199.556       3.1552500       2.4020000    -0.016250000       343.31400       4.1136061     0.083679029
1208.0000       291.55481       98638.186       13225.896       2.2402500       3.1155000     0.031750000       343.38000       6.2994436     0.083912272
1213.0000       291.60570       98626.755       13264.339       2.8017500       4.1475000    -0.092250000       343.24400       4.1134531     0.064341204
1218.0000       291.59999       98639.499       13225.033       3.6172500       3.4295000     0.059750000       343.11500       3.2516701     0.061623476
1223.0000       291.59988       98645.587       13195.777       1.6797500       2.1017500     -0.35425000       343.46200       3.6349097     0.077875350
1228.0000       291.61466       98654.317       13157.079       2.2112500       3.5507500      0.17500000       343.17500       5.0612897     0.073068462
1233.0000       291.60572       98661.469       13114.973       4.1162500       3.2342500     -0.66800000       343.08000       4.1122668     0.063639707
1238.0000       291.58444       98666.150       13071.145       2.9012500       3.6147500     -0.53075000       342.86700       3.4805092     0.060922640
1243.0000       291.55046       98666.016       13025.974       3.0987500       2.0400000     -0.35925000       343.42000       5.2121456     0.084514538
1248.0000       291.53009       98665.946       12994.312       4.2267500       3.7840000     -0.26700000       343.00100       4.2731711     0.079086538
1253.0000       291.49430       98665.878       12957.574       3.8285000       3.8365000     -0.53875010       343.14700       3.4429210     0.080828957
1259.0000       291.51398       98665.291       12959.762       4.9552500       2.8122500     -0.43750000       343.30800       3.7570806     0.068331061
1264.0000       291.50284       98660.001       12963.804       3.5870000       1.5120000     0.066500000       343.34400       4.8532083     0.077179455
1269.0000       291.46590       98648.663       12982.440       2.4770000       2.3807500      0.34325000       343.29200       4.1421845     0.078013985
1274.0000       291.44614       98643.862       12994.995       1.9815000       2.9357500    -0.018750000       343.17700       3.8891417     0.080276002
1279.0000       291.38165       98633.762       12988.484       2.7555000       1.7810000      0.17625000       343.46200       7.0098493     0.096403426
1284.0000       291.38541       98632.360       13016.450       2.5765000       3.5617500    -0.050250000       343.31900       5.2737268     0.079443458
1289.0000       291.48072       98644.499       13079.309       3.0490000       2.3602500     -0.57450000       343.08000       3.1055873     0.077384253
1294.0000       291.50924       98651.503       13116.151       2.7615000       2.3685000     -0.35975000       343.11700       3.6503715     0.073242132
1299.0000       291.55986       98661.619       13181.739      0.83975010       2.4237500      0.25050000       343.26800       2.8637096     0.077324421
1304.0000       291.56651       98667.412       13209.199       2.9280000       2.6065000      0.13150000       343.10000       5.4857074     0.076453513
1309.0000       291.46086       98669.268       13174.931       1.7007500       3.5445000      -1.1632500       343.16600       3.2595184     0.077153674
1314.0000       291.43259       98671.169       13171.659       3.1157500       1.8507500      0.49425000       343.46500       3.4675181     0.080309883
1319.0000       291.44375       98671.822       13181.386       2.6837500       2.3025000    -0.035250000       342.88600       2.7589851     0.076362882
1324.0000       291.44494       98670.745       13174.636      0.50600000       2.1235000      -1.4062500       343.27100       2.9432656     0.078788113
1329.0000       291.46128       98671.417       13157.355       2.3680000       1.1957500      0.66950010       343.47300       3.6273817     0.079383414
1334.0000       291.50276       98666.010       13161.462       1.8440000       2.2405000      0.18550000       343.49700       4.1684430     0.082624401
1339.0000       291.56826       98651.063       13168.312       1.4637500       4.0627500      0.31875000       343.11600       3.4828386     0.071363861
1344.0000       291.60845       98643.148       13170.298       2.5265000       2.6472500     -0.16475000       343.65600       3.8086370     0.084498891
1350.0000       291.69090       98627.735       13195.779       2.5392500       3.2097500     -0.42175000       343.23100       4.1648642     0.094961644
1355.0000       291.72374       98626.894       13210.420      0.54200010       3.6080000      0.89700000       343.12000       4.1586903     0.082442256
1360.0000       291.70013       98640.613       13202.040       3.0987500       3.5485000     -0.56000000       342.90800       3.7706124     0.075510339
1365.0000       291.70013       98648.012       13212.416       3.1980000       3.1155000     -0.38100000       343.06300       3.4326950     0.097158080
1370.0000       291.70017       98662.482       13245.832       1.9077500       3.5755000      -1.3372500       342.89000       3.5723682     0.077066436
1375.0000       291.70029       98669.310       13261.025       1.8175000       3.6982500     -0.89125000       343.10900       3.5998824     0.087760967
1380.0000       291.68646       98669.759       13263.923       2.0157500       4.0970000     -0.15425000       343.32000       3.0139595     0.083512627
1385.0000       291.70035       98671.367       13279.510       2.6905000       3.3950000      -1.1662500       343.09200       4.1396071     0.089295964
1390.0000       291.73814       98671.661       13300.895       2.5897500       4.1692500     -0.40000000       343.16600       3.6263310     0.087282215
1395.0000       291.75827       98670.348       13310.526       2.0217500       2.1257500      0.42550000       343.10400       2.9690263     0.080177524
1400.0000       291.79516       98668.987       13322.267       4.3042500       3.9100000     -0.56150000       342.87700       3.6743740     0.087577371
1405.0000       291.81170       98664.267       13331.741       2.8610000       2.8270000      0.27675000       343.40100       3.2670024     0.085449767
1410.0000       291.82595       98654.530       13347.982       4.0065000       2.9770000      0.41525000       342.96100       4.5779968     0.091624528
1415.0000       291.79859       98647.597       13326.629       3.3900000       3.4452500      0.13425000       343.00200       4.8477666     0.081222150
1420.0000       291.73953       98636.393       13286.116       2.3617500       2.3790000      0.40250000       343.50500       5.0317605     0.083484613
1425.0000       291.68555       98632.644       13247.868       2.5502500       3.7452500     0.095250000       342.87800       4.2828428     0.074177553
1430.0000       291.57217       98632.179       13169.882       2.9380000       1.2622500      0.16575000       343.05900       3.4847349     0.090130225
1435.0000       291.51922       98635.362       13117.384       2.3907500       2.1940000    -0.045500000       343.19000       2.4499396     0.076744049
1441.0000       291.51132       98647.496       13076.809       3.3592500       3.1400000     0.095750000       343.30300       4.9039067     0.083519857
1446.0000       291.48132       98654.407       13043.518       3.9942500       2.9917500     -0.22775000       343.16800       2.7104095     0.083427374
1451.0000       291.44701       98662.254       12985.645       2.2002500       3.3662500      0.10275000       343.22300       4.4535527     0.091931366
1456.0000       291.44355       98670.239       12992.732       4.0845000       1.8212500      0.25225000       342.87900       4.0117323     0.082687533
1461.0000       291.44275       98680.899       13047.989       4.3822500      0.65900000     -0.61550000       342.96600       4.9940865     0.085294513
1466.0000       291.44876       98683.061       13079.562       3.4475000       3.4462500     -0.43975000       343.13800       4.0310780     0.085999594
1471.0000       291.47601       98683.094       13132.243       2.3042500       1.3410000      -1.0565000       343.29500       3.4564955     0.077787335
1476.0000       291.52253       98680.198       13195.166       2.4670000       2.1025000     -0.30625000       343.18300       4.2028575     0.086366936
1481.0000       291.57294       98668.696       13247.552       1.7827500       1.2002500      0.80600010       343.61000       4.2403105     0.085396308
1486.0000       291.62957       98660.696       13315.580       2.3712500       1.8352500     -0.23700000       343.20000       4.0131051     0.085124329
1491.0000       291.74217       98652.806       13437.744       2.9415000       2.1010000      0.45175000       343.41000       4.8779491     0.096338813
1496.0000       291.79053       98645.802       13502.421       5.1540000       2.9447500     -0.37175000       342.94200       3.3393125     0.088318092
1501.0000       291.81048       98635.040       13550.591       3.7987500       3.6507500     -0.26725000       342.75000       4.9869387     0.089154730
1506.0000       291.80793       98631.928       13560.238       1.6560000       1.3397500     -0.12375000       343.28900       3.1962041     0.082902206
1511.0000       291.76994       98632.093       13538.177       4.0817500       3.3735000     -0.30625000       342.85500       3.4388407     0.086911948
1516.0000       291.73311       98636.055       13496.547       3.5605000       1.9242500     -0.44750000       343.12000       4.0130272     0.077521298
1521.0000       291.63760       98647.596       13381.890       4.0440000       2.7040000     -0.56700000       343.25400       3.1806252     0.082761048
1527.0000       291.64115       98656.076       13350.312       2.7390000       2.3285000     -0.64250000       343.17400       6.5165376     0.088332725
1532.0000       291.69917       98663.853       13360.215       1.8402500       1.7797500      0.63850000       343.67400       5.4414456     0.088807524
1537.0000       291.70913       98671.846       13330.030       2.7160000       1.7190000      0.37825000       343.51200       4.2023959     0.074313671
1542.0000       291.76049       98681.510       13325.304       2.8605000       2.4137500     -0.10375000       343.11400       4.2445534     0.083253703
1547.0000       291.76296       98682.817       13302.076       2.0315000       2.0810000     -0.16075000       343.20300       3.9958253     0.078364692
1552.0000       291.70635       98684.488       13228.862       4.1635000       1.5012500     -0.92425010       343.25900       4.5010249     0.085806612
1557.0000       291.67667       98677.243       13199.031       2.5495000       1.1582500     -0.10950000       343.49100       2.8293989     0.080527574
1562.0000       291.65540       98656.336       13194.053       4.2097500       1.1947500     -0.17475000       343.32900       3.1913756     0.076618250
1567.0000       291.63533       98648.118       13203.813       4.7570000       1.6217500     -0.28475000       342.91000       4.5677845     0.083941831
1572.0000       291.59735       98639.524       13219.681       3.8792500       2.7895000     -0.33950000       343.34600       4.3360438     0.075797170
1577.0000       291.58601       98636.111       13239.454       3.6560000       3.5757500      -1.0460000       342.83400       3.1630396     0.078296166
1582.0000       291.60004       98640.141       13290.958       3.1825000       3.7547500     0.043500000       343.16000       4.8549984     0.087159055
1587.0000       291.60004       98640.082       13320.335       3.2705000       3.4925000     0.095500010       343.11500       4.2436714     0.080842831
1592.0000       291.59977       98638.493       13330.351       2.1567500       2.9572500     -0.91825000       343.33600       3.9483082     0.079347089
1597.0000       291.59966       98642.220       13357.701       1.2757500       3.3545000     -0.48825000       343.66300       3.1211919     0.080711799
1602.0000       291.60008       98648.344       13404.407       2.7222500       2.3327500       1.7675000       343.71100       4.0569185     0.073865365
1607.0000       291.60002       98654.286       13420.035       3.2992500       4.0600000      0.90275000       343.61100       2.9190234     0.081184345
1612.0000       291.59133       98665.376       13418.418       4.4775000       4.7147500      0.14525000       343.13500       4.8442070     0.082515555
1618.0000       291.63046       98668.759       13454.000       3.6390000       3.5380000     -0.12625000       343.00000       3.1243669     0.074178384
1623.0000       291.65073       98670.902       13458.624       3.8267500       2.9335000     -0.16575000       343.25400       5.0549243     0.090100749
1628.0000       291.68568       98670.156       13457.678       3.1012500       4.5887500      -1.1830000       342.88800       3.7612469     0.083328112
1633.0000       291.70660       98670.049       13457.914       2.5412500       3.0282500      0.34450000       343.06700       3.6500025     0.076084095
1638.0000       291.70037       98674.855       13424.280       2.9330000       5.9737500      -1.5500000       342.88600       2.3868202     0.072059514
1643.0000       291.70048       98672.327       13404.018       2.2337500       2.5665000      -1.4267500       343.08200       2.4359777     0.064943408
1648.0000       291.70060       98666.133       13392.469      0.31275000       2.6772500       1.1005000       343.42700       2.9222770     0.074247407
1653.0000       291.70017       98656.415       13400.544     -0.58525000       2.4050000     -0.28200000       343.51100       2.6233307     0.074683348
1658.0000       291.70010       98648.219       13392.325       1.7317500       5.4995000     -0.46600000       342.92300       2.3860246     0.072023967
1663.0000       291.69965       98633.454       13376.709      0.78675000       4.9442500      -1.0745000       342.97600       2.0395320     0.057038446
1668.0000       291.68522       98627.248       13383.387       2.3197500       3.9337500      0.30775000       343.16800       2.4659600     0.078306382
1673.0000       291.69378       98627.605       13380.825      0.64650010       4.5760000     -0.39925000       342.97600       3.2138945     0.073439760
1678.0000       291.74540       98639.390       13371.569       2.1222500       4.0865000      0.29525000       343.23400       2.0756668     0.071808339
1683.0000       291.75646       98645.340       13374.377       3.3090000       5.1847500      -2.2800000       342.85600       3.8282751     0.071263158
1688.0000       291.75512       98651.276       13380.391      0.87550000       2.3507500      0.71700000       343.38200       3.9112538     0.075918071
1693.0000       291.77024       98661.604       13383.679       1.5877500       2.7075000     -0.18075000       343.16200       3.2555766     0.081722174
1698.0000       291.71532       98666.344       13387.656       2.4552500       3.0972500      0.18500000       343.37100       3.4946184     0.074797069
1703.0000       291.59975       98665.271       13407.630       3.6797500       6.6335000     -0.96100000       342.77300       5.9378621     0.090490632
1709.0000       291.48430       98669.288       13384.516       5.4730000       4.7522500     -0.75825010       342.63700       3.3368582     0.076061147
1714.0000       291.42631       98671.180       13358.631       1.4325000       2.9542500      0.46150000       343.36200       3.2909000     0.063085180
1719.0000       291.40962       98675.930       13317.029       4.8970000       3.8107500     -0.39400000       342.80100       2.8561484     0.080278255
1724.0000       291.39120       98671.370       13278.919       3.5442500       6.2642500     -0.48425000       343.10500       3.0334545     0.072320827
1729.0000       291.37172       98656.743       13217.586       2.4557500       3.9840000      0.60425000       343.07000       2.6119122     0.076057754
1734.0000       291.39407       98648.840       13189.350       3.7280000       3.9645000     -0.72625010       343.03400       3.1584051     0.072526953
1739.0000       291.46649       98629.811       13177.800       3.5397500       3.6752500      0.69200000       342.80500       3.0876813     0.075375637
1744.0000       291.50655       98625.734       13171.648       2.2405000       4.2987500      0.62325000       342.95900       2.7464090     0.074715119
1749.0000       291.56546       98644.490       13176.859       4.2152500       2.5335000      0.60900000       343.44500       2.3086704     0.076940751
1754.0000       291.61475       98647.030       13204.644       4.8307500       4.6195000     -0.63225000       342.69300       2.7818343     0.067781308
1759.0000       291.63437       98645.422       13237.499       4.4282500       2.7097500      0.41175000       342.91100       2.4524169     0.066730729
1764.0000       291.65459       98646.131       13294.106       2.8687500       1.1535000     -0.28125000       343.34900       2.2166895     0.072268675
1769.0000       291.70482       98633.758       13424.992       1.8495000       2.6282500      0.55550000       343.28800       2.2101491     0.070171990
1774.0000       291.71228       98632.405       13491.177       1.9687500       3.5527500     -0.14400000       343.36300       2.1647057     0.066123009
1779.0000       291.66675       98644.489       13538.322       2.0350000       5.1625000     -0.47675000       343.17000       2.2405499     0.074937823
1784.0000       291.64676       98651.473       13573.115       4.4547500       3.1842500      0.90750000       343.28800       2.0387075     0.073575268
1789.0000       291.63824       98661.675       13582.138       2.6422500       3.3872500     0.034750000       343.25400       2.1157491     0.065765931
1794.0000       291.59672       98667.448       13559.971       2.9282500       4.1562500     -0.47225000       342.43500       2.1383229     0.068803729
1800.0000       291.50973       98669.829       13490.351       3.2890000       3.5375000     -0.43650000       342.81600       2.0120740     0.066132984
1805.0000       291.48309       98671.446       13454.492       2.6520000       2.3187500      0.50925000       343.31200       1.9615453     0.060934402
1810.0000       291.46099       98670.139       13403.719       2.2862500       3.1012500      0.22825000       343.43900       1.8941731     0.060864800
1815.0000       291.43522       98670.097       13348.884       2.1220000       3.7045000      0.19825000       343.23400       1.8664448     0.056148247
1820.0000       291.44409       98671.750       13293.967       2.0600000       2.7920000      0.34200000       343.43500       1.9606163     0.060331111
1825.0000       291.45400       98670.457       13270.946       3.7842500       2.3302500     -0.31750000       343.47700       2.0654771     0.073550918
1830.0000       291.42868       98669.239       13221.133       1.7367500       3.0115000      0.57875000       343.38800       2.0313722     0.065109454
1835.0000       291.44635       98664.452       13228.561       3.1335000       4.0967500     -0.19250000       343.14000       2.0795431     0.063523757
1840.0000       291.53263       98654.493       13326.168       2.4425000       2.3580000      0.55100000       343.01800       1.9598150     0.065109880
1845.0000       291.56928       98647.442       13370.117       2.0302500       2.8895000     -0.19425000       343.02400       1.8451686     0.062471519
1850.0000       291.59518       98636.132       13401.299       3.2152500       4.2792500      0.24200000       342.92000       1.9121632     0.054554061
1855.0000       291.61156       98632.197       13445.555       2.3025000       4.7030000   -0.0097500000       342.97500       2.0601818     0.061748466
1860.0000       291.59959       98634.648       13490.410       2.5197500       4.7662500      0.86525010       343.01700       1.9370353     0.069010111
1865.0000       291.59932       98635.063       13516.981       2.3250000       3.0055000      0.79975000       342.88000       2.2720438     0.064323615
1870.0000       291.57284       98637.090       13538.629       2.1065000       2.2752500    -0.051250000       343.39300       2.3303039     0.066016956
1875.0000       291.60065       98641.500       13572.686       3.0082500       2.6147500    -0.011750000       343.05800       2.2411216     0.058342806
1880.0000       291.67627       98646.674       13614.331       2.2277500       3.1585000      0.19025000       343.53800       2.1701812     0.058027318
1885.0000       291.71643       98652.108       13617.137       2.8947500       2.3177500       1.2080000       343.57500       1.9969063     0.056464709
1891.0000       291.79924       98664.475       13617.601       4.5475000       3.8910000     -0.65950000       342.75300       2.3120658     0.060206455
1896.0000       291.82705       98669.250       13604.137       4.4255000       3.2885000     -0.32675000       342.74900       2.3593185     0.050462165
1901.0000       291.81090       98670.374       13536.135       2.9400000       2.6385000     -0.84500000       342.83700       2.2903641     0.054510800
1906.0000       291.79463       98671.776       13502.968       3.5520000       3.7705000     -0.62800000       342.89900       2.3245621     0.051410957
1911.0000       291.79162       98670.132       13512.986       4.1462500       3.2310000      -1.2705000       343.03400       2.1303929     0.050918645
1916.0000       291.72372       98670.088       13463.377       3.6635000       3.2755000      0.19100000       343.18800       2.3469458     0.057784650
1921.0000       291.57711       98670.226       13378.703       3.9677500       3.6622500      0.44625000       342.67400       2.1027987     0.048685048
1926.0000       291.50282       98670.183       13309.525       4.0067500       1.2720000     -0.91600010       342.85600       2.2307357     0.052575694
1931.0000       291.40405       98671.497       13201.408       4.5892500       2.5537500     -0.27600000       342.95100       2.0123227     0.063770013
1936.0000       291.36250       98669.937       13147.459       3.3430000      0.99500010      0.37325000       343.35800       2.0363938     0.056883873
1941.0000       291.37788       98668.421       13103.581       3.0957500       2.4837500     -0.21100000       343.44700       1.9496577     0.054747554
1946.0000       291.41007       98663.239       13115.038       3.7160000       2.2072500      0.55300000       343.04200       2.0217370     0.056012983
1951.0000       291.49553       98652.974       13195.322       3.1530000       1.4440000    -0.021500000       343.35300       1.9983351     0.056128030
1956.0000       291.51911       98646.025       13228.046       4.4830000      0.41650000     0.093500000       343.58900       2.2643517     0.054908888
1961.0000       291.55694       98636.151       13286.117       3.4130000       2.6022500       1.0420000       343.62100       2.2713759     0.053864072
1966.0000       291.56364       98631.374       13323.288       4.9670000       3.1662500     -0.38300000       342.84700       2.2120855     0.053522800
1971.0000       291.50129       98629.288       13308.705       7.1742500       3.5712500     -0.13175000       342.47600       2.1779928     0.050861890
1976.0000       291.48759       98629.552       13349.061       4.6715000       1.8445000    -0.077500000       342.44000       2.3793322     0.049300233
1982.0000       291.50006       98634.977       13454.311       3.8352500       1.6435000     -0.34125000       343.19000       2.1793673     0.053704601
1987.0000       291.50006       98637.005       13486.530       5.7532500       1.2242500       1.8695000       343.30400       2.1077331     0.054612415
1992.0000       291.48251       98638.688       13503.921       6.2945000       2.5302500     -0.38275000       342.53900       2.1701624     0.052773620
1997.0000       291.51986       98643.471       13531.385       3.3405000       1.7577500    -0.035250000       343.26600       2.2763863     0.046024108
2002.0000       291.59117       98646.961       13538.119       5.4777500       2.4447500      0.77225010       342.96200       2.0247416     0.048141037
2007.0000       291.63057       98656.557       13536.156       4.2112500       2.2555000      0.40775000       343.03300       2.1255308     0.053243297
2012.0000       291.69604       98676.329       13541.643       4.8130000       2.3257500      0.43000000       342.96500       2.2287072     0.049871935
2017.0000       291.73711       98680.872       13546.683       2.5137500       2.3272500     -0.28725000       343.00500       2.2123034     0.053350621
2022.0000       291.74619       98680.048       13524.573       4.6445000       2.3352500     -0.17525000       342.97300       2.1677015     0.053873626
2027.0000       291.76633       98683.219       13522.543       2.6775000       1.6345000      0.31625000       343.64900       2.0426771     0.054350779
2032.0000       291.80330       98680.761       13546.568       3.0382500       1.2857500     -0.36700000       343.24100       2.0504137     0.054035859
2037.0000       291.81477       98678.773       13557.999       2.9292500       1.8612500      0.28225000       342.73900       2.0010026     0.051517853
2042.0000       291.80050       98681.664       13554.797       4.4892500       1.6195000      0.85325000       343.12200       2.0574693     0.053911419
2047.0000       291.80061       98679.940       13565.669       3.5902500       1.8977500      0.58575000       343.28000       2.0672861     0.050402116
2052.0000       291.80942       98670.667       13604.504       4.5860000       3.6515000     -0.75025000       342.65800       2.0210583     0.047794602
2057.0000       291.79041       98666.565       13593.889       3.1097500       1.8327500     -0.34275000       343.29300       1.9550875     0.043594174
2062.0000       291.75386       98667.485       13554.193       2.3842500      0.92600010     -0.62100010       343.06800       2.0491604     0.046908901
2068.0000       291.72943       98652.657       13541.282       3.4752500       3.0900000     -0.45525000       342.65800       2.0967224     0.049544062
2073.0000       291.69931       98648.177       13511.911       3.6725000       1.7922500      0.17150000       343.27500       1.9340172     0.050404627
2078.0000       291.68488       98653.886       13491.718       3.0570000       1.1410000     -0.47225000       343.58800       2.0158178     0.053609323
2083.0000       291.65630       98651.053       13463.503       4.0795000       2.1780000     0.056500000       343.09000       2.0102077     0.048299524
2088.0000       291.57010       98648.330       13383.494       2.8562500       2.4352500     -0.17600000       343.21400       1.9290495     0.051526606
2093.0000       291.53774       98646.625       13341.232       4.8215000       2.7285000      -1.8872500       342.81600       2.0442878     0.056177180
2098.0000       291.52995       98642.475       13317.505       3.7495000       2.7672500     -0.18825000       343.18100       2.2068538     0.054492793
2103.0000       291.54292       98627.838       13315.742       3.9752500       2.1297500     -0.60650000       342.54500       2.1743967     0.051691292
2108.0000       291.55456       98627.413       13307.532       2.0647500      0.63000010      0.97525010       343.90400       2.1393083     0.051764026
2113.0000       291.60572       98635.328       13313.768       1.2800000       1.4975000    -0.097250010       343.79000       2.1161659     0.046031398
2118.0000       291.60004       98635.800       13316.119       3.1957500       1.0342500     0.021250000       343.22300       2.1701969     0.057129382
2123.0000       291.60004       98639.691       13331.786       2.7555000       1.6327500     -0.41650000       343.42300       2.2039264     0.056638921
2128.0000       291.58513       98644.846       13351.795       2.1867500       1.3945000      0.45825000       343.60800       2.1970423     0.050849825
2133.0000       291.59381       98649.685       13403.479       2.3087500       1.6537500     -0.10625000       343.41900       2.1512231     0.045491928
2138.0000       291.61479       98655.760       13476.443       3.1217500       1.5525000     -0.41275000       343.54900       2.1826733     0.052640556
2143.0000       291.64929       98666.585       13580.378       3.1940000       2.8475000     -0.62475000       342.56600       2.2243695     0.046842376
2148.0000       291.66962       98670.357       13636.474       2.6127500       2.9452500     -0.77475010       343.17200       2.2098745     0.054761698
2153.0000       291.69431       98670.906       13705.297       3.4577500       2.1620000     -0.82425000       343.05700       1.9470429     0.045104192
2159.0000       291.75564       98667.458       13741.546       4.0620000       2.3650000     -0.42450000       342.77700       2.0352366     0.049315683
2164.0000       291.80733       98669.682       13757.820       2.7590000       1.8067500     -0.64300000       343.25200       2.0706117     0.053177075
2169.0000       291.91552       98677.136       13776.983       3.3197500       3.6485000     -0.57600000       342.74900       2.0666882     0.052997184
2174.0000       291.97228       98681.106       13786.585       3.0652500       1.4017500      0.76325010       343.01800       2.1366433     0.054290967
2179.0000       292.00471       98691.226       13760.881       3.0897500       2.7312500      0.16525000       343.73500       2.1010100     0.050079888
2184.0000       292.01240       98692.747       13749.503       3.8935000       2.2620000     -0.38700000       343.28600       2.0924447     0.056962798
2189.0000       291.98170       98685.223       13760.592       1.8622500       2.2117500    -0.088750000       343.76600       2.1683934     0.053602330
2194.0000       291.95056       98680.155       13747.749       2.7217500       1.1725000     -0.18450000       343.32400       2.1809974     0.054805206
2199.0000       291.86285       98668.895       13700.888       1.4300000       1.8462500      0.15000000       343.78800       2.0620226     0.047969012
2204.0000       291.83539       98663.097       13688.073      0.89375010       1.1820000      0.54300000       343.91400       2.0923210     0.056896783
2209.0000       291.87264       98663.943       13715.639       2.3967500       2.1362500     -0.30325000       343.66500       1.9778762     0.053641323
2214.0000       291.85176       98659.794       13686.087       1.0322500      0.82675000      0.55225000       344.13900       2.1425813     0.051193011
2219.0000       291.80853       98653.475       13616.521      0.99525000       1.2965000      0.87575010       343.92600       1.9749312     0.053939533
2224.0000       291.79896       98649.505       13591.326       2.6567500       3.0465000     -0.43800000       343.16100       1.9586884     0.049440144
2229.0000       291.76724       98643.696       13539.093       1.6277500       1.8395000     -0.18500000       343.08500       2.0699053     0.054836628
2234.0000       291.73863       98638.845       13505.316       2.5230000       1.5137500      0.14700000       343.88300       1.9895214     0.056254024
2239.0000       291.72760       98636.792       13510.492       1.6327500       1.5337500   -0.0080000000       343.58300       1.9843073     0.047533498
2244.0000       291.74912       98634.740       13533.725       3.5792500       3.5765000      -1.0542500       342.92500       2.0484620     0.051573549
2250.0000       291.78215       98630.617       13563.266       2.6547500       2.4345000      0.20700000       343.46000       2.0376512     0.053830977
2255.0000       291.80599       98628.981       13596.874       3.1777500       2.6810000     0.066750000       343.12600       2.1739019     0.061006108
2260.0000       291.87797       98629.159       13681.739      0.92675010       2.8610000    -0.028000000       343.56800       2.0131786     0.049600647
2265.0000       291.92388       98630.591       13734.848       3.7752500       3.5462500     -0.75375000       342.88500       2.0078305     0.050262770
2270.0000       291.91198       98634.061       13746.005       3.7150000       5.0667500       1.0467500       343.25600       2.0565251     0.052046433
2275.0000       291.95885       98636.016       13800.698       2.9947500       3.7227500     -0.69425000       342.98400       1.8587770     0.052204023
2280.0000       292.08251       98637.132       13888.271       1.1847500       4.0680000      0.17450000       343.27100       2.0681940     0.058570339
2285.0000       292.12500       98641.572       13951.814       4.0022500       5.5130000     -0.53575000       342.58600       1.9565616     0.051550548
2290.0000       292.15151       98646.776       14066.628      0.12675000       2.9300000      0.56075000       343.23700       2.2140469     0.059476090
2295.0000       292.16454       98652.237       14088.041       1.9205000       2.2525000      0.32775000       343.29900       2.2335906     0.057714849
2300.0000       292.11753       98664.385       14041.510       2.5227500       4.4740000    -0.099750000       343.05100       2.1529476     0.048138885
2305.0000       292.08733       98668.342       13994.442       1.8245000       2.6507500       1.1160000       343.26600       2.0849575     0.062692384
2310.0000       292.07482       98664.572       13870.567       1.2700000       2.5725000      0.56475000       343.80300       2.1208160     0.054113173
2315.0000       292.04127       98665.520       13801.256      0.84100000       2.3835000       1.2255000       343.34200       2.0830333     0.056074167
2320.0000       291.98109       98665.848       13764.158       1.2662500       4.9427500      0.25125000       342.65200       1.9037728     0.047799385
2325.0000       291.93088       98664.841       13701.602       1.8985000       4.2195000     -0.59275000       342.85700       2.0722970     0.055184604
2330.0000       291.85405       98662.080       13620.522      0.81850000       3.0945000       1.3232500       343.60800       2.0709495     0.050908090
2335.0000       291.83139       98665.874       13582.969       1.6570000       2.5885000     0.042750000       343.15300       1.8487877     0.050714480
2341.0000       291.85427       98675.312       13552.250       3.3622500       3.8112500     -0.40875000       343.05900       1.8998977     0.047414636
2346.0000       291.84422       98676.702       13526.468       3.2352500       2.0512500      0.14675000       343.55600       1.9513384     0.048063856
2351.0000       291.85700       98681.659       13538.161       3.5027500       2.7940000      0.23900000       343.29500       2.1593310     0.054474262
2356.0000       291.85056       98681.748       13533.218       1.9882500       2.7292500      0.45950000       343.25700       2.2782871     0.054852456
2361.0000       291.80107       98670.680       13498.450       2.3297500       4.6660000       1.0310000       343.19500       2.1627666     0.059959639
2366.0000       291.78740       98668.028       13498.721       4.6520000       4.0270000     -0.11350000       342.85900       2.0914034     0.050777043
2371.0000       291.83494       98670.302       13545.478       3.3125000       3.1965000      0.26750000       343.08600       2.2006965     0.052176676
2376.0000       291.78553       98670.274       13540.826       3.5460000       5.1710000      -1.1347500       342.38800       2.2775938     0.056304766
2381.0000       291.65192       98671.372       13502.760       2.7240000       2.0592500     -0.59125000       343.30200       2.1395780     0.052914769
2386.0000       291.62417       98669.725       13509.212       1.9715000       4.2782500     -0.54000000       342.78700       2.0540576     0.055633551
2391.0000       291.58727       98668.436       13521.071       2.9095000       2.2707500    -0.035500000       343.19500       1.9836805     0.051018432
2396.0000       291.58575       98663.297       13522.552       2.8547500       3.7967500      0.57625000       343.16200       2.1094262     0.056200623
2401.0000       291.70982       98652.110       13564.095       3.0650000       2.9257500     -0.58275000       342.95400       2.1631707     0.055829135
2406.0000       291.72097       98646.818       13562.267       2.0560000       1.9655000     -0.80050000       343.22300       2.0963828     0.056683963
2411.0000       291.68161       98641.606       13520.903       2.3975000       3.1035000     -0.54950000       343.40500       2.0405058     0.053789833
2416.0000       291.62819       98637.254       13482.930       1.0187500       1.9040000      0.67175000       343.47300       2.1261911     0.054611587
2421.0000       291.49544       98636.130       13411.179       1.3577500      0.56925000      0.16350000       344.09700       2.0452759     0.046188106
2426.0000       291.47455       98634.158       13408.529       2.8887500       2.0400000      0.79575000       343.36900       2.1260305     0.052926241
2432.0000       291.49619       98630.216       13443.961       2.9775000       3.6230000     0.046750000       343.52200       2.1271611     0.053733206
2437.0000       291.49476       98629.156       13439.655       4.9500000       1.9805000     -0.53725000       342.78300       1.9958276     0.051778706
2442.0000       291.55100       98630.323       13461.135       2.4197500       2.5702500    0.0017500000       343.56100       2.2708548     0.057994377
2452.0000       291.53370       98630.465       13449.491       2.9477500       2.6935000     -0.31775000       342.72700       2.2076994     0.069344806
2457.0000       291.56052       98630.490       13468.054       4.1260000       3.2812500      -1.0535000       342.81900       2.0734619     0.049052240
2462.0000       291.63840       98630.519       13535.531       3.8170000       2.2702500      0.16600000       343.30900       2.1845556     0.052757992
2467.0000       291.68858       98630.591       13587.324       2.8512500       3.0812500      0.11825000       342.71400       2.1834508     0.051949430
2472.0000       291.73045       98630.322       13626.924       2.1107500       4.1165000     -0.47825000       342.90000       2.3216608     0.059724659
2477.0000       291.79942       98630.335       13690.840       3.3590000       2.7765000     -0.74950000       342.93800       2.0783548     0.050488995
2482.0000       291.89676       98629.415       13799.038       3.0395000       1.9487500     -0.43550000       343.15000       2.1149862     0.049396309
2487.0000       291.94821       98631.294       13847.076       3.6827500      0.81350000     -0.18625000       342.97900       2.1049881     0.053139266
2492.0000       292.02445       98632.991       13883.393       3.0945000      -1.2807500     -0.41950000       343.48300       2.0995238     0.049572911
2497.0000       292.00981       98638.626       13892.466       2.6682500       2.0080000     -0.14525000       343.65200       2.0783778     0.056075980
2502.0000       291.93767       98649.644       13874.842       6.0615000       2.8950000     -0.50825000       343.27100       2.1414568     0.049709078
2507.0000       291.84020       98654.807       13824.368       4.6217500       2.3107500      0.83325000       343.44200       2.3476214     0.052506988
2512.0000       291.65628       98660.954       13732.733       4.0905000       3.9045000     -0.30275000       343.07300       2.3841653     0.050923411
2517.0000       291.57344       98663.305       13675.814       2.5995000       2.6272500      0.74150000       343.72000       2.2235648     0.050295772
2523.0000       291.48090       98660.357       13584.251       5.1392500       1.7897500     -0.69675000       343.21000       2.1849796     0.049738587
2528.0000       291.46992       98660.122       13529.802       3.5342500       1.4625000      0.26600000       343.40600       2.3424982     0.053105645
2533.0000       291.48748       98660.063       13506.209       1.9647500       1.0490000       1.0222500       343.40100       2.3194822     0.044118067
2538.0000       291.54502       98658.808       13498.405       1.6552500       1.4702500      0.77725010       343.82500       2.2414113     0.050928355
2543.0000       291.59328       98659.655       13493.147       4.3297500       1.8692500     -0.12950000       342.87300       2.3078411     0.051176552
2548.0000       291.65378       98661.710       13503.489       5.0755000       2.8772500      0.69175000       343.23200       2.1321522     0.051063426
2553.0000       291.76798       98665.204       13551.762       2.8945000       2.0785000    -0.069000010       343.17700       2.1686859     0.052951455
2558.0000       291.78388       98667.208       13577.477       3.4570000      0.73550000      0.70350000       343.49600       2.0565813     0.051638520
2563.0000       291.76217       98670.977       13593.937       2.4815000       1.2977500     -0.32850000       343.45000       2.2065235     0.048891518
2568.0000       291.68467       98671.816       13621.000       1.8137500       1.6287500     -0.53625010       343.09400       2.0863505     0.048391897
2573.0000       291.64292       98670.972       13653.055       4.1320000       3.0152500    -0.087000000       342.70100       1.9245300     0.049980230
2578.0000       291.64489       98665.761       13713.494       3.2492500       1.1695000      0.54900000       343.56600       2.0790701     0.056292277
2583.0000       291.60644       98664.638       13731.454       1.9952500       1.7117500      0.43200000       343.50500       2.0315386     0.046573805
2588.0000       291.55564       98664.737       13730.141       2.6142500       2.6207500     0.011750000       342.79800       2.0560334     0.053953204
2593.0000       291.50154       98664.522       13720.967       2.6127500       2.8890000     -0.33125000       343.28700       2.1038740     0.055685685
2598.0000       291.46111       98665.678       13696.920       2.1885000       1.6720000    -0.031000000       343.48500       2.0906551     0.055576126
2603.0000       291.38856       98670.990       13631.259       2.9475000       3.2217500     -0.69025000       342.89100       2.1566808     0.051942767
2608.0000       291.41463       98670.157       13634.950       3.1892500       2.3710000     -0.88050000       342.64800       2.2452739     0.047980996
2614.0000       291.40259       98670.086       13590.371       2.3647500       2.1940000      0.31650000       343.42000       2.1430074     0.049750170
2619.0000       291.35162       98670.406       13491.313       2.3022500       1.2640000     -0.51075000       343.63000       2.1128409     0.047346554
2624.0000       291.34310       98670.465       13456.840       1.9402500      0.26675000      0.29625000       343.68000       2.0801255     0.053927821
2629.0000       291.35802       98671.729       13439.037       2.7712500       1.3902500       1.0772500       342.99700       2.0202702     0.047042246
2634.0000       291.34822       98670.623       13417.227       2.3582500       1.2312500      0.17550000       343.57200       2.1041524     0.053949681
2639.0000       291.38707       98667.003       13444.390       3.4280000       2.2020000     -0.18050000       343.14900       2.1285568     0.050959172
2644.0000       291.36326       98665.014       13457.385       1.9885000       1.8615000    -0.048500000       343.74200       1.9746246     0.048938998
2649.0000       291.25672       98661.302       13447.461       1.6302500       1.3650000     0.036500000       342.79700       2.1118081     0.042287053
2654.0000       291.18650       98659.437       13439.836       3.4287500       2.3322500     -0.72750000       342.57900       2.1218705     0.043463659
2659.0000       291.07088       98663.033       13441.539       3.4565000       1.1497500     -0.80650000       343.05900       1.8580521     0.044186651
2664.0000       291.02379       98660.807       13443.667       2.9612500       2.5797500       1.0222500       343.33800       1.9194413     0.053599005
2669.0000       291.01524       98653.506       13405.804       3.1625000       2.5710000     -0.45650000       343.12500       2.0670703     0.050361912
2674.0000       291.03886       98649.536       13424.199       3.9222500       1.8582500     -0.36050000       343.08400       1.9486701     0.049172524
2679.0000       291.15757       98642.272       13513.967       3.4032500       3.3615000     -0.25400000       342.60200       2.0502774     0.049124788
2684.0000       291.21642       98638.554       13552.629       3.7847500       3.0172500     -0.36425000       343.00900       2.0597925     0.051122545
2689.0000       291.23812       98640.305       13577.827       2.0047500       2.3132500      0.45050000       342.84800       2.1577050     0.055398869
2694.0000       291.31017       98640.321       13628.235       3.1077500       2.2115000    -0.044250000       343.35000       2.0966980     0.050367911
2700.0000       291.41613       98640.164       13659.341       3.1495000       3.8610000      0.63550000       343.06300       2.0582334     0.048530178
2705.0000       291.47641       98640.105       13706.377       2.4677500       1.7075000    -0.089750010       342.56900       2.1502718     0.055473917
2710.0000       291.55991       98640.378       13790.346       3.7872500       1.9135000     -0.64650010       342.66100       2.1179291     0.057117097
2715.0000       291.63534       98640.419       13880.142       3.1130000       2.2537500     -0.77700000       342.36300       2.1889995     0.051939374
2720.0000       291.67603       98641.616       13997.364       3.6017500       1.7042500      0.50650000       342.91900       2.0232191     0.050047853
2725.0000       291.71584       98640.305       14068.759       2.5517500       2.4842500     -0.48950000       342.77100       1.9926214     0.054038317
2730.0000       291.77653       98636.357       14159.554       2.1317500       2.1275000      0.49050000       343.13700       2.0704755     0.049773176
2735.0000       291.82282       98634.261       14200.489       1.2800000      0.19950000      0.56325000       343.56300       1.9274623     0.053292265
2740.0000       291.85072       98630.863       14188.376       2.3122500       1.9127500    -0.032000000       343.03200       1.9914470     0.031848540
2745.0000       291.85700       98629.254       14156.163       2.5825000       1.4310000      0.47750000       343.29500       1.9244714     0.046542498
2750.0000       291.85661       98630.274       14071.507       2.4112500       2.1140000      0.47125000       343.21600       1.9111646     0.049859584
2755.0000       291.85299       98630.274       14027.085       1.6692500       2.1255000      0.21475000       343.55000       2.0577808     0.053417456
2760.0000       291.80512       98630.274       13965.577      0.61225000       2.1377500      0.28525000       343.40700       1.9120644     0.047051996
2765.0000       291.78898       98630.274       13924.067       1.2362500      0.95000000      0.30175000       343.36500       1.9663830     0.048715672
2770.0000       291.78671       98633.033       13921.688       1.3097500       1.8585000      0.37750000       343.42600       1.9624484     0.048810893
2775.0000       291.80053       98630.262       13908.311      0.37375000       2.1200000     -0.31000000       343.12300       2.0543154     0.047359169
2780.0000       291.82533       98622.707       13875.300       1.4615000       1.4025000     -0.41100000       342.80200       2.0162669     0.050089147
2785.0000       291.85940       98618.740       13873.689       1.7825000       2.4310000     -0.23125000       343.09700       1.9334208     0.045893006
2791.0000       291.97567       98610.369       13922.822       1.3252500       2.7855000      0.10775000       343.64300       2.1860675     0.057443094
2796.0000       291.96104       98607.625       13915.189       1.6060000       1.5987500     0.069000010       343.73400       2.0390065     0.051347921
2801.0000       291.86165       98610.478       13876.438       2.0287500       1.4710000     -0.63000010       343.36700       1.9858117     0.049187222
2806.0000       291.83191       98610.582       13881.233       1.7485000       1.2857500     -0.24850000       343.84000       1.8908767     0.051963192
2811.0000       291.74460       98610.349       13866.067      0.43200000       2.3815000      0.82150010       343.69400       2.0295904     0.050496606
2816.0000       291.72321       98610.365       13885.209       2.5530000       3.9742500     -0.31000000       343.04800       1.9951478     0.047846101
2821.0000       291.81114       98610.494       13992.098       3.0467500       2.6680000      0.54775010       343.48600       2.0941719     0.054832942
2826.0000       291.80848       98610.581       14002.043       2.4802500       1.2245000      0.46350000       344.04200       1.9243478     0.047432269
2831.0000       291.76928       98610.308       13970.075       3.8845000       2.7162500      0.60875000       343.82700       2.0419637     0.052842895
2836.0000       291.73289       98610.335       13938.220       2.8840000       4.3430000      0.80400000       343.87100       1.9337057     0.050562993
2841.0000       291.65782       98610.199       13851.802       1.1725000       3.7872500      0.90000000       343.58000       2.0434776     0.046624312
2846.0000       291.62376       98610.183       13808.555       1.5055000      0.58275000     -0.19000000       342.98100       2.0000476     0.051749561
2851.0000       291.60041       98610.478       13789.921       2.9250000       3.4035000     -0.49100000       342.80500       2.0514300     0.053230944
2856.0000       291.58661       98610.581       13751.240       2.4932500       1.8555000     0.034250000       343.48500       2.0423779     0.046936310
2861.0000       291.57698       98610.349       13693.837       2.1655000       3.3797500      0.89775000       343.61800       2.1610198     0.059568663
2866.0000       291.61016       98610.365       13683.495       3.3875000       3.1737500      0.64275000       343.26000       1.9558703     0.055408663
2871.0000       291.66267       98610.443       13666.023       2.8520000       4.2890000     -0.60775010       342.69600       2.1360537     0.054798884
2876.0000       291.73592       98610.546       13704.542       1.1710000       3.5370000     -0.15075000       343.48800       2.1700934     0.050100886
2882.0000       291.86513       98610.336       13825.190       1.8837500       4.7252500      -1.5550000       342.93700       2.1515097     0.058550958
2887.0000       292.00257       98610.336       13917.550       2.3795000       1.9352500      0.35475000       343.82100       2.2880290     0.054987143
2892.0000       292.16494       98610.498       14011.382       3.3480000       3.7425000     -0.99250010       342.51900       2.3559244     0.049660780
2897.0000       292.32275       98610.604       14165.840      0.82650010       2.9152500      0.17200000       342.66900       2.3351085     0.050515344
2902.0000       292.54928       98610.354       14373.983     0.079750000       3.2295000     -0.38975000       343.28900       2.1241738     0.052091613
2907.0000       292.65390       98610.366       14530.387       1.0240000       4.3737500     -0.84800000       343.09600       2.0453102     0.047733152
2912.0000       292.74735       98610.509       14786.530       2.1875000       6.7635000      0.16850000       342.83600       2.2191520     0.054727951
2917.0000       292.70528       98610.602       14805.056      0.42325000       3.7922500     -0.55550000       342.62800       2.2449945     0.055857812
2922.0000       292.54270       98607.672       14698.507       1.4292500       3.0407500      0.17450000       343.02700       2.0385705     0.054567253
2927.0000       292.40603       98613.325       14561.571       1.6482500       3.6670000    -0.035250000       342.73500       2.1887406     0.054514532
2932.0000       292.15585       98625.188       14256.864       2.9452500       3.0295000      0.19125000       343.51500       2.0310234     0.052217318
2937.0000       292.03163       98629.361       14093.491       1.8837500       2.9695000    -0.091000010       343.36000       2.0689871     0.055546092
2942.0000       291.94422       98638.568       13945.479       1.9657500       2.5492500     -0.54425000       343.41800       2.0787881     0.053533234
2947.0000       291.89051       98636.297       13823.253       2.8895000       3.2725000     -0.49350000       343.20200       2.2417172     0.050482084
2952.0000       291.85977       98620.990       13716.320       3.4062500       3.3865000      0.15475000       343.24500       2.1408312     0.057999293
2957.0000       291.92503       98615.873       13694.606       3.9862500       3.9932500      0.74725000       342.73000       2.0816467     0.055981019
2962.0000       292.08477       98609.545       13730.456       3.2025000       5.0390000     -0.89525000       342.80800       2.1745523     0.047745994
2967.0000       292.16527       98607.182       13736.947       4.1330000       1.9967500     0.017250000       343.56200       2.0355600     0.055766326
2973.0000       292.32103       98610.191       13815.796       1.9202500       2.4925000      0.46125000       344.12100       2.1501839     0.059812227
2978.0000       292.34504       98610.425       13830.482       4.0190000       1.9570000      0.59725000       343.99200       2.1289329     0.057455915
2983.0000       292.35580       98610.473       13829.910       2.4185000       4.0535000      0.54250000       343.03300       2.0550862     0.053414054
2988.0000       292.37041       98607.369       13848.689       2.8187500       2.9937500     -0.65725000       342.81300       2.2089191     0.056727924
2993.0000       292.36331       98609.144       13851.144       2.3337500       2.3982500       1.2122500       343.53900       2.0374918     0.056012612
2998.0000       292.33163       98613.392       13834.589       2.1302500       3.1382500      0.31525000       343.34800       2.0740711     0.056399776
3003.0000       292.25843       98621.508       13774.320       2.3242500       3.1860000     -0.42475000       343.54000       2.0998650     0.060534906
3008.0000       292.18665       98621.280       13745.904       3.2730000       3.2302500     -0.66400000       343.35600       2.0387352     0.056521350
3013.0000       292.10656       98621.291       13723.623       1.3425000     -0.24775000      0.56000000       344.49100       2.1958421     0.055812076
3018.0000       291.95407       98613.318       13687.603       3.3830000       2.3057500      -1.0797500       343.96500       1.9597425     0.054176397
3023.0000       291.87892       98609.020       13679.382       4.6820000       4.3507500      0.19750000       343.54400       2.2149340     0.054441585
3028.0000       291.81493       98610.425       13690.685       2.1440000       4.4657500     -0.57500000       343.26400       2.0829355     0.059181467
3033.0000       291.81888       98610.472       13715.393       3.1837500       3.6660000    -0.024750000       343.66700       2.0842941     0.053948781
3038.0000       291.88429       98610.492       13757.753       3.5845000       2.6942500     -0.54125010       343.54800       2.0326111     0.064413199
3043.0000       292.04776       98610.472       13833.069       3.3025000       4.3757500     -0.86825000       343.08200       2.2139062     0.066443927
3048.0000       292.13876       98610.492       13875.292       2.9870000       4.1095000      -1.3912500       343.21500       2.2247108     0.048928983
3053.0000       292.26208       98610.211       13911.907       4.2145000       2.7955000     -0.53200000       343.78700       2.2514900     0.062766582
3058.0000       292.33065       98610.215       13950.237       4.3612500       2.1145000      0.38450000       343.98500       2.2241433     0.068107759
3064.0000       292.36728       98610.188       14032.442       4.3977500       3.0147500     -0.20575000       342.94400       2.1067103     0.056990470
3069.0000       292.39890       98610.437       14219.376       3.9002500       3.7742500     -0.22625000       342.84500       2.2322510     0.056888603
3074.0000       292.36359       98610.479       14269.369       1.1420000       1.7555000      0.66350000       344.00700       2.1976828     0.052625524
3079.0000       292.19373       98611.760       14231.043       2.1755000       3.0867500      0.46825000       343.76600       2.1954015     0.054797425
3084.0000       292.12673       98610.655       14225.731       2.1747500       2.5055000     -0.48875000       343.86000       2.1804500     0.054648847
3089.0000       292.07747       98606.901       14160.542       2.8647500       2.4845000     -0.52100000       343.34300       2.1897485     0.051630832
3094.0000       292.03017       98604.831       14091.358       2.5440000       1.9065000     0.080000010       343.60600       2.2393690     0.048344154
