0.00000000      293.63947       98657.527       13767.257       4.2937500       3.7992500     -0.55500000       343.65400       3.0422658     0.031382110
4.9999729       293.53956       98631.181       13806.179       3.6040000       2.8625000      0.24600000       345.01500       2.8542119     0.037045821
9.9999860       293.50000       98621.646       13820.302       4.6257500       1.5280000      -1.0560000       344.69700       2.8735213     0.030029426
15.999994       293.44826       98619.074       13777.226       6.6690000       2.7495000     -0.57950000       343.22500       2.4903401     0.028248918
21.000007       293.38888       98622.748       13741.852       3.4870000       1.5132500    -0.050750000       344.61200       2.7988685     0.034806763
25.999980       293.33407       98648.782       13697.869       6.0645000      0.88100000      0.66175000       344.76500       3.4211114     0.037512523
30.999993       293.29421       98659.276       13636.326       4.6142500       1.6592500      0.64725010       343.86200       3.4154063     0.035552353
36.000006       293.16416       98668.069       13514.427       5.1972500       1.2005000   -0.0035000000       343.98600       3.7515097     0.025431839
40.999979       293.17147       98668.419       13473.255       3.3327500      0.23400000       1.2195000       344.90000       2.6438397     0.034452265
45.999992       293.30997       98650.890       13455.831       2.6822500       3.5567500     -0.16725000       344.67200       2.8449165     0.037050839
51.000005       293.41281       98642.948       13455.312       3.4277500       1.7260000     -0.16800000       345.16200       2.4834950     0.025221340
55.999978       293.61558       98629.055       13528.441       4.0192500       1.4710000     -0.65100000       345.60800       2.6131120     0.035019381
60.999991       293.74071       98626.900       13585.904       3.2792500       4.0340000     -0.39175000       344.41900       2.3982775     0.021256423
66.000004       293.85808       98640.299       13655.524       5.0392500       4.0027500     -0.62050000       342.91400       2.4953245     0.029029116
70.999977       293.88097       98646.314       13699.654       3.0325000       2.4115000      0.24425000       344.66800       2.9938958     0.039809086
75.999990       293.82954       98660.181       13767.787       3.8750000       2.6592500     -0.81025000       344.51300       4.1871018     0.036795971
81.000003       293.75386       98663.621       13781.789       4.4645000       2.5567500    -0.098000000       343.71100       3.8514978     0.032604497
85.999976       293.53835       98657.441       13743.040       3.3630000       3.4967500      0.12550000       344.48300       2.6097089     0.019401469
90.999989       293.40988       98650.007       13694.786       3.0142500       4.4580000     -0.57000010       344.09100       3.6651793     0.015591013
96.000002       293.27940       98624.881       13588.171       4.8752500       3.7455000     0.094000000       343.27800       3.0667240     0.016410845
100.99998       293.21525       98620.909       13523.526       5.2095000       2.5842500     -0.42700000       343.85400       2.5452213     0.034142410
106.99998       293.26920       98629.684       13470.106       3.7117500       1.9285000      0.79800000       345.43800       3.5857595     0.039873910
112.00000       293.24579       98636.180       13405.955       4.7545000       3.0447500     -0.36775000       343.79200       2.8872758     0.038228488
116.99997       293.27485       98661.541       13379.953       2.9325000       2.1682500     -0.23550000       344.90900       3.8920332     0.028148869
121.99998       293.19560       98671.662       13290.984       2.2130000       2.3325000      0.43675000       345.14500       2.8763412     0.031946964
127.00000       292.98482       98675.010       13141.501       6.2907510       2.3835000      -1.2687500       343.54400       3.0522947     0.038023254
131.99997       292.84400       98671.206       13013.857       3.5537500      0.46200000    -0.022750000       345.02700       2.3933387     0.032865000
136.99998       292.57724       98654.828       12802.590       4.0062500       1.2572500      0.20250000       345.66800       3.1011059     0.030247182
141.99999       292.53864       98646.797       12728.983       2.6885000      0.34325000       1.2820000       344.72900       2.2174509     0.036213555
147.00001       292.67482       98628.482       12727.465       5.7012500       1.5680000     -0.84600000       343.90200       2.6287283     0.020904286
151.99998       292.76932       98626.163       12742.721       4.4337500       2.5437500     -0.24300000       343.62900       3.0366418     0.023593618
156.99999       293.09015       98640.104       12905.009       3.1362500       2.6502500     -0.79575000       344.13900       2.5497223     0.013696532
162.00001       293.16869       98647.544       12944.645       4.7545000       3.3135000     -0.87125000       343.69900       2.6855939     0.021700546
166.99998       293.08842       98663.846       12932.135       5.4337500       2.8282500     -0.49600000       343.95600       2.3069495     0.023276111
171.99999       293.04720       98669.392       12925.002       4.1312500       3.1022500      0.81625000       343.66400       2.5963042     0.030628798
177.00001       292.84913       98669.806       12820.804       2.5420000       1.9397500      0.51150000       345.61600       2.6216388     0.022434019
181.99998       292.80703       98665.361       12826.336       2.6475000      0.83075000     -0.18650000       345.16300       2.3576518     0.038884446
186.99999       292.92043       98649.222       12922.764       2.3102500      0.68800000      0.10500000       345.33700       2.7139966     0.032640527
192.00000       292.90315       98641.646       12961.316       4.2865000       1.2717500     -0.52200000       342.84700       2.5943297     0.035197730
197.99997       292.87285       98627.329       13053.712       5.1105000       2.3635000     -0.20525000       343.09000       2.7779101     0.028600333
202.99999       292.84093       98628.071       13076.098       4.8827500       1.5605000     -0.31775000       343.36000       2.8874884     0.027036484
208.00000       292.71477       98641.721       13035.662       3.6527500       1.0460000     -0.29775000       344.46100       3.7698293     0.027753340
212.99997       292.65766       98649.528       13008.229       3.5005000       1.3017500     -0.33300000       344.18300       3.3530442     0.034555163
217.99998       292.63620       98667.598       12956.319       1.9430000      0.36450000       1.1317500       346.14700       2.5574788     0.027579720
223.00000       292.64889       98668.939       12939.238       2.4672500      0.95800010      0.30300000       344.74200       3.4652221     0.039340664
227.99997       292.62959       98658.476       12880.338       4.3365000      0.60300000      0.17825000       345.39700       4.7459534     0.039182887
232.99998       292.73605       98652.249       12933.080       5.2615000      0.51525000      0.18075000       345.06800       3.3685918     0.043716316
238.00000       292.99744       98635.112       13082.882       3.9362500      0.38000000      0.66650000       345.02600       2.9255948     0.030192377
242.99997       293.13995       98630.647       13186.586       3.7175000       1.1335000     -0.18300000       344.88200       2.9733133     0.037553350
247.99998       293.40803       98630.999       13385.594       5.8640000       1.3242500      0.64375000       344.87300       3.6858585     0.028152402
253.00000       293.39695       98636.567       13453.108       3.2467500       2.2970000      0.53850000       345.00300       3.5527279     0.031405936
257.99997       293.17905       98652.573       13443.040       4.5247500       1.5220000     -0.45975000       345.02600       4.0139324     0.025778026
262.99998       293.02305       98659.908       13423.206       2.1850000      0.50700000      0.29825000       343.96500       2.9475395     0.027440323
267.99999       292.67409       98673.514       13318.168       2.3837500       1.6020000      0.76850000       346.29400       3.5116403     0.039647092
272.99997       292.53084       98672.819       13273.413       2.3995000       2.8562500    -0.071000000       344.72300       2.3855933     0.032540634
277.99998       292.47895       98658.729       13238.506       3.3112500       2.6757500      0.50950000       345.06000       3.4670171     0.046038582
282.99999       292.47056       98651.124       13205.878       2.8035000       1.6717500      0.26350000       344.58400       2.2789377     0.038703269
289.00000       292.57398       98631.983       13191.304       3.8417500       5.4610000      0.00000000       342.44100       2.5024714     0.044660253
293.99997       292.65082       98632.128       13170.956       2.9912500       2.9077500     -0.19375000       344.55100       2.4352365     0.041592850
298.99999       292.76755       98642.472       13136.260       3.7125000       4.4712500     -0.49325000       343.36700       2.4194733     0.037055732
304.00000       292.88706       98649.290       13123.769       1.6972500       3.0952500      0.22875000       345.44200       2.4309334     0.045922696
308.99997       293.02501       98665.639       13111.931      0.37675000       2.8367500     0.090250010       344.55100       2.4105116     0.042838380
313.99999       293.14555       98671.100       13135.209       2.4180000       4.3232500      0.29425000       344.16200       2.6438371     0.046004393
319.00000       293.30391       98673.418       13199.526       3.1405000       1.5625000      0.41125000       344.31000       3.3949356     0.046935047
323.99997       293.37847       98669.027       13215.057       3.7942500       2.9465000     -0.41125000       344.10800       2.7915381     0.046641103
328.99999       293.40556       98657.364       13217.181       3.9557500       4.5055000     -0.20925000       344.68400       2.5094630     0.041602408
334.00000       293.42772       98649.522       13265.072       2.8495000       1.8525000    -0.044000000       344.71900       2.3323960     0.033625136
338.99997       293.42780       98631.970       13308.528       2.8145000       1.3047500     -0.25450000       345.61200       3.5207515     0.032143775
343.99998       293.37052       98632.317       13349.468       4.7735000       1.2902500       1.9965000       345.19000       3.2535990     0.036720916
349.00000       293.27054       98643.079       13459.894       2.6715000       1.7232500   -0.0032500000       344.07400       3.7911923     0.025515829
353.99997       293.19145       98649.888       13459.678       4.0577500       2.2222500      0.15975000       344.17400       2.8213674     0.049375738
358.99998       293.07834       98666.706       13394.272       3.6520000       1.8270000      0.73350010       345.11300       4.7885814     0.045251019
364.00000       292.94959       98670.196       13316.942       3.6785000      0.99525000     -0.29250000       344.03800       2.3270442     0.043239138
368.99997       292.82933       98667.800       13190.587       2.3337500       2.5847500      0.45175000       345.89600       2.3616229     0.043515139
373.99998       292.70127       98663.160       13094.157       3.1502500    -0.040500000      0.88550000       344.89200       2.4715877     0.046305143
379.99999       292.50723       98650.215       12961.127       4.7385000       3.8522500     -0.73850010       343.95500       2.6097773     0.050735080
385.00000       292.32744       98643.223       12855.842       2.9962500      0.79050000      0.57200000       345.52600       3.0452260     0.033092340
389.99998       292.13584       98633.676       12753.386       4.2902500       1.6042500      0.27400000       344.96400       3.3718577     0.053994476
394.99999       292.03875       98632.117       12688.185       3.6822500       2.6342500     0.010250000       344.76200       2.1603911     0.035863987
400.00000       291.89054       98632.861       12607.557       4.7105000       3.5510000      0.66700010       344.14100       2.3076206     0.020985629
404.99998       292.12279       98647.841       12679.466       3.4415000       1.7832500    -0.083750000       344.81200       2.7412070     0.038806628
409.99999       292.25422       98656.058       12720.404       6.4622500       2.9370000     -0.43075000       343.26200       3.1078272     0.037301366
415.00000       292.47126       98670.389       12791.329       3.0050000       2.4040000    -0.038250000       343.64700       2.9936253     0.037689554
419.99997       292.58751       98674.081       12852.208       3.3915000       2.4000000      0.17675000       344.44800       2.6549103     0.039812883
424.99999       292.62991       98670.385       12903.508       3.5890000       3.5087500      0.52250000       343.88300       2.2597504     0.038318080
430.00000       292.55032       98656.354       12925.420       2.6605000      0.64800000      0.97300000       345.22100       2.7818213     0.038605980
434.99997       292.56001       98648.148       12980.531       5.4192500      0.24850000     -0.81675000       344.80200       2.2933712     0.021481521
439.99999       292.55576       98631.727       13055.206       3.0492500       3.6232500      0.95600000       346.40300       2.4989821     0.038006999
445.00000       292.55370       98639.496       13127.864       4.6985000       2.1987500     -0.54200010       343.75300       3.1909037     0.038172991
449.99997       292.51746       98644.258       13153.998       5.2865000       3.1385000      0.11325000       344.54000       3.2644247     0.045532113
454.99999       292.33843       98658.879       13100.295       4.0380000       1.7855000     -0.30175000       343.20600       3.2901786     0.043838082
460.00000       292.27451       98667.125       13092.846       3.3227500       3.1375000     0.054750000       344.07000       3.0961267     0.037514179
464.99997       292.30498       98673.299       13098.563       2.2842500       1.0007500       1.3135000       344.60000       3.4160747     0.031627193
470.99998       292.29287       98672.115       13080.524       3.5695000       2.0470000      0.58350000       344.65600       3.2130236     0.031380186
475.99999       292.36256       98661.980       13111.973       3.5200000       1.2970000     -0.15175000       344.50600       2.7042898     0.041055608
481.00001       292.36879       98654.886       13092.582       2.3305000      0.23350000    -0.074250010       345.59600       2.5473710     0.046903808
485.99998       292.29069       98638.616       13005.526       2.5365000       1.5940000     -0.13425000       345.24500       2.9915361     0.044969657
490.99999       292.24049       98632.083       12944.431       4.0075000       3.9840000      0.31400000       344.25200       2.5941463     0.044909834
496.00001       292.16100       98630.475       12838.567       3.9300000       1.0820000      0.64375000       346.01100       2.7183527     0.022312045
500.99998       292.13266       98633.883       12805.045       3.7515000       2.2457500      0.68600000       345.06600       2.7049025     0.032003004
505.99999       292.11567       98649.459       12812.972       4.4202500       1.4415000      0.89550010       344.55600       3.2018877     0.036992652
511.00000       292.13952       98657.194       12840.648       3.5832500       1.4920000      0.36500000       344.52700       3.5694829     0.032899331
515.99998       292.27187       98667.305       12960.877       3.9580000      0.51450000      0.31775000       344.84100       3.1158471     0.019266294
520.99999       292.31916       98672.836       13022.339       3.4847500       1.1507500     -0.56175010       344.94700       3.1709750     0.031576697
526.00000       292.34578       98671.771       13046.765       3.1395000     -0.31675000     -0.21700000       345.05700       3.1787864     0.034278339
530.99998       292.36350       98670.696       13101.273       2.7390000      0.59375000      0.71375000       345.04600       3.1461520     0.045601470
535.99999       292.30956       98670.953       13155.981       4.0805000      0.60600000     0.089250010       344.64700       3.0498435     0.041476928
541.00000       292.29062       98665.555       13198.292      0.52025000       2.2952500       1.3142500       344.71600       3.0490760     0.036062524
545.99998       292.32813       98646.708       13301.300       3.7552500       3.3470000     -0.88975010       343.22200       3.2787671     0.047611585
550.99999       292.30538       98642.302       13318.919       4.3105000       3.1982500     -0.15950000       343.09900       2.5079272     0.046169626
557.00000       292.21094       98641.743       13229.008       3.6445000       2.2725000      0.81975000       343.90600       2.4049743     0.041072201
561.99997       292.18474       98644.149       13199.739       1.6112500       2.3922500       1.0772500       344.76200       2.3803715     0.042246085
566.99998       292.16039       98663.871       13164.382       2.9422500       2.6372500     -0.87975000       343.38100       2.7694169     0.048157892
572.00000       292.13411       98669.359       13113.091       4.5862500       2.6787500     -0.59550010       342.83500       2.9129915     0.043348861
576.99997       292.14379       98668.654       13072.641       3.5455000       2.3490000      0.67875000       343.41900       2.3181620     0.044602331
581.99998       292.15402       98665.601       13041.590       1.2102500       1.3495000      0.35650000       344.40100       2.8392974     0.043535763
586.99999       292.15687       98654.523       12988.005       3.1792500       1.6297500     -0.80125000       343.46300       2.2487833     0.043195295
591.99997       292.14710       98647.554       12942.052       2.6775000       1.7440000     -0.40950000       343.65600       3.2062709     0.043044472
596.99998       292.15688       98636.188       12913.900       2.1650000       1.9390000     -0.61725000       343.73100       3.1492217     0.044480500
601.99999       292.15311       98632.394       12900.567       2.3062500       2.0010000     0.054250000       343.90900       2.9865466     0.041494575
607.00001       292.11840       98630.392       12879.110       4.1015000       2.3910000      0.43400000       343.75900       2.8110892     0.047465816
611.99998       292.08845       98634.927       12870.058       3.0742500       2.4432500      0.48825000       344.23400       3.0046715     0.050345829
616.99999       292.04937       98651.099       12883.588       4.2420000       1.1202500      0.10900000       343.50900       4.0313121     0.046315955
622.00001       292.04334       98658.765       12911.940       4.9907500       2.1562500     -0.21875000       343.44800       2.8729125     0.048893442
626.99998       292.04339       98672.673       12950.628       5.0915000       1.9782500      0.86375000       343.27200       2.5560231     0.045364454
631.99999       292.04716       98673.476       12981.581       4.4512500       1.9230000     -0.30850000       342.91500       2.6929380     0.046024403
637.00000       292.09535       98660.143       13033.717       2.5110000       2.6327500     -0.24150000       343.91900       4.1682217     0.047892065
641.99998       292.11128       98652.826       13079.003       4.1745000       2.7192500   -0.0025000000       343.44700       3.1048956     0.050965822
647.99999       292.11165       98635.212       13132.701       3.1142500      0.85775010      0.20975000       343.72700       2.7814257     0.054516065
653.00000       292.09581       98630.723       13142.242       1.9292500      0.86050000      0.74475000       344.07400       2.3933376     0.046215191
657.99997       292.05928       98632.045       13143.103       3.6692500       1.6312500     -0.64525000       343.84800       2.4394629     0.052338954
662.99998       292.03927       98635.976       13136.886       1.9440000       3.0525000     -0.25025000       343.48600       2.9826463     0.052147885
668.00000       292.01270       98647.496       13092.678       4.4732500       4.1147500     -0.78675000       342.82600       3.1180237     0.047368129
672.99997       291.98266       98654.548       13060.015       3.5790000       3.8025000     -0.37200000       343.54400       2.3610917     0.046574226
677.99998       291.95737       98665.544       13037.137       4.2370000       3.5835000     -0.39325000       343.51200       2.5572213     0.047234429
683.00000       291.93731       98668.739       13008.394       3.8650000       2.0790000     -0.81575010       343.65800       2.4454650     0.046462133
687.99997       291.90095       98668.222       12956.089       3.3597500       4.0055000     -0.53050010       343.18500       3.0524792     0.049495480
692.99998       291.88744       98664.341       12929.915       4.3302500       4.2615000      -1.5250000       343.13400       3.0960982     0.050424130
698.00000       291.88850       98653.416       12899.647       3.8585000       2.3280000     -0.41950000       343.28700       4.3367731     0.052772225
702.99997       291.90503       98646.443       12918.310       3.5410000       2.2507500     -0.62475000       343.53100       2.7720301     0.048095948
707.99998       291.94240       98632.980       12971.772       4.1115000       2.6372500     -0.19825000       342.86400       4.1494978     0.050358700
713.00000       291.96260       98633.163       13018.206       2.7760000       3.9142500    -0.032250000       343.28900       3.2177190     0.048976089
717.99997       291.99989       98641.959       13105.892      0.98425010       2.2855000       1.2117500       343.81000       2.7871819     0.046106949
722.99998       292.01391       98648.146       13165.797       2.8780000       4.4700000     0.077500000       343.08700       2.3935486     0.044685851
727.99999       292.00030       98664.506       13200.144       2.5755000       3.7997500     -0.11475000       343.17000       2.8326764     0.044705730
733.00001       292.00042       98670.639       13256.196       1.2565000       2.1282500      0.46800000       343.58400       2.9862525     0.045074904
738.99997       291.99089       98671.449       13344.078      0.85925010       4.7852500      0.23250000       343.71800       2.4166195     0.049901549
743.99999       292.00931       98670.705       13386.968       2.0212500       3.0962500     0.010750000       343.16300       2.2561057     0.039772270
749.00000       292.05492       98668.679       13438.487      0.17575000       2.4042500       1.4397500       343.49900       2.2615108     0.046986460
753.99997       292.05631       98661.003       13437.861       2.9312500       2.9992500      0.48650000       343.76200       2.8870466     0.041332965
758.99999       292.06573       98646.225       13400.876       2.2935000       1.4812500    -0.037000000       344.14800       2.3017088     0.045040413
764.00000       292.03849       98639.058       13353.590       2.3125000       2.7125000      0.22800000       343.69600       3.0136452     0.047486900
768.99997       291.95918       98626.500       13266.656       2.4785000       4.2467500     -0.67975000       343.34300       2.2130972     0.045722399
773.99999       291.90929       98628.638       13204.222      0.99600010       3.2872500      0.44300000       343.82800       3.8875017     0.052460750
779.00000       291.85055       98643.364       13127.897       5.2207500       3.9532500      -1.1465000       343.39200       2.6618393     0.046484101
783.99997       291.81924       98651.253       13080.529       2.9525000       5.8130000     -0.26675000       342.98600       3.4581629     0.048701073
788.99999       291.79750       98665.748       13050.006       3.8972500       5.2285000     -0.59775000       343.08000       2.9660319     0.048945840
794.00000       291.78651       98671.094       13020.216       3.4655000       4.0540000   -0.0055000000       342.98700       2.7721434     0.050576953
798.99997       291.80001       98673.330       12997.386       3.1955000       3.3557500      0.83225010       343.50500       2.5814180     0.042841693
803.99998       291.80014       98668.838       12992.533       3.3495000       2.6065000      0.68125000       343.43900       2.7621272     0.044302186
809.00000       291.80917       98657.047       12993.569       4.4950000       5.1557500     -0.21350000       342.64300       2.3646419     0.046627354
813.99997       291.79064       98649.185       13012.482       3.3595000       3.4017500     -0.64075010       342.69400       2.9062798     0.046710167
818.99998       291.75401       98634.689       13061.829       2.8195000       4.5725000     -0.33775000       343.14300       2.8123143     0.045978753
824.00000       291.73422       98629.351       13086.199       3.6697500       3.1137500     -0.76125000       343.18600       2.4468466     0.051772601
830.00000       291.68733       98628.015       13109.593       2.3390000       2.5920000      0.21875000       343.57200       2.6366473     0.043003715
834.99998       291.69934       98633.498       13146.305       3.2720000       2.2115000     -0.33175000       343.60400       3.1385218     0.044486146
839.99999       291.74980       98644.677       13184.179       2.0640000       5.0215000      0.28500000       343.31900       2.4009037     0.044015708
845.00000       291.77035       98653.040       13220.824       2.3047500       2.0090000      0.78050010       343.73100       3.1577552     0.048773469
849.99998       291.80567       98667.073       13275.951       3.7015000       2.0940000      0.20100000       343.48900       3.4870781     0.045804596
854.99999       291.77018       98673.183       13276.393       3.3212500       3.8245000      -1.3557500       343.23600       4.1675302     0.044250230
860.00000       291.78720       98672.777       13299.250       5.5547500       4.0642500      0.22625000       343.27900       2.4505183     0.049471616
864.99998       291.86043       98662.837       13346.107       1.9147500       1.6512500      0.83375010       343.57500       2.5782916     0.046281797
869.99999       291.90027       98656.043       13370.153       2.9655000       3.5860000      0.23300000       343.59000       3.1879782     0.041977544
875.00000       291.94016       98648.013       13388.883       7.3912500       5.3550000     -0.80850010       342.74400       3.0690789     0.044371647
879.99997       292.01329       98632.972       13420.068       4.3180000       4.6695000     -0.79275010       343.06000       2.5877440     0.042404367
884.99999       292.03057       98630.553       13414.883       1.9627500       4.4345000     -0.84475000       343.32500       3.9485239     0.042145840
890.00000       291.99951       98633.512       13376.681       4.7390000       4.2950000      -1.9272500       343.10700       2.7093302     0.034268155
894.99997       291.98500       98644.869       13331.748       4.6175000       4.5780000     -0.86700000       343.30400       2.4725455     0.044317552
899.99999       291.99354       98651.081       13319.203       5.0930000       4.7080000     -0.87375000       343.00800       2.5492086     0.038507815
905.00000       292.03027       98655.959       13340.306       5.3260000       2.7835000      0.39000000       343.19900       2.3604058     0.049068524
909.99997       292.05004       98661.067       13344.785       2.6110000       1.8805000       1.0247500       343.46300       2.8092299     0.045678179
914.99999       292.06987       98667.828       13362.128       1.1035000       3.6762500      0.61800000       343.58900       2.7542555     0.042585126
920.99999       292.10542       98666.684       13381.563       3.4307500       3.9697500      0.69275000       343.83300       2.2367205     0.039606060
926.00001       292.14776       98660.868       13400.042       3.5365000       4.2942500     -0.55775000       342.90600       2.4793817     0.047936673
930.99998       292.15644       98655.650       13389.502       2.3830000       3.9755000      0.45700000       343.13300       2.7382470     0.046087109
935.99999       292.15619       98640.117       13359.696       2.3825000       2.4512500      -1.2880000       343.21800       3.1285535     0.049510043
941.00001       292.15525       98632.502       13342.105       2.1137500       5.8280000     -0.14800000       343.11200       2.3759139     0.047148036
945.99998       292.12359       98626.947       13303.467       1.4240000       3.6472500     -0.12325000       343.21700       2.2328279     0.045942904
950.99999       292.09336       98628.312       13269.175       1.9990000       3.0997500     0.040250000       343.55000       2.3759832     0.048709655
956.00000       292.08005       98639.262       13257.554      0.10100000       1.2875000      0.79775010       343.85400       2.7184943     0.048938270
960.99998       292.04897       98646.383       13233.078      0.97925010       4.7795000     -0.57575010       343.30400       2.9943426     0.050116955
965.99999       291.94748       98660.788       13171.117      0.58675000       3.5602500      0.51325010       343.38800       2.0758782     0.049135971
971.00000       291.93196       98668.372       13148.788       1.2570000       3.0192500     -0.37000000       343.13100       2.8327475     0.050197943
975.99998       291.96385       98670.699       13150.678      0.90450010       2.4115000      0.15700000       343.66100       2.8247732     0.048494156
980.99999       291.99633       98671.456       13151.460       2.7602500       3.4142500     -0.28925000       343.56700       3.3416350     0.046817294
986.00000       292.08753       98671.017       13136.251       2.0252500       4.3032500     -0.50000000       343.40300       2.6313507     0.048360231
990.99998       292.16789       98665.641       13186.238       2.5017500       4.4010000     -0.38450000       343.47500       2.4591105     0.050035578
995.99999       292.27324       98650.948       13312.822       2.7437500       3.1910000      0.42250000       343.59600       2.5407918     0.048951710
1001.0000       292.32009       98643.107       13380.490       2.6290000       4.8137500      0.31925000       343.14900       2.4242605     0.046788340
1006.0000       292.36097       98628.970       13474.508       1.7897500       2.7162500     0.065750000       343.24400       2.5061007     0.051253608
1012.0000       292.36443       98627.129       13562.558       3.5282500       4.5537500    -0.036000000       343.30600       3.2903136     0.050227461
1017.0000       292.28114       98639.970       13584.773       3.3557500       3.0220000      0.75825010       343.36200       3.5534067     0.054619353
1022.0000       292.23086       98647.340       13594.764       1.3755000       4.1675000     -0.94250010       343.69500       2.8131432     0.050535801
1027.0000       292.15450       98662.405       13596.411     -0.14925000       3.7175000      0.65575000       343.44700       2.4631105     0.047776296
1032.0000       292.13164       98669.366       13608.751       2.4002500       1.6677500      0.22150000       343.75000       2.4067070     0.041532548
1037.0000       292.15660       98669.750       13608.530       1.9517500       1.9357500      0.63850000       343.63700       2.1708549     0.042487994
1042.0000       292.14671       98671.398       13583.601       2.7675000       2.7845000      0.46525000       343.65600       3.0046256     0.040180445
1047.0000       292.16953       98674.184       13580.111       2.9287500       5.0632500      -1.1442500       342.73300       2.7693087     0.042133887
1052.0000       292.15189       98670.078       13538.010       2.7100000       3.9090000     -0.91550000       343.51500       2.4277156     0.041417979
1057.0000       292.06763       98660.618       13420.694       1.6030000       1.4870000      0.32125000       343.50800       3.4001549     0.038793142
1062.0000       292.03146       98653.237       13350.049       5.2727500       3.9085000     -0.51600000       342.73700       2.6583833     0.039624871
1067.0000       292.01847       98636.843       13286.306       4.1155000       2.0125000     -0.48525000       343.35300       2.5626386     0.041342154
1072.0000       291.98843       98631.356       13238.853       2.2045000       3.4405000      0.65500000       343.30400       3.6841732     0.041901775
1077.0000       291.94896       98632.204       13193.587       2.6187500       3.8475000     -0.26250000       343.30500       2.9069146     0.026993375
1082.0000       291.94260       98635.365       13185.213       2.8755000       2.5857500      0.66200010       343.10600       2.6536976     0.036337433
1087.0000       291.95594       98645.991       13224.517      0.84325000       2.6657500      0.67000000       343.65500       3.5408562     0.034375965
1092.0000       291.94614       98652.866       13233.297       1.7512500       2.0602500      0.30350000       343.45000       3.4330983     0.037075296
1097.0000       291.96940       98663.052       13250.833       2.9660000       2.3077500     -0.46725000       343.33900       2.7407376     0.038356589
1103.0000       291.94531       98668.987       13272.666       4.4792500       5.0672500      -1.0855000       342.91400       2.3422537     0.038201388
1108.0000       291.87152       98671.449       13284.151       4.6070000       3.7707500     -0.31100000       343.20200       5.0768583     0.038997504
1113.0000       291.82126       98671.196       13275.933       2.7725000       4.0637500      0.80275010       343.22700       2.6764896     0.037839460
1118.0000       291.77005       98665.088       13278.399       3.4517500       5.0427500      0.18075000       343.16100       2.7663226     0.037531405
1123.0000       291.71970       98664.752       13253.326       1.9895000       2.9897500     -0.37225000       343.10100       2.2235470     0.039446848
1128.0000       291.65794       98664.659       13173.479       4.2100000       2.7870000      0.39675000       343.01300       2.6441633     0.035846531
1133.0000       291.62405       98665.311       13141.991       3.7845000       2.7362500     -0.47750000       342.78300       2.8586546     0.039847303
1138.0000       291.61134       98674.708       13142.990       3.0827500       3.3185000      0.12925000       343.12500       2.7870260     0.037709348
1143.0000       291.58137       98669.607       13104.460       2.2697500       3.0210000     -0.19325000       343.06900       3.1072757     0.034137383
1148.0000       291.55869       98650.160       13061.319       3.8167500       3.6102500     -0.56000000       343.08500       3.8028067     0.033525053
1153.0000       291.53857       98646.977       13020.077       4.5555000       4.2002500     -0.86875000       343.06900       2.4580120     0.034900853
1158.0000       291.49066       98642.293       12929.434       4.4372500       3.8777500    -0.050250000       343.01100       2.0821180     0.033802834
1163.0000       291.49359       98644.463       12914.234       3.2307500       3.5467500     -0.39250000       343.08300       2.3625340     0.033125549
1168.0000       291.54321       98664.653       12947.943       2.8432500       4.7490000     -0.95475010       342.78600       2.5939649     0.033433193
1173.0000       291.56338       98670.862       12972.720       3.1482500       3.4840000    -0.099500010       343.08500       2.5596985     0.036100841
1178.0000       291.61012       98671.363       13035.107       3.1297500       3.6052500     -0.19950000       343.04500       2.5399842     0.033649128
1183.0000       291.60726       98671.087       13070.412       1.4925000       3.0330000     -0.21925000       343.18200       2.3702305     0.033857487
1189.0000       291.54476       98668.556       13092.957       3.8235000       4.8965000     -0.19375000       342.96000       3.3737782     0.034677753
1194.0000       291.54327       98661.059       13134.517       4.5300000       3.8617500     -0.78375010       343.06300       3.0432280     0.038577242
1199.0000       291.54234       98646.585       13193.259       4.5937500       3.0245000       1.3427500       343.16500       2.8989128     0.035031213
1204.0000       291.55144       98639.470       13221.313       1.9512500       4.6135000     -0.14150000       343.34700       3.0562993     0.036352835
1209.0000       291.60243       98626.908       13263.441       2.5210000       3.8670000     -0.17425000       343.40000       2.7985724     0.035495378
1214.0000       291.61378       98629.161       13256.649       3.3277500       4.2560000      0.64175000       343.15600       3.2639902     0.036820283
1219.0000       291.59990       98644.380       13202.046       1.6070000       4.1377500      0.21000000       343.19400       2.3886142     0.032961228
1224.0000       291.59978       98650.367       13168.611       2.6772500       3.7537500      -1.2880000       343.10300       2.6125572     0.035630448
1229.0000       291.60850       98660.237       13123.534       3.8267500       3.9462500    -0.099000010       342.99300       2.4434498     0.035858066
1234.0000       291.58968       98665.412       13080.045       3.0745000       3.3465000     -0.13800000       342.97600       2.7198798     0.036420901
1239.0000       291.55449       98665.881       13032.953       3.9845000       4.5555000      -1.9187500       342.85900       3.0950824     0.033627213
1244.0000       291.53419       98666.059       13000.214       2.9127500       3.5377500     -0.94575010       343.19300       3.1855858     0.028643198
1249.0000       291.49754       98665.945       12961.220       4.2677500       4.3475000     -0.85025010       343.08500       3.8190914     0.032357469
1254.0000       291.48636       98665.122       12949.397       3.1682500       3.0660000      0.45550000       343.28600       2.7453240     0.034437265
1259.0000       291.50880       98662.415       12961.403       1.2160000       1.1827500      0.66050000       343.59000       2.7488349     0.037064627
1264.0000       291.49016       98655.633       12969.357       1.4397500       2.1947500      0.31200000       343.31800       3.4911763     0.038308907
1269.0000       291.45404       98645.634       12989.994       3.1342500       2.9032500      0.10975000       343.38700       2.6820431     0.032571114
1274.0000       291.43431       98641.575       13002.446       1.6872500       2.0775000     -0.37775000       343.11400       2.5327711     0.035591311
1280.0000       291.38171       98632.149       13009.549       3.3907500       3.4980000     -0.51975000       342.94600       2.8966550     0.034612519
1285.0000       291.41501       98635.658       13050.639       3.3390000       1.9675000     -0.15775000       343.15900       3.3498194     0.034629311
1290.0000       291.50450       98650.097       13108.909       1.7557500       1.9567500      0.33950000       343.04400       3.3869859     0.032946251
1295.0000       291.52336       98657.157       13144.475       3.0772500       2.5922500     -0.61875000       343.10600       3.7898314     0.037382844
1300.0000       291.56819       98666.453       13205.759       3.2250000       3.4222500     -0.39725000       342.90000       2.1958043     0.035690089
1305.0000       291.46960       98668.736       13176.163       2.7752500       3.7242500     -0.50175010       342.98100       2.8173231     0.035907297
1310.0000       291.43619       98670.890       13171.925       2.9520000       1.7175000      0.18175000       343.18000       2.1671279     0.034197866
1315.0000       291.44499       98671.891       13182.378       1.7195000       3.4142500      -1.2792500       343.03400       2.3765136     0.031474964
1320.0000       291.44372       98671.058       13176.225       1.8607500       4.0510000     0.040750000       343.15100       2.3508236     0.030133686
1325.0000       291.45474       98669.004       13167.073       1.8832500       2.1935000      0.39675000       343.40400       2.1693073     0.033435494
1330.0000       291.49344       98667.399       13160.214      0.64850000       1.9740000      0.25100000       343.46600       2.3389332     0.030364582
1335.0000       291.54519       98658.924       13168.576       2.0250000       2.2612500      0.24350000       343.41400       2.4883940     0.032186498
1340.0000       291.60041       98644.630       13169.475       2.7472500       2.2110000      0.16275000       343.42800       2.8835046     0.033192173
1345.0000       291.67065       98630.199       13188.421       2.1117500       2.6197500      -1.1432500       342.99400       2.7807242     0.031390224
1350.0000       291.71365       98626.319       13205.204       1.2345000       3.1027500     -0.12525000       343.25900       3.2003273     0.031796153
1355.0000       291.70013       98638.003       13200.139       3.4665000       1.7350000      0.68075000       343.45600       3.0237676     0.031163663
1360.0000       291.70013       98644.902       13207.301       2.3155000       2.7525000     -0.75025000       343.43100       2.9477640     0.033952213
1365.0000       291.70012       98658.717       13238.363       2.8137500       2.9627500     -0.60775010       343.44700       2.9909726     0.038141384
1371.0000       291.70026       98668.240       13258.384       1.4712500       3.3005000     -0.64075010       343.20000       3.2161414     0.034285799
1376.0000       291.68521       98669.286       13261.105       2.5967500       1.5215000      0.32325000       343.43300       2.4681174     0.033408307
1381.0000       291.69655       98671.147       13276.193       2.1142500       3.1767500      0.45450000       343.16900       2.9569431     0.032608816
1386.0000       291.73411       98671.775       13298.653       4.1670000       3.5867500     -0.32525000       342.57700       2.5504870     0.030718833
1391.0000       291.75425       98670.709       13308.810       2.2047500       4.2360000      0.51900010       342.99200       2.6771284     0.034188266
1396.0000       291.79033       98669.634       13319.815       5.5470000       2.6485000     -0.10675000       342.96000       2.4147939     0.031523409
1401.0000       291.80941       98665.409       13330.217       2.5812500       1.4445000     -0.14575000       343.22700       3.0054340     0.030917892
1406.0000       291.82847       98655.917       13350.084       4.0735000       3.3092500     -0.50125000       342.97400       2.5054162     0.033454367
1411.0000       291.80604       98648.983       13332.343       2.1462500       2.6360000      0.64525000       343.64100       2.8419811     0.030245719
1416.0000       291.74872       98637.595       13292.363       2.5892500       1.4132500     -0.42075000       343.61200       4.1956617     0.033499862
1421.0000       291.69742       98633.092       13256.450       4.5640000       3.5522500     -0.28225000       342.88700       3.2930687     0.032750443
1426.0000       291.58576       98631.994       13181.535       2.6000000       3.0312500     -0.29925000       342.98100       2.9742935     0.031542973
1431.0000       291.52780       98634.424       13127.117       2.6117500       3.2737500     -0.14025000       343.06200       3.1415338     0.032844170
1436.0000       291.52338       98644.708       13091.047       1.7542500       1.9400000      0.25650000       343.25400       2.9300150     0.033412709
1441.0000       291.49329       98651.653       13056.440       3.7285000       3.7137500     -0.52125000       342.94100       2.9866631     0.035460174
1446.0000       291.45186       98659.064       12991.692       2.5757500       3.2355000      0.69525000       343.14000       2.5619921     0.032550454
1451.0000       291.44345       98667.043       12986.092       4.7470000       1.3972500    -0.082500000       343.03500       2.3553939     0.031772307
1456.0000       291.44379       98679.003       13037.603       4.3915000       2.0522500      0.23875000       343.05100       2.9953223     0.034160374
1462.0000       291.44657       98682.923       13072.604       3.8452500       1.9415000     -0.22400000       342.79900       2.7201297     0.031879820
1467.0000       291.46825       98683.215       13120.389       2.7952500       1.7670000     -0.31275000       343.16200       2.6090174     0.031793462
1472.0000       291.51220       98681.083       13182.091       2.4245000      0.82000010    -0.085750010       343.40200       2.3078152     0.029677486
1477.0000       291.56313       98670.296       13235.589       1.8832500       1.9760000      0.15975000       343.27000       2.8367042     0.031749140
1482.0000       291.61723       98662.296       13300.875       3.3892500       3.1457500     -0.91325000       343.16900       3.0135369     0.033170233
1487.0000       291.72943       98654.220       13422.194       2.6640000      0.53575000      0.58000000       343.31100       2.8153812     0.029489505
1492.0000       291.78290       98647.194       13491.236       4.4220000       2.6215000     -0.34325000       342.69200       3.7647312     0.033355062
1497.0000       291.80803       98636.107       13545.067       4.2592500       2.4092500      0.77650000       343.21200       2.8521817     0.034147929
1502.0000       291.81041       98632.254       13560.707       2.7895000       3.6745000      0.16550000       343.25500       2.7486908     0.031365929
1507.0000       291.77575       98631.762       13543.406       3.1890000       2.8257500      0.27950000       343.23000       2.5527294     0.032661673
1512.0000       291.74152       98634.954       13506.932       3.1405000       2.3840000     -0.35850000       343.25600       3.1470814     0.034461675
1517.0000       291.64227       98646.181       13390.849       2.5815000       1.8610000     -0.48550000       343.11100       3.6086728     0.034667505
1522.0000       291.63395       98653.251       13356.624       2.4642500       2.8910000      0.14050000       343.20300       3.0894745     0.030638866
1527.0000       291.69505       98660.639       13371.466       1.4230000       1.0695000      0.15375000       343.31100       3.3255259     0.035435734
1532.0000       291.70521       98668.656       13342.456       3.2352500       2.4737500      0.17950000       342.87200       3.1248837     0.030853976
1537.0000       291.75262       98679.956       13331.218       3.3475000       2.4512500     -0.44575000       343.00300       3.7576184     0.032193256
1542.0000       291.76492       98682.736       13312.810       3.2097500       1.3185000     -0.28725000       343.09200       3.5412685     0.033358492
1547.0000       291.71824       98685.664       13244.891       2.8812500       1.5055000      0.35775000       343.36500       3.1386748     0.034671517
1553.0000       291.68260       98679.184       13203.830       2.4910000       2.3510000      0.65600000       343.55400       3.1186579     0.029814688
1558.0000       291.65937       98658.271       13193.722       2.9822500       1.5925000     -0.38150000       343.82200       2.8812443     0.027695119
1563.0000       291.63937       98649.567       13200.782       5.4402500      0.98550000     -0.22025000       343.09300       2.2505714     0.031678729
1568.0000       291.60113       98640.660       13216.933       4.2785000       1.3137500      0.36825000       343.09800       3.2869652     0.031741845
1573.0000       291.58727       98636.491       13234.694       4.5260000       5.7820000      -2.2007500       342.94300       3.2433641     0.031633349
1578.0000       291.60004       98640.153       13284.389       3.4137500       2.4430000      0.66450010       343.35800       2.4427094     0.032063867
1583.0000       291.60004       98640.094       13314.921       3.3702500       3.4607500      0.26500000       343.03600       3.5702193     0.034020543
1588.0000       291.59979       98638.043       13325.494       4.2860000       2.2362500      0.96725000       343.38100       3.3584892     0.031964147
1593.0000       291.59968       98641.278       13351.822       2.7137500       2.8685000    -0.042750000       343.60300       2.4732706     0.029574417
1598.0000       291.60009       98647.317       13399.942       2.8270000       3.8575000      -1.2130000       343.10600       2.7776771     0.030573177
1603.0000       291.60004       98652.990       13417.803       2.6540000       3.1540000      0.85575000       343.19400       3.1018300     0.029753716
1608.0000       291.58904       98664.222       13415.014       2.9867500       5.4005000     -0.24450000       342.61600       2.6106383     0.028895185
1613.0000       291.60550       98668.995       13433.127       3.2837500       4.2040000    -0.060750000       343.21100       3.0999037     0.037091954
1618.0000       291.64265       98670.197       13457.782       3.9735000       3.1162500      0.40250000       343.03700       2.1522398     0.033561363
1623.0000       291.66276       98671.582       13457.363       2.1442500       1.9280000      0.30075000       343.38200       2.9594065     0.031123931
1628.0000       291.69972       98670.097       13459.094       4.0442500       4.0322500     -0.49600000       342.88800       3.5608455     0.031553015
1633.0000       291.71320       98669.965       13452.961       3.8417500       4.9150000     -0.69225000       342.64800       2.4897510     0.030455453
1638.0000       291.70044       98673.778       13411.077       3.4752500       3.8035000     -0.37250000       343.12700       2.3651536     0.037692043
1644.0000       291.70058       98667.665       13394.081      0.91975000       3.9425000      -1.6370000       343.12100       2.8780637     0.032568683
1649.0000       291.70018       98657.889       13401.857       3.2702500       2.8580000      0.23600000       343.26200       2.6491721     0.037038962
1654.0000       291.70012       98649.968       13394.189      0.53025000       4.1652500     -0.29650000       343.01400       1.8968238     0.035181724
1659.0000       291.69968       98634.846       13377.551      0.97725000       4.7522500     -0.17750000       342.76300       2.2568523     0.034511765
1664.0000       291.69950       98629.385       13375.342     0.029000000       3.7422500     -0.80200000       343.27000       2.4029328     0.033715197
1669.0000       291.69106       98627.130       13381.438      0.37725000       3.5195000     -0.60825000       343.23400       2.6445609     0.033616774
1674.0000       291.70967       98631.521       13377.866       1.4800000       3.2012500      0.46150000       343.26800       2.3433369     0.035882291
1679.0000       291.75524       98644.151       13373.559       2.1382500       3.2080000      0.76575010       343.56300       2.0784042     0.035878175
1684.0000       291.75638       98650.090       13378.932       3.0327500       4.3190000     -0.81750010       343.01000       3.1863198     0.036383204
1689.0000       291.77662       98660.356       13383.114       1.7230000       3.1870000     -0.21150000       343.25500       2.9399400     0.036200955
1694.0000       291.72937       98665.596       13386.717       3.2085000       1.3560000      0.72425000       343.30900       2.1784389     0.027364250
1699.0000       291.61383       98664.868       13408.515       4.7312500       5.3607500      -1.3357500       342.36600       3.1185609     0.032790171
1704.0000       291.54346       98666.883       13398.471       4.0907500       3.0695000      0.33375000       343.13100       2.2007061     0.029965996
1709.0000       291.44642       98670.575       13370.005      0.39250000       3.6800000      0.61950000       342.86500       2.9980991     0.037050776
1714.0000       291.40387       98671.707       13339.047       3.8477500       3.2710000      0.64950000       343.15100       2.5459286     0.035816981
1719.0000       291.39710       98673.787       13294.442       3.0322500       4.4620000      0.11300000       342.57900       2.2519795     0.036959417
1724.0000       291.38601       98666.261       13254.927       1.5770000       4.9762500     -0.66475000       342.63800       2.8491677     0.032505426
1729.0000       291.38217       98652.000       13198.819       3.5897500       3.3172500      0.69250010       342.89900       2.5048973     0.034365015
1735.0000       291.42969       98642.528       13177.665       3.6812500       3.9950000     -0.47775000       342.98400       2.3814617     0.035031930
1740.0000       291.49849       98625.841       13171.872       3.1625000       4.5505000     -0.24550000       343.16000       2.4246699     0.034899704
1745.0000       291.53903       98628.844       13175.813       3.9555000       2.8740000      0.56000000       343.18500       2.4687637     0.033225587
1750.0000       291.60589       98646.824       13197.889       3.7432500       2.8012500      0.24025000       342.94600       2.1700116     0.031011176
1755.0000       291.63030       98644.987       13228.848       2.9552500       3.8722500     -0.32700000       343.25300       2.1326337     0.036834095
1760.0000       291.65057       98646.185       13281.002      0.37775000       1.9985000       1.4150000       343.60800       2.0754664     0.033857308
1765.0000       291.70038       98634.765       13409.150       2.7600000       3.3385000      0.15750000       343.30800       1.9663248     0.037881246
1770.0000       291.71275       98632.184       13479.685       2.3435000       3.9020000    -0.078750010       343.16400       1.9792798     0.032166130
1775.0000       291.70055       98635.742       13528.349       1.9225000       5.7400000      0.20675000       342.93200       1.8969489     0.030639116
1780.0000       291.65078       98650.070       13567.955       3.5265000       2.7725000      0.68975000       343.26000       1.8642188     0.034178852
1785.0000       291.63053       98657.121       13584.784       3.9035000       3.8245000      -1.0297500       342.74900       1.8613967     0.035660013
1790.0000       291.60602       98666.493       13566.121       3.2155000       3.9667500     -0.27375000       342.69500       1.8625141     0.042884896
1795.0000       291.52405       98668.821       13504.058       3.2650000       2.5907500      0.47575000       342.89100       1.8956862     0.032206646
1800.0000       291.49217       98670.954       13469.108       2.8867500       2.4952500      0.10175000       343.00900       1.8821110     0.037103940
1805.0000       291.47474       98670.151       13426.366       2.9092500       3.0670000      0.46500000       343.33800       1.9072020     0.032331030
1810.0000       291.44405       98670.116       13370.515       1.9330000       5.0477500      -1.2630000       343.12300       1.8448429     0.039960403
1815.0000       291.44011       98671.921       13306.214       1.7042500       4.1760000      -1.0975000       343.14800       1.8616980     0.034156794
1821.0000       291.45202       98670.814       13274.682       1.6330000       2.5347500     -0.38925000       343.30800       1.9024270     0.031315217
1826.0000       291.42822       98669.889       13224.254       3.2765000       2.0777500       1.4037500       343.36900       1.9099368     0.030250089
1831.0000       291.44077       98665.615       13224.003       2.4607500       2.7175000      0.24275000       343.10500       1.8531515     0.037247467
1836.0000       291.52381       98655.904       13316.460      0.87450000       4.3732500     -0.61225000       343.06400       1.8379269     0.035710925
1841.0000       291.56295       98648.852       13361.942       1.2700000       2.8657500      0.34275000       343.13600       1.9544118     0.034921666
1846.0000       291.59037       98637.379       13392.412       2.1625000       1.6787500       1.3075000       343.40800       1.8666276     0.036767447
1851.0000       291.60930       98632.677       13436.730       3.5847500       4.8565000     -0.98575000       342.88000       1.9206939     0.029823047
1856.0000       291.59964       98634.714       13484.417       2.6277500       4.3120000    -0.093000000       342.87000       1.8919163     0.034583350
1861.0000       291.59938       98634.881       13512.120       4.1807500       4.0105000      0.83475010       343.06600       1.8234150     0.037343611
1866.0000       291.57032       98636.363       13531.748       2.5607500       3.9905000     -0.58050000       343.13500       1.9013871     0.038222977
1871.0000       291.59305       98640.515       13565.920       1.7292500       1.7485000      0.79275010       343.17000       1.9461099     0.037829624
1876.0000       291.66824       98645.739       13612.070       1.8390000       1.6767500      0.28600000       343.55600       1.9001028     0.032793257
1881.0000       291.70840       98650.920       13617.712       3.6155000       3.2145000      0.23325000       342.94600       1.8653869     0.036731384
1886.0000       291.78102       98661.846       13617.853       4.1737500       3.5290000     -0.90125010       342.67500       1.8889514     0.031004480
1891.0000       291.81897       98667.648       13611.719       2.5477500       4.5042500      0.37625000       342.58700       1.8570615     0.032274892
1896.0000       291.81397       98669.467       13551.910       3.6385000       2.4757500     -0.45575000       342.86500       1.8655453     0.033207089
1901.0000       291.80261       98671.364       13515.159       2.4120000       2.5025000     0.032500000       343.22400       1.8314384     0.045064370
1906.0000       291.80846       98670.146       13526.325       4.2097500       5.2025000     -0.66150000       342.81600       1.8687155     0.037035041
1912.0000       291.74025       98670.098       13475.152       2.7365000       2.9075000     -0.74800000       343.12400       1.8945370     0.032525923
1917.0000       291.59336       98670.233       13391.760       4.8617500       2.4565000     0.072500010       343.20600       1.8398967     0.032538640
1922.0000       291.51675       98670.193       13323.877       5.3245000       1.3137500     -0.79325000       342.81500       1.8674058     0.035996064
1927.0000       291.41688       98671.661       13215.053       3.7925000       2.7717500    -0.081250000       342.93700       1.8525409     0.037340203
1932.0000       291.36780       98670.348       13156.354       3.4257500       1.2025000      0.18350000       343.27800       1.8679394     0.031149044
1937.0000       291.37446       98669.157       13105.838       2.7865000       1.4152500      0.15475000       343.62800       1.8836860     0.033170909
1942.0000       291.40162       98664.475       13109.711       2.6412500       1.0490000      0.37375000       343.65000       1.9575844     0.030798009
1947.0000       291.48933       98654.365       13188.838       2.5570000       2.2545000    -0.062000000       343.53000       1.8823209     0.030068754
1952.0000       291.51538       98647.413       13221.461       1.8592500      0.68500010      0.89850000       343.71500       1.8965109     0.038360195
1957.0000       291.55254       98637.404       13277.100       2.6575000      0.54475000       1.3245000       343.55300       1.9153376     0.030213917
1962.0000       291.56434       98632.131       13316.914       3.6992500       3.8375000     -0.37250000       343.07100       1.9059763     0.031844862
1967.0000       291.50553       98629.535       13303.180       3.6470000       2.0622500      0.12200000       343.17900       1.8736126     0.033186201
1972.0000       291.48932       98629.299       13339.291       5.7230000       2.0927500     -0.66825000       342.30800       1.8756544     0.034699746
1977.0000       291.50006       98634.162       13436.613       4.5550000       2.0897500    -0.021500000       343.04400       1.9341594     0.028150069
1982.0000       291.50006       98636.196       13475.704       5.3597500      0.72800000      0.52550000       343.09000       1.9335677     0.031525383
1987.0000       291.47446       98637.117       13491.252       5.0080000       1.3745000     -0.73550000       343.01900       1.9329783     0.030492028
1992.0000       291.50197       98641.411       13521.123       3.9382500      0.66125010     -0.88150010       343.14800       1.8839789     0.030136968
1997.0000       291.57539       98644.153       13537.200       5.6867500       4.2365000      0.44800000       342.96800       1.9154460     0.027647811
2003.0000       291.62269       98654.343       13537.037       4.4590000       2.2800000     -0.45600000       343.00900       1.9052810     0.030860011
2008.0000       291.68633       98674.827       13540.057       4.1570000       2.9027500     -0.79250000       342.71900       1.8926161     0.031337264
2013.0000       291.72989       98680.359       13546.059       4.2472500       2.8692500      -1.5867500       342.94800       1.8874012     0.033657211
2018.0000       291.74216       98679.266       13526.002       5.2985000      0.55700000     -0.20275000       343.26900       1.8408549     0.038490149
2023.0000       291.76230       98682.683       13522.266       3.6710000       2.3840000     -0.31325000       343.39100       1.9021902     0.035082987
2028.0000       291.79948       98681.155       13544.002       4.2017500       2.3505000     0.062500000       343.29300       1.8683458     0.035034358
2033.0000       291.81349       98679.173       13555.899       2.8645000       2.2907500    -0.051250000       343.31900       1.8878301     0.034325678
2038.0000       291.80047       98681.716       13553.324       5.0852500       1.0862500     0.048750000       342.85700       1.9106420     0.032021856
2043.0000       291.80059       98680.480       13563.027       3.7020000       2.0045000      -1.1522500       343.34900       1.9286066     0.033702870
2048.0000       291.81171       98671.637       13604.285       4.2760000       3.2390000      -1.1717500       343.03300       1.8976373     0.034834995
2053.0000       291.79523       98667.285       13597.572       3.1477500       2.2670000      0.54750000       343.29100       1.9712971     0.028113396
2058.0000       291.75787       98668.341       13557.072       3.5927500     -0.99400000       1.5135000       343.21100       1.8849821     0.035720107
2063.0000       291.73784       98663.056       13542.860       4.0582500       2.7827500      0.20175000       342.78900       1.9112753     0.039233350
2068.0000       291.71133       98649.505       13524.035       3.3320000       1.0420000     -0.29075000       342.81000       1.9451581     0.031521683
2073.0000       291.68133       98647.343       13492.789       3.4122500       1.1360000     -0.60850000       343.14400       1.9131228     0.038265207
2078.0000       291.66921       98652.335       13476.352       3.6622500       2.4120000      0.14025000       342.72000       1.9317461     0.037465416
2083.0000       291.63326       98648.759       13440.337       3.6682500       2.6252500     -0.25425000       343.18000       2.0050842     0.031509128
2088.0000       291.54773       98647.600       13355.904       3.3915000       2.7352500      0.47825000       342.97900       1.9279781     0.037736174
2094.0000       291.52954       98643.501       13320.773       3.7730000       2.2480000     -0.64125000       342.87700       1.7946284     0.041431641
2099.0000       291.54215       98628.528       13318.253       3.2385000       1.4802500      0.33775000       343.40100       1.9088931     0.034246501
2104.0000       291.55120       98627.095       13308.596       3.1455000       1.1567500      0.61275010       343.62000       1.8842207     0.036570599
2109.0000       291.60244       98634.921       13312.283       3.1492500       1.3042500    -0.071000000       343.67700       1.9530028     0.035410263
2114.0000       291.61385       98636.968       13322.140       2.4295000      0.47875000      0.43425000       343.29700       1.8700276     0.037526641
2119.0000       291.60004       98638.812       13327.570       1.0262500       1.8360000      0.40075000       344.14800       1.8749626     0.034454829
2124.0000       291.60004       98643.713       13354.069       2.4990000       3.2695000    -0.048500000       343.03100       1.8961439     0.036725032
2129.0000       291.59109       98648.618       13391.446       1.8245000      0.79650000      0.96275000       343.40300       1.8658171     0.039169472
2134.0000       291.60961       98654.446       13460.138       4.7405000       1.9452500      -1.2515000       343.18500       1.9466676     0.033258808
2139.0000       291.64527       98665.534       13567.977       2.4275000       2.1505000      0.39375000       343.09200       1.9604962     0.031923968
2144.0000       291.66552       98669.800       13626.044       3.3235000      0.75675000      0.40000000       343.50600       1.9449246     0.033773474
2149.0000       291.68546       98670.578       13694.415       4.0137500       2.4692500     -0.45475000       342.51500       1.8883920     0.035994377
2154.0000       291.73476       98671.724       13742.204       3.5232500       1.4922500    -0.025500000       343.09500       1.9394162     0.036485587
2159.0000       291.78522       98668.491       13752.107       2.8682500       1.6845000      0.17125000       342.88900       1.8421698     0.038389339
2164.0000       291.84408       98672.224       13764.376       3.7467500       1.3297500     -0.52650000       342.90300       1.9771453     0.029839806
2169.0000       291.95253       98679.518       13784.341       3.1455000       2.0960000      0.33975000       342.85200       1.9707700     0.031843394
2174.0000       291.99452       98683.488       13785.970       2.0075000      0.91000000      0.45375000       343.63400       1.9457891     0.036240831
2179.0000       292.01227       98692.729       13753.523       2.7970000       1.8910000     -0.22575000       343.43100       1.9926844     0.032879673
2185.0000       292.00089       98690.425       13743.600       2.1895000       1.2972500      0.30750000       344.03600       1.9325847     0.035444354
2190.0000       291.95783       98681.273       13751.188       2.5090000       1.0192500      0.61600010       344.05000       1.8996358     0.037386820
2195.0000       291.91632       98675.160       13729.641       2.3665000       2.2897500    0.0035000000       343.38800       1.9084907     0.032177172
2200.0000       291.83887       98664.053       13689.818       1.8927500       1.4027500     0.015750000       343.81800       1.9272635     0.038074486
2205.0000       291.87529       98664.627       13719.238       2.4045000      0.97475000     -0.22150000       344.03600       2.0005326     0.031938633
2210.0000       291.85696       98660.722       13693.536       1.1307500       1.1150000      0.43175000       344.25200       1.9111988     0.038522003
2215.0000       291.81045       98654.269       13621.900       2.6852500       1.0887500      0.94125000       343.75500       1.9511975     0.034993466
2220.0000       291.80087       98650.299       13596.139       1.4927500       1.9010000     -0.44825000       343.91600       1.9330205     0.040126781
2225.0000       291.79134       98646.328       13573.205       1.2695000       2.1152500    -0.045000000       343.44500       1.8708882     0.043982426
2230.0000       291.74334       98639.715       13510.306       2.6102500       2.1195000     -0.18325000       343.64200       1.8853770     0.041240884
2235.0000       291.72491       98635.863       13494.158       2.9605000       2.4342500     -0.18625000       343.78300       1.9637175     0.038596510
2240.0000       291.74382       98635.151       13528.217       4.8407500       3.8797500     -0.17850000       343.58900       1.9003323     0.036451765
2245.0000       291.77599       98631.637       13554.263       3.6205000       3.3185000     -0.27550000       343.17800       1.9796414     0.034717381
2250.0000       291.79500       98629.479       13581.524       2.9257500       2.6417500     -0.94675000       343.12100       1.9051963     0.036509908
2255.0000       291.85616       98628.933       13657.516       1.1405000       3.1250000     -0.29450000       343.49000       1.9532148     0.035300482
2260.0000       291.90699       98629.870       13714.886       2.0137500       2.5332500     -0.39300000       343.25600       2.0000742     0.034940599
2265.0000       291.90010       98633.279       13728.606       3.2057500       3.8975000      -1.1515000       343.19800       1.9188557     0.044214570
2270.0000       291.93716       98635.234       13776.895       1.6875000       3.6002500      0.70725010       343.38600       1.9542282     0.045814163
2276.0000       292.07106       98636.400       13875.416       2.0595000       2.3250000       1.1047500       343.49200       2.0055687     0.038893008
2281.0000       292.11847       98640.579       13939.205       4.8307500       4.5167500     -0.66975000       342.33900       1.9134942     0.047039810
2286.0000       292.14590       98645.832       14056.557       2.8130000       4.2330000     -0.49725000       342.81800       1.9369729     0.037955868
2291.0000       292.16393       98651.046       14087.623       1.5542500       2.4437500     -0.95025000       342.98800       1.9049507     0.043893555
2296.0000       292.12359       98663.137       14047.618       1.6437500       4.4687500     -0.26350000       343.19200       2.0424064     0.040646972
2301.0000       292.09336       98667.855       14006.055       2.7932500       4.1042500     -0.10075000       343.02500       1.9598755     0.038769962
2306.0000       292.08005       98664.383       13886.183      0.97200010       2.6662500      0.12025000       343.26500       1.9883510     0.035525443
2311.0000       292.04897       98665.331       13813.949       2.2542500       4.9762500      -1.7702500       342.48300       1.9333848     0.042872447
2316.0000       291.99106       98666.049       13776.293       3.6015000       4.7672500     -0.50500000       342.48400       1.9452538     0.037966175
2321.0000       291.94096       98665.042       13714.363       2.3417500       4.1705000     -0.28725000       342.74400       1.9290671     0.039513659
2326.0000       291.86159       98661.622       13629.919       1.8557500       3.0720000      0.29650000       343.35900       2.0269580     0.039444429
2331.0000       291.83392       98664.915       13589.226       3.0450000       2.2857500      0.25225000       342.99000       1.9179177     0.043976354
2336.0000       291.85823       98674.386       13565.786       1.7920000       2.0825000    -0.022250000       343.41700       1.9544937     0.039281526
2341.0000       291.84827       98676.305       13535.400       2.6455000       2.0655000     0.017750000       343.43800       1.9459673     0.041671195
2346.0000       291.85613       98680.594       13538.874       2.0922500       3.1330000     0.031000000       343.78100       1.9553306     0.039400376
2351.0000       291.85461       98682.154       13535.737       3.5420000       3.1077500      0.21125000       342.95900       1.9150189     0.035428991
2356.0000       291.80998       98672.429       13502.733       3.2960000       4.5555000      -1.4917500       342.75400       2.0141943     0.033644402
2362.0000       291.78915       98668.362       13497.413       3.2007500       3.7747500     -0.67200010       342.60300       1.9472785     0.040342253
2367.0000       291.84024       98670.304       13544.532       3.8855000       3.9687500     -0.36450000       342.55100       1.9627079     0.038691922
2372.0000       291.79847       98670.282       13543.011       2.4002500       2.9097500      0.54875000       343.36600       1.9924629     0.034415653
2377.0000       291.66047       98671.550       13502.717       2.9797500       3.8942500    -0.087250000       342.73400       1.9471387     0.040537858
2382.0000       291.62772       98670.156       13507.087       2.1085000       4.4772500      -1.0857500       342.69600       1.9590770     0.041974865
2387.0000       291.59208       98669.166       13521.345       1.4745000       4.1705000     -0.74900000       343.15100       1.8765056     0.037358547
2392.0000       291.58305       98664.524       13521.875      0.23275000       3.1325000       1.3672500       343.84400       1.8795726     0.043229249
2397.0000       291.70316       98653.314       13561.937       4.0407500       3.6327500    -0.049500000       342.83700       1.8673003     0.038892325
2402.0000       291.72169       98647.779       13564.313       2.3610000       3.6152500      0.27825000       343.13200       1.9792344     0.033102080
2407.0000       291.68920       98642.626       13527.530       2.4030000       2.6972500      -1.0350000       343.27500       1.8617903     0.044395348
2412.0000       291.64094       98638.024       13491.168       2.5472500       1.2057500     -0.81025000       343.33900       1.9189694     0.046223258
2417.0000       291.50413       98636.526       13414.898       2.0005000     0.017000000      0.48525000       344.10400       1.9002987     0.038897417
2422.0000       291.47572       98634.552       13406.933       3.1827500      0.52750000      0.94825010       343.88900       1.9195911     0.046840560
2427.0000       291.50014       98630.990       13445.415       4.8625000       1.2087500     -0.14875000       343.31900       1.9357013     0.031569375
2432.0000       291.49388       98629.430       13441.492       2.5550000       2.0905000      -1.1457500       343.02500       1.9194582     0.033646032
2437.0000       291.53917       98630.314       13452.747       2.9937500       3.6550000      -1.0042500       343.20000       1.9123335     0.040237981
2442.0000       291.56506       98630.332       13472.196       1.1422500       1.0667500      0.75625000       343.59400       1.8566295     0.040672254
2447.0000       291.52984       98630.447       13447.941       2.3272500       3.9300000     -0.78350000       342.66500       1.9958263     0.032141971
2453.0000       291.55319       98630.487       13462.660       4.3737500       3.4942500     -0.68825000       342.69800       1.9266099     0.035485882
2458.0000       291.62842       98630.503       13525.566       3.0447500       4.0230000      0.59300010       343.03900       1.9271731     0.034466315
2463.0000       291.67851       98630.578       13576.702       5.2280000       2.1007500     -0.40500000       342.85100       1.9478071     0.040180388
2468.0000       291.71815       98630.317       13615.806       1.9242500       1.7117500      0.64150010       343.07200       1.9516903     0.041601483
2473.0000       291.78463       98630.333       13676.942       3.5645000       2.9405000     -0.34250000       342.74400       2.0067557     0.034587526
2478.0000       291.88487       98629.191       13787.006       1.9997500       1.1797500     0.023500000       343.76800       1.8861710     0.037138769
2483.0000       291.93899       98630.817       13839.090       3.1905000       1.2055000      0.21275000       343.00200       2.0025857     0.031392855
2488.0000       292.02147       98632.157       13878.688       3.3607500       1.4007500      0.20475000       343.38100       1.9041671     0.040232845
2493.0000       292.01667       98637.304       13892.583       3.5295000      0.93450000      0.89650010       342.98900       1.9014221     0.040665124
2498.0000       291.95252       98648.469       13881.613       4.1515000       3.0625000      0.23075000       342.90400       1.9226738     0.036355238
2503.0000       291.86280       98653.869       13836.675       5.6420000       2.2020000     -0.46850000       343.03200       1.9821652     0.030708071
2508.0000       291.67586       98660.188       13744.135       3.6710000       2.6355000     -0.14225000       342.96000       1.9867597     0.036790889
2513.0000       291.58800       98663.032       13687.183       3.1617500       1.9490000     -0.52575000       342.86800       1.9659628     0.033879422
2518.0000       291.50199       98660.349       13608.373       5.1905000       2.7775000     -0.69975000       342.77700       1.9400912     0.034122488
2523.0000       291.46068       98660.365       13552.227       4.1295000       1.9465000     -0.40700000       343.09900       1.9618976     0.040344808
2528.0000       291.47751       98660.087       13513.768       3.3347500       2.4305000     -0.12150000       342.79400       1.9886388     0.034725584
2533.0000       291.50982       98660.027       13499.550       3.1185000       1.3165000     -0.36950000       343.25100       1.9066226     0.040510709
2538.0000       291.57251       98659.171       13493.381       3.3617500       1.0462500     -0.52525000       343.17000       1.9351575     0.035036749
2544.0000       291.64070       98661.202       13500.170       3.7460000       1.8037500      0.28525000       343.13700       1.9279069     0.037433242
2549.0000       291.76029       98664.804       13546.452       4.9782500       2.3185000     -0.47500000       343.06300       1.9797780     0.029395136
2554.0000       291.78371       98666.806       13572.447       3.7240000       3.5377500     -0.34800000       342.81900       1.9204363     0.037537641
2559.0000       291.76562       98670.635       13589.184       2.6345000      0.70200000    0.0015000000       343.67600       1.9146177     0.036107196
2564.0000       291.73838       98671.850       13614.423       4.0352500       1.3127500     -0.60675000       342.98300       1.9953310     0.037290358
2569.0000       291.65023       98671.243       13646.470       4.8015000       1.8100000     -0.21500000       342.76700       2.0070758     0.034475221
2574.0000       291.61889       98669.377       13680.305       2.8995000       2.9390000     -0.17900000       343.28500       1.8863942     0.042901929
2579.0000       291.61512       98664.765       13729.404       2.9427500       2.3155000     0.026250000       343.23900       1.9189306     0.040279868
2584.0000       291.56679       98664.620       13731.943       2.8690000       2.2312500     -0.32225000       343.18900       1.9259728     0.038221082
2589.0000       291.50955       98664.446       13723.722       1.2990000       1.8302500      0.14850000       343.43300       1.9412936     0.038345763
2594.0000       291.46925       98665.343       13703.096       2.0912500       2.1382500     -0.54575000       343.34400       2.0062775     0.036974047
2599.0000       291.39505       98670.650       13637.760       4.2682500       2.3155000      -1.0747500       342.71300       1.9536850     0.035483731
2604.0000       291.37268       98671.855       13608.605       3.7530000       2.9775000     -0.81050000       342.46200       2.0106333     0.037614399
2609.0000       291.40862       98670.109       13608.251       1.8007500       2.0862500      0.22525000       343.31300       1.9817319     0.037282651
2614.0000       291.38979       98670.050       13557.910       1.8925000       2.8205000     -0.57500000       343.05200       2.0041392     0.036038763
2619.0000       291.34503       98670.442       13468.391       1.7017500      0.75775000      0.15000000       343.66700       1.9628786     0.038372714
2624.0000       291.34392       98670.501       13445.095       2.6105000       1.6197500     -0.79050000       343.24700       1.9628463     0.044738212
2629.0000       291.35213       98671.214       13423.995       4.1102500       2.5127500      -1.4092500       343.19700       1.9480567     0.044759877
2635.0000       291.34041       98668.849       13411.505       3.0500000       1.8730000      0.13000000       342.97400       1.8804502     0.045570232
2640.0000       291.37109       98665.416       13455.417       2.4835000       1.6137500      0.40275000       343.45100       1.9117156     0.038697157
2645.0000       291.31659       98663.382       13462.028       2.7862500       1.8345000      0.72450010       343.26000       1.9472021     0.039881267
2650.0000       291.20054       98659.706       13441.173       3.3005000       3.3695000      0.45300000       343.03000       2.0169984     0.038500427
2655.0000       291.08490       98663.179       13440.837       2.2852500       2.9227500     -0.38825000       342.98200       1.9701140     0.041316787
2660.0000       291.03014       98661.452       13443.415       3.6682500       1.8115000     -0.31225000       343.04000       1.9311430     0.040216320
2665.0000       291.01495       98654.300       13405.603       1.5640000       2.3187500      0.53625010       343.28100       1.9217806     0.045781670
2670.0000       291.03119       98650.330       13418.198       3.6642500      0.99350010     -0.10625000       343.55700       1.9189430     0.043995404
2675.0000       291.08435       98646.360       13459.849       3.9797500       2.5150000      0.17975000       343.34100       1.9539973     0.040284526
2680.0000       291.20560       98639.097       13545.523       3.7332500       2.6440000      0.14925000       343.24800       1.9053380     0.042172281
2685.0000       291.25492       98637.379       13577.914       4.5390000       2.3230000      0.35450000       342.70400       1.9146189     0.050637944
2690.0000       291.29475       98640.316       13618.136       2.7417500       2.7435000     -0.49450000       343.09300       1.9706916     0.041012308
2695.0000       291.39176       98640.188       13645.793       2.7300000       2.3387500      0.27600000       343.42500       2.0095226     0.036837858
2700.0000       291.45241       98640.129       13685.297       4.2127500       2.3582500     0.041500000       342.69900       1.9000762     0.041707503
2705.0000       291.52630       98640.365       13756.870       3.1740000       2.6865000     -0.36925000       342.62600       1.9861091     0.039659889
2710.0000       291.60664       98640.401       13843.173       3.7220000       2.1145000     -0.27150000       342.25400       1.9844970     0.038125767
2715.0000       291.66010       98641.799       13965.105       3.1772500       2.5272500     -0.75625000       342.51700       2.0008006     0.036614994
2720.0000       291.69992       98640.976       14041.791       2.7752500       1.9602500   0.00050000000       342.42700       1.8973192     0.038685147
2726.0000       291.76578       98636.773       14146.982       2.7585000       2.2127500     -0.22550000       342.77400       1.9229329     0.042821988
2731.0000       291.81456       98634.682       14195.234       1.5957500       1.4372500     -0.37625000       343.17300       1.9846664     0.039081429
2736.0000       291.84796       98631.335       14191.751       2.9067500      0.90125010     -0.59425000       342.64500       2.0355580     0.037176327
2741.0000       291.85674       98629.475       14164.649       3.4242500       2.0345000     -0.15600000       342.89100       1.9539434     0.046664080
2746.0000       291.85585       98630.274       14080.823       1.7380000       2.4792500    -0.083250000       343.26600       1.9609448     0.041788884
2751.0000       291.85471       98630.274       14035.679       1.8010000       1.7495000       1.4462500       343.84000       1.9755796     0.044284241
2756.0000       291.80983       98630.274       13975.857       2.0112500       1.7972500     -0.52075000       343.16300       1.9819506     0.037387756
2761.0000       291.79122       98630.274       13931.053       2.3372500       2.3272500     -0.26075000       343.09200       1.9499782     0.040466288
2766.0000       291.78546       98633.282       13924.356       1.9075000       2.6715000      0.17825000       343.62600       1.9676013     0.042380436
2771.0000       291.79675       98631.019       13910.993       1.1965000       1.9610000     -0.31875000       343.52000       1.8851535     0.045976598
2776.0000       291.82003       98623.506       13877.621       1.7117500       1.8562500     0.068750000       343.81400       1.9139925     0.045964670
2781.0000       291.85158       98619.530       13872.679       1.9555000      0.85300000     -0.12150000       343.74800       1.9022126     0.048212304
2786.0000       291.96733       98612.182       13921.277       1.7637500       2.5035000      0.20800000       343.75900       1.9833113     0.041696471
2791.0000       291.97297       98608.416       13920.212       1.9652500       2.5365000     0.043500000       343.45900       1.9173417     0.042916135
2796.0000       291.87355       98610.441       13876.826     0.094500010       3.0245000      0.17750000       343.41200       1.9141616     0.044808659
2801.0000       291.84380       98610.539       13878.329       2.6992500       2.4185000     0.026500000       343.12300       1.9353409     0.045096555
2806.0000       291.76350       98610.339       13865.177       2.2487500       2.8700000      0.17425000       343.84900       1.8858686     0.042415089
2811.0000       291.72733       98610.360       13874.646       2.3637500       3.7850000      0.30850000       343.57800       1.9178681     0.043222549
2817.0000       291.80865       98610.480       13986.084       3.3100000       3.9670000     -0.13125000       343.23800       1.9258430     0.041974897
2822.0000       291.81103       98610.561       14002.739       1.8870000       2.2560000      0.24150000       343.81000       1.9889364     0.042000407
2827.0000       291.77505       98610.306       13974.113       3.6097500       2.3925000     -0.63475000       343.83400       1.8994800     0.043138749
2832.0000       291.74117       98610.328       13946.143       2.1517500       3.1490000     -0.36550000       344.08200       1.9287100     0.040685188
2837.0000       291.66620       98610.204       13861.846       1.0217500       4.2952500       1.2120000       343.13000       1.9492104     0.040594753
2842.0000       291.62953       98610.185       13816.277       1.1130000       3.9917500      0.26950000       342.67900       2.0219186     0.038522517
2847.0000       291.60465       98610.459       13797.323       2.2317500       3.1015000     -0.38200000       342.73800       1.9076226     0.043644993
2852.0000       291.58839       98610.559       13759.200       1.6392500       1.3830000     -0.62025000       343.32600       1.9763805     0.042024059
2857.0000       291.57340       98610.344       13698.167      0.26325000       2.1927500      0.29875000       343.88700       1.9632296     0.042345974
2862.0000       291.60148       98610.363       13684.059       3.0925000       3.8540000     -0.60700010       343.66600       1.9367376     0.044600851
2867.0000       291.65103       98610.424       13662.935       2.7865000       3.7342500     -0.45975000       342.64300       1.9919186     0.037480575
2872.0000       291.71927       98610.524       13693.752       2.2385000       1.8797500     -0.11925000       343.68200       1.8937595     0.045026278
2877.0000       291.81695       98610.336       13791.946       1.8045000       1.9422500     0.065500010       343.26700       1.9016763     0.045244454
2882.0000       291.94468       98610.336       13879.014       3.6290000       4.2495000     -0.51225000       342.95200       1.9882709     0.041300129
2887.0000       292.10528       98610.459       13959.375       1.8142500       1.7645000     -0.49700000       342.32500       1.9553414     0.041499884
2892.0000       292.25814       98610.560       14099.827      0.91200010       3.0307500      0.53800000       343.88900       1.9360808     0.044373771
2897.0000       292.49365       98610.345       14310.656      0.99700000       4.2440000     -0.57700000       343.50200       1.9500289     0.045714468
2902.0000       292.61796       98610.363       14468.171       2.3570000       5.3157500    -0.038250000       343.09600       1.9698312     0.039428751
2908.0000       292.74514       98610.494       14769.380       2.2907500       7.8075000      0.24525000       342.39600       1.9598461     0.042118343
2913.0000       292.72078       98610.581       14810.325       1.2055000       5.5152500     -0.12175000       342.40400       1.9534868     0.048982473
2918.0000       292.56553       98606.995       14716.823      -1.4505000       3.6360000      0.33825000       343.08900       1.9727175     0.040006214
2923.0000       292.43636       98611.892       14594.955       3.0077500       4.4340000     -0.68125000       342.78700       2.0178410     0.035791660
2928.0000       292.18540       98624.194       14292.688       3.7225000       1.8937500     -0.25075000       343.40600       1.9543358     0.043976460
2933.0000       292.05333       98628.633       14124.091       2.5287500       1.8380000      0.69250010       343.71400       1.9681483     0.041849905
2938.0000       291.95938       98638.286       13973.026       2.3397500       3.4062500     -0.32400000       343.22100       1.9671054     0.041111374
2943.0000       291.89830       98637.243       13845.651       2.3472500       2.8327500      0.15400000       343.19000       1.8717092     0.046936533
2948.0000       291.85432       98622.157       13726.775       3.7947500       3.6022500     -0.95800010       343.26700       1.9306095     0.045494743
2953.0000       291.90690       98616.801       13694.885       2.6060000       3.7525000      0.12200000       343.26400       1.9567468     0.039740832
2958.0000       292.06867       98610.316       13731.137       3.2315000       4.2350000       1.0937500       343.83200       1.9315825     0.044501588
2963.0000       292.14917       98607.455       13734.322       4.2227500       3.8920000     -0.36300000       342.58900       1.9393691     0.044636136
2968.0000       292.28770       98610.199       13800.954       2.2365000       2.5072500     0.067000000       343.65000       1.9752391     0.045393435
2973.0000       292.35958       98610.183       13834.286       3.2215000       4.4737500     -0.28100000       343.26500       1.9292257     0.042376926
2978.0000       292.35297       98610.457       13830.407       3.7705000       3.4010000     -0.44150000       342.84800       1.8935073     0.046311889
2983.0000       292.35632       98610.488       13828.496       3.7192500       3.6750000    -0.045500000       343.06000       1.9196105     0.042887721
2988.0000       292.36910       98608.137       13852.443       1.5700000       1.7937500      0.57725000       343.80700       1.9829110     0.039687381
2994.0000       292.33993       98612.345       13839.419       3.7235000       3.5417500     -0.20050000       342.92200       1.9044125     0.040354239
2999.0000       292.27121       98621.255       13780.438       2.5465000       2.9512500     -0.39450000       342.95200       1.9045651     0.041539463
3004.0000       292.20206       98621.524       13751.301       2.4780000       3.0925000     -0.26325000       343.55300       1.8649960     0.045759229
3009.0000       292.12339       98621.450       13727.716       1.6195000       2.9910000     0.024500000       343.87200       1.8501077     0.046200432
3014.0000       292.03421       98619.652       13708.636       2.7520000       1.6627500     -0.51800000       344.91600       1.8863813     0.045889362
3019.0000       291.89086       98609.675       13679.581       2.3707500       2.9570000     0.038250000       343.63900       1.9256379     0.040651883
3024.0000       291.84661       98607.422       13685.860       2.5412500       3.6810000      0.25100000       343.47800       1.8691339     0.039759530
3029.0000       291.81317       98610.465       13709.044       3.2060000       2.9057500       1.0285000       342.96700       1.9042357     0.044268249
3034.0000       291.86629       98610.490       13747.866       4.1610000       3.9652500     -0.55225000       343.14100       1.8392225     0.045100969
3039.0000       292.02969       98610.464       13823.991       4.0287500       3.3292500    -0.098750000       342.57100       1.8434682     0.044869861
3044.0000       292.12047       98610.490       13867.272       4.3045000       3.0985000     -0.16725000       343.05600       1.8678795     0.040799701
3049.0000       292.24549       98610.219       13901.122       2.4152500       5.3875000     -0.66775010       343.50300       1.8378059     0.040554276
3054.0000       292.31839       98610.173       13957.859       3.8087500       2.8442500     -0.19175000       343.96000       1.8773466     0.037794533
3059.0000       292.35917       98610.195       14001.202       4.6232500       2.6465000      -1.1952500       342.98900       1.9102045     0.041655240
3064.0000       292.37175       98610.181       14086.472       4.1942500       3.7800000     -0.28225000       342.12100       1.9445821     0.038052741
3069.0000       292.38363       98610.465       14256.107       3.3192500       3.1735000      0.18550000       343.73300       1.8709118     0.041744063
3074.0000       292.31876       98610.490       14272.385       2.7292500       2.1902500     -0.28600000       342.84400       1.9249881     0.041287326
3079.0000       292.15058       98611.245       14230.615       3.7197500       2.7905000     -0.33025000       342.73700       1.8746207     0.043364798
3085.0000       292.09087       98608.880       14205.061       3.0435000       3.1967500     -0.45425000       343.01500       1.9489855     0.042011982
3090.0000       292.03760       98605.249       14104.991       2.9472500       1.4432500     -0.83850000       343.34500       1.9211578     0.040850775
