0.00000000      288.65043       98930.659       13826.618       3.2530000      -1.3672500     -0.20375000       341.66900       2.0009266     0.013170782
4.9999729       288.63997       98937.958       13831.852       4.4745000      -1.5062500     -0.70875000       341.49600       1.9849268     0.020042795
9.9999860       288.64978       98947.300       13857.509       4.5840000      -1.5402500     -0.50475000       341.39300       1.8792945     0.015151223
14.999999       288.65954       98952.948       13883.664       3.9555000     -0.98150000      0.60525000       341.50000       1.9387302     0.020332752
19.999972       288.64312       98944.348       13888.100       5.1322500      -2.2465000     -0.46325000       341.38900       1.9570342     0.024935650
24.999985       288.65483       98943.479       13917.245       3.1487500      -1.4490000      0.19425000       341.52300       2.0875765     0.016637021
29.999998       288.70023       98954.008       13976.595       4.0432500      -1.6082500     -0.46225000       341.50500       1.9251099     0.013231356
34.999971       288.74550       98934.058       14035.407       2.8277500      0.33575000      0.36075000       341.51000       1.9869846     0.016912808
39.999984       288.75722       98923.707       14060.839       3.8557500     -0.96650000     -0.53525000       341.47900       2.0265995     0.017343549
44.999997       288.75486       98911.569       14068.322       3.4747500      -2.0855000     -0.38575000       341.30300       1.9924936     0.023116041
49.999970       288.75580       98906.963       14078.993       4.8195000      -2.3795000     -0.94025000       341.43800       2.0829052     0.013059115
54.999983       288.71543       98911.997       14050.488       4.9987500      -2.8132500     -0.73425000       341.47900       2.0095931     0.013229583
59.999996       288.69452       98918.660       14039.553       4.8942500      -1.2612500      0.10600000       341.31300       1.8760131     0.012183803
64.999969       288.68596       98929.032       14039.348       3.6582500      -1.5082500      0.61225000       341.49200       1.9693345     0.011327616
69.999982       288.70633       98947.559       14064.354       4.2800000      -1.6890000     -0.18400000       341.34700       2.0264111     0.024025160
74.999996       288.68462       98951.025       14053.251       3.4532500     -0.84800000      0.43025000       341.46800       2.0118204     0.014649999
79.999968       288.64428       98952.524       14024.379       3.3772500      -2.6320000    -0.059000000       341.32700       1.9535429     0.014194017
84.999982       288.66026       98944.617       14061.544       3.5797500     -0.20550000     -0.14225000       341.45900       2.1309873     0.014541311
90.999989       288.64834       98933.783       14063.392       2.3532500     -0.87200000      0.49800000       341.62900       2.0903362     0.019553822
96.000002       288.65634       98919.766       14077.284       2.5150000     -0.70325010    0.0065000000       341.57000       1.9361521     0.018625175
100.99998       288.65500       98913.150       14080.184       2.8595000     -0.41750000      0.34225000       341.64100       1.9909347     0.021947226
105.99999       288.60968       98902.128       14027.687       2.6355000      -1.7967500      0.47800000       341.54700       2.1777031     0.024582003
111.00000       288.59116       98901.966       14009.505       4.9977500      -1.7860000     -0.95225010       341.39000       1.8983554     0.021395873
115.99997       288.61356       98919.516       14043.523       3.6610000      -2.4455000     -0.26700000       341.37500       1.8912791     0.011305803
120.99999       288.60198       98927.432       14029.214       4.1437500      -3.0397500     -0.31425000       341.41100       1.9515455     0.017418984
126.00000       288.56530       98937.479       13988.295       5.6957500      -2.9320000     -0.71625010       341.32500       1.9236140     0.013040105
130.99997       288.54523       98943.211       13955.574       5.1695000     -0.29425000     -0.66900000       341.21400       2.0277284     0.021475640
135.99999       288.49554       98944.612       13874.093       4.7650000      0.22575000      0.18925000       341.58300       1.9974253     0.017945704
141.00000       288.48836       98941.198       13843.185       6.7672510      -1.1692500     -0.21925000       341.18600       2.1016919     0.030871546
145.99997       288.54848       98930.208       13870.932       5.7442500      -1.8182500     -0.14400000       341.30600       2.0630316     0.014886779
150.99999       288.55735       98924.303       13862.375       4.6567500      -1.4260000     -0.23825000       341.32900       2.1481000     0.034854283
156.00000       288.55748       98913.433       13855.637       3.7462500      -1.1977500      0.21550000       341.43400       2.0116113     0.015289982
160.99997       288.55635       98907.931       13848.602       4.9335000      -2.4910000     -0.60650000       341.24600       2.0091849     0.013515581
165.99998       288.50998       98907.305       13805.087       4.5495000     -0.55450000     -0.42325000       341.40900       2.0354010     0.035883391
171.00000       288.49089       98909.475       13791.743       5.3640000      0.29350000      0.18475000       341.38900       1.9306913     0.015272963
175.99997       288.52805       98915.662       13845.482       3.2227500      0.20550000      0.70075010       341.43900       1.8108328     0.013445100
181.99998       288.49846       98921.950       13818.691       3.6957500      -1.0237500      0.79350010       341.33100       2.0683625     0.022085335
186.99999       288.42385       98933.208       13754.656       4.0842500     0.057500000      0.79150000       341.34500       2.0200113     0.015754840
192.00000       288.38410       98938.424       13701.167       5.1755000    -0.043000000      0.43125000       341.29200       1.9099636     0.011079754
196.99998       288.30975       98941.137       13582.666       4.7085000    0.0012500000      0.10975000       341.47700       1.9661449     0.012967662
201.99999       288.27762       98941.329       13522.707       3.5300000      -1.0620000      0.43525000       341.38200       2.0205168     0.021295189
207.00000       288.30042       98940.550       13508.960       3.5467500      0.78650000       1.3282500       341.43300       1.8562638     0.010956364
211.99998       288.30070       98934.485       13480.798       5.5905000     -0.76100000     -0.64500000       341.08000       2.1728600     0.019353843
216.99999       288.30005       98917.835       13461.202       4.6250000       1.0125000      0.70675000       341.25400       1.9533485     0.011199015
222.00000       288.30000       98911.523       13442.927       4.0012500      -2.6792500     -0.74475000       341.39300       2.1130367     0.024372302
226.99998       288.28723       98902.838       13410.952       4.6847500     -0.73325000      0.19425000       341.38900       1.9947887     0.013937739
231.99999       288.30105       98902.743       13410.912       3.8997500     -0.41650000     -0.57375000       341.30900       2.0203717     0.018802611
237.00000       288.33791       98913.452       13436.506       4.8322500      -1.2120000      0.40350000       341.35900       2.1405427     0.027075522
241.99997       288.35766       98923.068       13454.430       4.7590000      -1.9432500     -0.38000000       341.18000       1.9276663     0.013412705
246.99999       288.39507       98940.276       13490.357       4.5702500      -1.9417500     -0.80975000       341.22300       2.0762780     0.017055496
252.00000       288.41125       98949.466       13520.517       4.2050000     -0.63875000    -0.014500000       341.40500       2.0533893     0.021279087
256.99997       288.40009       98961.296       13533.389       6.0215000      -2.2215000     0.044500000       341.16700       1.9075458     0.011536723
261.99999       288.40009       98963.536       13570.848       4.9530000    -0.075750000      0.19275000       341.38000       1.8240514     0.019074130
267.99999       288.38892       98955.153       13638.420       6.4830000      -2.2147500     -0.45500000       341.24100       1.9417892     0.012672330
272.99997       288.40496       98946.324       13692.146       5.5825000      -2.1877500   -0.0022500000       341.27700       1.9035807     0.020450323
277.99998       288.45307       98928.818       13786.934       3.5325000      -2.2370000      0.48900000       341.45400       2.0929067     0.027258522
282.99999       288.45686       98918.473       13803.919       2.9462500      0.66075000      0.99775000       341.39100       2.1608051     0.035951352
288.00001       288.45818       98902.777       13780.083       5.4495000      -3.2840000      0.21525000       341.26800       2.1522163     0.030646017
292.99998       288.45166       98901.612       13762.963       5.4297500      -1.5170000     -0.15925000       341.07100       1.9855504     0.015178537
297.99999       288.39020       98912.018       13683.103       4.9557500      -1.2822500      0.23025000       341.28800       1.9666727     0.012395671
303.00001       288.39284       98918.327       13664.642       4.6050000     -0.90950010     -0.10750000       341.17700       1.9031965     0.021594277
307.99998       288.44247       98932.233       13692.862       4.8077500      -2.3327500     -0.18000000       341.21000       1.9036437     0.017305632
312.99999       288.46246       98941.624       13687.225       4.1070000     -0.74100010      0.60200010       341.39200       1.9725549     0.012599307
318.00001       288.51107       98948.672       13691.993       4.9045000      -1.5977500     -0.52350000       341.19000       1.9976998     0.013312414
322.99998       288.50867       98954.015       13670.951       3.5292500      -1.2035000      0.18525000       341.38900       1.8561767     0.015682419
327.99999       288.44656       98963.445       13591.226       4.4395000     -0.32650000      0.40325000       341.41000       1.9800742     0.023575792
333.00000       288.44261       98961.356       13595.020       3.6042500      -1.4157500      0.25925000       341.31900       2.0565098     0.018936927
337.99998       288.45353       98950.296       13639.709       4.2095000      0.97700010     -0.27450000       341.35200       2.0483433     0.018916775
342.99999       288.44356       98940.984       13659.202       4.2362500      -1.7825000     -0.82375000       341.31400       2.0529428     0.014959885
348.00000       288.44581       98922.383       13707.967       4.4455000     -0.35800000      0.10675000       341.16300       2.0116502     0.018621127
352.99998       288.45600       98914.259       13756.427       4.9547500     -0.63750000      -1.2760000       341.14900       2.0752131     0.025010981
358.99998       288.43514       98907.788       13775.529       3.3405000      -3.3365000       1.0682500       341.21400       2.0212169     0.015677185
364.00000       288.46249       98909.202       13847.697       4.7380000      -1.3395000     -0.66950010       341.31200       1.8388482     0.024110801
368.99997       288.55810       98916.640       13999.636       2.7445000     -0.23925000      0.31425000       341.56400       1.8675325     0.015225021
373.99998       288.57054       98926.135       14055.244       4.1767500      -2.1940000     0.035250000       341.44200       1.8975597     0.015650107
379.00000       288.55827       98944.406       14093.565       3.7845000      -1.1130000      0.29100000       341.38300       2.0243109     0.014927973
383.99997       288.54929       98952.651       14112.680       3.4130000      -1.6727500      0.10550000       341.42300       1.9335264     0.012968275
388.99998       288.49775       98961.190       14071.554       3.0017500      -1.5652500      0.21275000       341.37100       1.9964030     0.017723365
394.00000       288.48675       98964.653       14074.187       4.5005000      -1.9027500     -0.43625000       341.21000       2.1041048     0.019973111
398.99997       288.50853       98962.859       14113.099       2.2310000      -1.2550000      0.53625010       341.38300       1.9990886     0.015734508
403.99998       288.48970       98957.222       14075.211       3.2020000      -1.4487500     -0.33975000       341.49300       2.0107493     0.023512286
408.99999       288.45388       98948.508       14006.162       1.6015000      -1.1730000      0.69775000       341.66500       1.9421720     0.010959539
414.00001       288.43397       98938.942       13939.148       2.7260000      0.10900000      0.27075000       341.66800       2.0281529     0.019538894
418.99998       288.39695       98920.960       13810.247       4.1327500      -1.6992500      0.12950000       341.53800       1.9155117     0.011530467
423.99999       288.38569       98911.689       13753.539       4.6432500      -1.5300000     -0.24575000       341.40600       1.8716207     0.018450810
429.00001       288.39018       98902.279       13717.888       3.0312500      -1.4055000      0.14650000       341.46400       1.8976318     0.012705446
433.99998       288.40904       98903.667       13716.628       3.1207500     -0.92300000      0.13250000       341.47400       1.9585618     0.023476199
438.99999       288.45455       98913.036       13760.670       3.7452500     -0.72600000     -0.27275000       341.39700       1.9912919     0.016343273
444.00001       288.45565       98919.825       13773.820       3.4927500      0.69625000     -0.18100000       341.38000       2.1700347     0.027075047
449.99997       288.45574       98937.239       13809.775       3.7190000     -0.26650000     0.024500000       341.39700       2.0017863     0.023202828
454.99999       288.40013       98935.928       13797.951       4.8430000     -0.74500010      0.48575000       341.62800       1.9470240     0.010078161
460.00000       288.38803       98939.819       13815.505       1.9277500      -2.8812500     -0.46550000       341.46000       1.7946215     0.014118651
464.99997       288.40062       98944.945       13850.693       2.7602500     -0.13225000     0.010500000       341.58000       1.9707982     0.020901755
469.99999       288.44968       98951.643       13914.310       3.2780000     -0.19525000     -0.32725000       341.39200       1.9349683     0.013343472
475.00000       288.47013       98951.444       13948.750       3.7452500     -0.34800000     -0.49875000       341.52900       1.9035304    0.0094484692
479.99997       288.50617       98953.200       13990.631       3.5910000      -1.5282500      0.31750000       341.45800       2.0321724     0.014422702
484.99998       288.50017       98935.508       14005.137       2.7610000     -0.74450000     -0.35750000       341.43400       2.0309222     0.018569808
490.00000       288.50030       98924.290       14018.107       4.4815000      -1.0947500     0.053500000       341.29300       2.0987975     0.017687427
494.99997       288.50024       98910.177       14031.390       4.3015000     -0.42275000     -0.11000000       341.54400       2.1015092     0.012805784
499.99998       288.50035       98902.809       14040.146       4.5230000     -0.39750000      0.14800000       341.31200       2.1503807     0.021887528
505.00000       288.50006       98904.778       14045.444       2.2570000     -0.79600010      0.25950000       341.69400       2.6400622     0.023369650
509.99997       288.50008       98904.629       14040.786       2.4460000      -1.2400000      0.27625000       341.56200       2.5944690     0.020616977
514.99998       288.50016       98905.716       14029.307       1.6192500     -0.68750010      0.74800000       341.79200       2.1384671     0.019168890
520.00000       288.49350       98909.188       14001.556       2.3295000    -0.048000000      0.29450000       341.66300       2.0401704     0.013744270
524.99997       288.51502       98916.595       14016.902       4.5655000      -1.9122500     -0.52725010       341.35700       2.0715440     0.015809614
529.99998       288.54988       98925.083       14036.012       2.7600000      -1.0440000      0.30350000       341.69800       2.0637943     0.010795684
534.99999       288.58498       98932.905       14098.757       2.9942500     -0.51700000     -0.20725000       341.62500       2.0354800     0.018501941
541.00000       288.60943       98942.647       14154.988       3.2212500      0.15625000      0.49700000       341.42100       1.9465401     0.010670612
545.99998       288.59984       98950.104       14179.262       3.3910000      -1.2577500      0.77950000       341.51300       2.0122461     0.017261269
550.99999       288.59969       98951.882       14219.141       4.6977500      -1.6645000      0.11050000       341.37300       2.0454008     0.020667820
556.00000       288.61531       98953.284       14301.332       3.7607500      -1.8597500      0.15525000       341.35800       1.9097968     0.012086164
560.99997       288.60416       98951.907       14320.405       2.5202500     -0.76800000      0.70625000       341.52500       2.0540098     0.017566619
565.99999       288.53780       98941.606       14280.867       4.1910000      -2.2237500     0.017000000       341.23100       1.8505615     0.014052270
571.00000       288.54052       98933.542       14287.970       3.5087500      -1.7675000      0.19025000       341.30300       1.9104151     0.017951257
575.99997       288.59261       98925.613       14295.427       1.8345000     -0.20725000    0.0072500000       341.74100       1.9228352     0.017448111
580.99999       288.60278       98918.550       14278.391       2.5785000     -0.30550000     -0.30425000       341.59900       1.8988928     0.015018037
586.00000       288.64698       98900.367       14287.319       1.7120000     -0.68150000      0.21650000       341.82000       1.8713919     0.012516908
590.99997       288.66405       98901.549       14281.943       2.3675000      -1.0987500     -0.34950000       341.49500       1.9810479     0.012480940
595.99999       288.60971       98921.677       14213.823       1.2027500     -0.63875000      0.97300000       341.82400       1.9418364     0.019566508
601.00000       288.59101       98931.692       14184.869       2.9405000      0.99350010     -0.33700000       341.66600       2.0060564     0.015534466
605.99997       288.58599       98957.428       14181.353       4.0695000      0.37725000     -0.42800000       341.17100       2.0318114     0.019610430
610.99999       288.59756       98966.383       14190.740       3.1902500      -1.8825000      0.49000000       341.25300       1.9762710     0.017209851
616.00000       288.64813       98950.795       14237.192       5.0790000      -1.1615000      0.45325000       341.41800       1.9521413     0.015004269
620.99997       288.65694       98949.069       14247.684       2.1537500      -1.0765000      0.55500000       341.50700       1.8805414     0.011852848
625.99998       288.65577       98949.117       14245.667       3.8167500      -2.2705000      0.24175000       341.24800       1.9094811     0.010148974
631.99999       288.65301       98949.673       14255.558       4.1157500     -0.92025010     -0.18650000       341.28500       2.0211132     0.021737886
637.00000       288.60509       98962.029       14236.532       4.1155000   -0.0020000000      0.24000000       341.53300       1.9590627     0.015665154
641.99998       288.58906       98962.587       14235.407       6.1155000     -0.67375000     -0.16175000       341.27900       1.8912320     0.014315696
646.99999       288.58682       98956.892       14257.330       4.7670000      0.65050010     -0.14250000       341.16600       2.0608493     0.013254318
652.00000       288.60088       98948.700       14275.284       4.0762500     -0.60150000      0.37800000       341.47600       2.1942949     0.021748848
656.99998       288.63798       98929.910       14290.342       5.4222500      -1.5490000     -0.26950000       341.24800       2.2056631     0.027724732
661.99999       288.65796       98920.585       14305.499       4.3735000     -0.73250000      0.55375000       341.48800       1.9901881     0.013947976
667.00000       288.69528       98911.559       14327.757       3.3130000     -0.95075010       1.0787500       341.61100       2.1258213     0.026340931
671.99998       288.71188       98906.606       14349.172       2.7835000     -0.67500000     -0.16025000       341.23700       2.0342485     0.020854884
676.99999       288.69991       98910.304       14371.464       2.8457500     -0.77175000      0.61500000       341.26800       1.9187218     0.012738966
682.00000       288.69980       98910.281       14382.708       2.0167500      -1.6985000    -0.073000010       341.45800       1.8293709     0.018183164
686.99998       288.70057       98907.783       14400.028       3.3410000      -1.7600000      0.17525000       341.36800       1.9999455     0.014331153
691.99999       288.70085       98910.548       14400.193       4.0037500     -0.66400000     -0.18625000       341.43300       1.7268177     0.027544151
697.00000       288.68603       98916.236       14359.078       4.7150000      -1.0837500     -0.59250000       341.19900       1.7812376     0.015498400
701.99997       288.69968       98921.587       14360.708       3.9712500      -1.0035000     -0.29425000       341.29000       1.9566179     0.016908348
706.99999       288.75129       98930.425       14391.265       3.1180000     -0.97850010      0.11900000       341.34800       2.0529372     0.024699642
712.00000       288.75776       98938.485       14395.174       3.0732500    0.0090000010      0.62450000       341.63500       1.9270055     0.017513014
716.99997       288.75597       98947.447       14410.016       3.5230000     -0.46125000    -0.035750000       341.42700       1.7593082     0.017048877
722.99998       288.74991       98954.051       14412.245       2.8532500     -0.27675000     -0.30050000       341.67400       2.0045231     0.022007932
727.99999       288.68958       98962.534       14370.082       2.3217500      -2.1302500       1.0207500       341.59200       2.0728366     0.029014512
733.00001       288.69213       98962.109       14374.576       3.3112500      -2.5935000     -0.24475000       341.36800       2.0522035     0.019856616
737.99998       288.74159       98952.003       14398.054       2.2260000     -0.91550000     -0.17475000       341.60500       1.9603114     0.015600054
742.99999       288.76177       98947.949       14432.106       2.1632500     -0.45975000     -0.64950000       341.47000       2.0804345     0.023295597
748.00001       288.80976       98941.317       14510.488       2.9650000     -0.82350000     0.065500010       341.34600       1.9555183     0.016935988
752.99998       288.80711       98936.826       14531.399       3.8772500     -0.67200010     -0.30825000       341.46900       1.9535553     0.012759559
757.99999       288.75689       98938.222       14536.626       4.5295000     -0.84250000    -0.024500000       341.49500       1.9311976     0.024180248
763.00001       288.73667       98933.004       14534.325       5.2505000      0.37300000    -0.044000000       341.27200       1.9459604     0.018052869
767.99998       288.70035       98922.977       14492.722       4.8255000     -0.85300000     -0.15900000       341.17700       2.1755990     0.015800271
772.99999       288.68665       98916.000       14470.754       3.3712500     -0.35875000    -0.014500000       341.42600       2.5631680     0.020458328
778.00000       288.72251       98905.187       14474.537       3.3852500     -0.90025000    -0.091750000       341.49700       2.1809141     0.019029245
782.99998       288.69042       98902.062       14434.306       3.9372500     -0.11875000     -0.10450000       341.21600       2.0741825     0.015664582
787.99999       288.61777       98904.652       14373.567       3.9582500     -0.56475000      0.15675000       341.40300       1.8982154     0.010963452
793.00000       288.57742       98905.355       14305.034       3.2920000      0.10925000      0.90025000       341.61800       1.9496207     0.017296078
797.99998       288.50204       98907.798       14201.661       2.6550000     -0.19025000      0.19875000       341.53900       1.9927280     0.012906580
802.99999       288.47400       98912.381       14124.207       3.7525000     -0.15400000     -0.36525000       341.44300       1.8530580     0.012091868
808.00000       288.51092       98917.565       14046.491       3.2272500     -0.66200010     -0.18750000       341.37100       1.9100930     0.026738578
813.99997       288.48989       98924.433       13970.966       3.7830000     -0.75875000     -0.12425000       341.28100       2.0173510     0.022920618
818.99998       288.44472       98935.591       13899.808       3.3812500      0.29025000      0.23300000       341.57500       2.0581004     0.023203125
824.00000       288.44333       98939.818       13897.210       3.6510000       1.3117500      -1.5540000       341.17800       2.0886462     0.017503507
828.99997       288.43291       98940.767       13922.899       3.7687500       1.0805000      0.81975000       341.55100       2.0983893     0.018874551
833.99998       288.46095       98941.918       13979.998       4.6400000      -1.6382500      0.16675000       341.25900       1.9725651     0.019000313
839.00000       288.55776       98938.603       14116.562       3.2765000     -0.11000000      0.18675000       341.58800       1.9724541     0.014354423
843.99997       288.57055       98942.436       14181.880       4.7560000     -0.21125000     0.022500000       341.29200       1.9816360     0.013123557
848.99998       288.55695       98951.569       14236.873       3.8712500     -0.90700010      0.11750000       341.35300       1.9545974     0.017968524
853.99999       288.54833       98951.872       14285.227       3.3925000    -0.018250000     -0.30875000       341.51400       2.1805916     0.014333663
858.99997       288.49696       98951.622       14316.223       4.1745000     -0.27625000     -0.79325000       341.43900       2.8866992     0.017952035
863.99998       288.48595       98949.844       14326.726       3.0815000     -0.27875000      0.24050000       341.17400       2.6989533     0.013985562
868.99999       288.50862       98940.710       14344.073       3.3345000     -0.82425000      0.17025000       341.45700       1.9761799     0.017272093
874.00001       288.48991       98936.631       14306.297       4.2527500      -1.6690000      0.32125000       341.26400       1.9352293     0.011986149
878.99998       288.45506       98937.744       14211.961       4.7007500       1.0417500      0.37975000       341.21600       1.8882033     0.020017535
883.99999       288.43488       98931.941       14147.321       4.8445000       1.0197500      0.23275000       341.32000       1.9962547     0.016003988
889.00001       288.38804       98920.711       14050.898       3.9597500     -0.72750000      0.58575000       341.46400       1.9699674     0.015381900
893.99998       288.39521       98915.480       14009.297       3.3470000      0.84425000      0.61800000       341.39600       1.8902924     0.023758691
899.99999       288.45683       98909.480       13999.531       2.9535000      0.30925000     -0.39125000       341.27500       2.1500276     0.020166135
905.00000       288.45487       98905.762       13967.639       4.1212500     -0.76775000    -0.044750000       341.34400       2.5219215     0.021560098
909.99997       288.45602       98904.639       13946.247       4.0127500      0.43325000      0.35325000       341.40000       2.1993607     0.021700340
914.99999       288.44488       98904.738       13924.642       4.8630000      0.16750000     -0.28350000       341.12100       2.1814360     0.017825259
920.00000       288.39347       98904.785       13885.011       2.6085000     -0.86875000      0.80050000       341.53300       2.0889987     0.015344319
924.99997       288.38481       98906.010       13875.468       1.6902500     -0.29675000      0.74875000       341.34800       2.0433646     0.016937894
929.99998       288.40009       98909.801       13893.520       3.2595000     -0.78075000     -0.53800000       341.18400       1.8949227     0.015115337
935.00000       288.38531       98914.970       13852.956       3.6152500      -1.0642500      0.58350000       341.30900       1.9739932     0.012838259
939.99997       288.39395       98919.881       13860.534       2.5697500     -0.53575000      0.49175000       341.39300       1.9014852     0.016545024
944.99998       288.43006       98930.335       13906.753       4.0632500      -1.2207500      0.28550000       341.39000       2.0523611     0.021985580
950.00000       288.44971       98936.496       13937.236       5.9270000     -0.22375000      0.14600000       341.24000       2.0132432     0.021670054
954.99997       288.48465       98938.807       14015.592       3.2852500     -0.42675000    -0.075500000       341.41700       2.0757018     0.033682491
959.99998       288.50555       98940.912       14060.731       3.5335000     -0.62625000      0.66450010       341.35700       1.8620243     0.010422207
965.00000       288.51411       98941.780       14083.642       5.8790000      -1.6715000     0.032000000       341.16000       2.0177040     0.017385915
969.99997       288.50693       98940.389       14079.373       3.8605000     -0.36325000      0.18725000       341.40600       1.9475218     0.024196778
974.99998       288.48560       98940.399       14055.167       4.4302500     -0.36650000     -0.18500000       341.15500       1.9588041     0.023641503
980.00000       288.44388       98939.144       14002.444       3.2407500      -1.5577500     -0.20400000       341.30000       1.9923659     0.020838495
984.99997       288.46054       98946.414       13994.849       4.2597500      -2.2570000      0.54800000       341.42000       1.9550824     0.016492273
990.99998       288.44875       98951.275       13952.974       5.4445000      -1.2915000     -0.47175000       341.32400       2.0198674     0.015798428
995.99999       288.45602       98961.161       13917.880       3.7882500      -1.0200000     -0.47100000       341.18600       2.0895182     0.024871963
1001.0000       288.45471       98962.605       13890.061       3.9775000      -1.2827500     0.014500000       341.32700       1.9461860     0.017398744
1006.0000       288.38038       98953.539       13791.069       4.1752500      0.14025000      0.53525000       341.37000       1.8920522     0.013003822
1011.0000       288.38459       98949.535       13782.550       4.2157500      -1.8935000     0.047500000       341.07100       2.0549214     0.018294480
1016.0000       288.48225       98943.720       13879.671       4.0770000      -2.2857500     -0.30875000       341.30600       2.0299203     0.018286127
1021.0000       288.51110       98938.827       13914.462       3.3337500      -1.7032500     -0.16175000       341.31100       1.8411397     0.013574257
1026.0000       288.56043       98936.699       13977.726       3.2797500     -0.79950000     -0.22050000       341.45900       1.8258461     0.017008163
1031.0000       288.56700       98934.641       14006.359       5.2025000      0.21275000    -0.066000000       341.23100       1.9921130     0.021680815
1036.0000       288.46093       98934.171       13941.299       4.2302500      -1.6602500     -0.56300000       341.12700       1.7159749     0.022114703
1041.0000       288.43391       98930.083       13942.430       3.2517500     -0.33975000      0.21000000       341.33100       1.9499766     0.020205607
1046.0000       288.45786       98923.514       13996.128       3.8390000      -1.5975000      0.39500000       341.26200       1.9770365     0.026409596
1051.0000       288.44794       98919.603       14012.323       3.1675000     -0.52550000     0.099000010       341.43300       1.8726039     0.017405804
1056.0000       288.44232       98912.151       14030.713       4.1200000      -1.7380000    -0.024750000       341.23000       1.9419844     0.018725460
1061.0000       288.45229       98908.353       14052.307       5.0860000      -1.1970000     -0.27675000       341.05200       1.9140201     0.018516705
1066.0000       288.45841       98910.404       14058.399       4.1937500     -0.57175000      0.27450000       341.43300       1.8759676     0.012423119
1071.0000       288.44822       98910.479       14054.335       5.0715000      -1.5850000      0.26575000       341.11900       1.9723755     0.017469870
1076.0000       288.45564       98910.177       14076.058       3.8227500     -0.73575000      0.15000000       341.25400       1.8806838     0.014496296
1082.0000       288.45283       98910.106       14055.323       2.9780000     -0.74725000      0.38075000       341.31200       1.9788895     0.019060436
1087.0000       288.41795       98907.683       13996.851       3.3510000      -1.5735000     0.029000000       341.37200       1.8890750     0.016463147
1092.0000       288.38820       98910.408       13934.977       2.0495000     -0.12975000      0.32450000       341.48500       2.1141508     0.028136570
1097.0000       288.35004       98916.408       13822.758       3.0040000      -1.2265000     -0.57525000       341.40900       1.9442620     0.013064327
1102.0000       288.34420       98921.811       13773.546       3.6227500     -0.83200000      0.45075000       341.30200       1.9851239     0.021715985
1107.0000       288.35638       98934.404       13747.485       2.8270000     -0.26725000      0.25025000       341.51000       1.9675812     0.012575493
1112.0000       288.34623       98938.335       13718.509       2.9555000     -0.34050000     0.082750010       341.37400       1.9470959     0.016877778
1117.0000       288.35663       98934.489       13729.294       3.9987500      -1.0350000      0.35225000       341.34700       2.1594353     0.020751848
1122.0000       288.35296       98935.418       13726.054       4.3002500      -2.4732500     -0.27525000       341.00200       2.0037673     0.016279723
1127.0000       288.29201       98934.710       13679.867       4.7265000      -1.1900000      0.31850000       341.32000       1.7352144     0.024464665
1132.0000       288.28982       98935.134       13694.089       4.4522500      -1.3835000     -0.37475000       341.23400       1.8804283     0.018372375
1137.0000       288.33813       98939.776       13758.486       3.4587500     -0.86025010      0.42800000       341.44700       1.8892560     0.015340543
1142.0000       288.35800       98941.427       13802.977       2.9600000     -0.71700000      0.50125000       341.36700       2.0248902     0.018463431
1147.0000       288.39436       98937.616       13880.049       2.8535000     -0.70225000      0.14225000       341.50700       1.8970396     0.022724531
1152.0000       288.41015       98940.448       13927.542       4.1677500      -1.6612500     -0.23125000       341.27800       1.9782396     0.014399778
1157.0000       288.38718       98950.505       13939.802       2.2730000     -0.91475000     -0.18200000       341.35600       1.9183020     0.023374959
1162.0000       288.40108       98951.809       13979.910       1.7565000     -0.55925000      0.12200000       341.42800       1.8526569     0.013170683
1167.0000       288.45142       98949.000       14054.392       3.4977500     -0.64800000      0.92775010       341.34400       1.9729658     0.018582179
1173.0000       288.45772       98951.376       14075.224       2.1712500     -0.76200000      0.67675000       341.69700       1.8924712     0.013580255
1178.0000       288.45728       98951.206       14074.094       2.8957500      -2.1037500     -0.18800000       341.45100       2.0251930     0.034997897
1183.0000       288.45106       98949.250       14070.025       3.2577500      -1.3550000    -0.036000000       341.36600       1.9009865     0.014079828
1188.0000       288.40124       98949.667       14012.964       4.2845000      -1.9897500     -0.24025000       341.20300       1.9772452     0.026324258
1193.0000       288.38792       98951.698       13998.082       2.4820000      0.15225000     0.048500000       341.30400       1.8427275     0.013088027
1198.0000       288.38946       98951.180       13999.878       2.6407500     -0.89675000      0.47500000       341.45800       1.8159371     0.016090156
1203.0000       288.40608       98949.193       14018.304       4.1195000     -0.83925000     0.015750000       341.31900       2.0016337     0.014886038
1208.0000       288.44247       98952.746       14053.785       2.4275000      -1.0822500      0.76825000       341.53400       1.9977946     0.021144890
1213.0000       288.46246       98949.889       14081.984       3.8700000     -0.76025000     -0.34450000       341.32800       1.8563034     0.015915321
1218.0000       288.49985       98936.209       14134.404       3.7215000     -0.94250010   -0.0017500000       341.23700       2.0173001     0.018859223
1223.0000       288.51355       98931.566       14163.251       3.7295000     -0.20050000      0.22475000       341.22300       1.9677574     0.016681977
1228.0000       288.50007       98932.747       14170.961       2.7497500      0.71750000       1.0337500       341.45100       2.0589535     0.023031974
1233.0000       288.50012       98928.184       14189.656       3.6062500     -0.76250000      0.36700000       341.40000       1.9373094     0.012168297
1238.0000       288.50079       98922.255       14209.000       3.1222500     -0.99175010      0.35725000       341.54600       1.9991092     0.014918498
1243.0000       288.50108       98918.288       14228.051       2.5915000      -1.2507500    -0.070750010       341.48400       1.8516615     0.010699942
1248.0000       288.50013       98910.584       14242.787       3.3405000      -2.0052500     -0.51375000       341.47100       1.9624590     0.011305524
1253.0000       288.50024       98907.834       14267.479       4.7855000      -1.7512500      0.10000000       341.22800       1.8554820     0.012100421
1258.0000       288.50024       98910.154       14307.276       3.8642500      -2.2402500     -0.39750000       341.22900       1.9472581     0.019263102
1264.0000       288.50045       98910.082       14322.889       3.4785000      -1.1875000      0.64625000       341.44200       1.9776240     0.018813345
1269.0000       288.51838       98910.442       14345.814       1.7717500      -1.4500000      0.33350000       341.54200       1.9035348     0.012748403
1274.0000       288.48135       98910.501       14315.537       3.3465000      -2.0175000     -0.27100000       341.21500       1.9937261     0.016595566
1279.0000       288.40020       98910.243       14232.864       2.7547500      -1.7385000      0.17725000       341.46200       1.9821034     0.018333779
1284.0000       288.37891       98910.243       14192.204       3.8520000      -1.3095000     -0.13525000       341.44700       1.8276229     0.015047749
1289.0000       288.34052       98910.433       14141.750       4.3100000      -2.1595000     -0.60250000       341.33200       1.8401045     0.015259470
1294.0000       288.33776       98910.459       14092.444       4.2452500     -0.16150000     0.042500000       341.29000       1.9982372     0.022086373
1299.0000       288.41201       98910.306       14071.577       3.6837500     -0.28700000      0.21375000       341.37100       2.0125131     0.023420806
1304.0000       288.40455       98910.306       14010.191       4.8425000      -2.6732500     -0.22975000       341.28800       1.9070438     0.017905465
1309.0000       288.34502       98908.633       13892.254       3.0457500      -1.6390000    0.0085000000       341.35300       1.9043370     0.016370113
1314.0000       288.34384       98912.426       13863.841       3.4162500      -2.8495000     -0.29575000       341.20800       1.9137423     0.012205822
1319.0000       288.33404       98919.573       13849.567       2.4452500     -0.83100000    -0.043250000       341.25600       1.9364238     0.016118874
1324.0000       288.36111       98923.590       13878.866       3.1750000      -1.3252500     -0.29975000       341.24600       1.8619881     0.015889790
1329.0000       288.44846       98930.874       13984.832       3.8737500      -1.5537500      0.10425000       341.31100       1.8932373     0.021223175
1334.0000       288.48003       98933.111       14043.432       3.6615000      -1.8145000     -0.33925000       341.27200       1.9216554     0.015102805
1339.0000       288.49444       98930.446       14095.010       2.3377500     -0.85500000     0.017750000       341.47900       2.0753023     0.018454384
1344.0000       288.52501       98930.538       14174.889       3.7547500     -0.71100000      0.31575000       341.37000       2.0052885     0.016037299
1349.0000       288.54721       98929.150       14268.650       2.8667500     -0.64550000   -0.0017500000       341.26100       1.9407973     0.014555806
1355.0000       288.60017       98933.293       14399.180       4.2907500      -1.2317500     -0.22275000       341.32900       1.9319502     0.013950917
1360.0000       288.61240       98935.284       14455.620       2.3745000      -1.7740000    -0.052750000       341.46800       1.8981629     0.020028468
1365.0000       288.60001       98937.289       14470.916       1.2962500      -1.2050000      0.35025000       341.55500       1.9420615     0.016519787
1370.0000       288.55109       98941.098       14431.407       2.2335000     -0.76800000      0.17125000       341.40800       2.0100739     0.016781441
1375.0000       288.53096       98941.997       14410.721       2.0047500      -2.5027500     -0.70000000       341.33500       1.8593957     0.010513605
1380.0000       288.49359       98940.086       14356.724       1.6462500     -0.58325000    -0.099750000       341.44200       2.0330889     0.017438065
1385.0000       288.50011       98937.284       14342.818       2.9952500     -0.41225000      0.60225000       341.39700       1.9021990     0.012465158
1390.0000       288.50022       98939.006       14309.229       3.4040000     -0.51725000     -0.56550000       341.30900       1.9448734     0.020991015
1395.0000       288.51466       98949.419       14254.887       2.0095000     -0.74475000       1.2555000       341.61500       1.9645356     0.015819659
1400.0000       288.50563       98951.669       14204.191       2.2250000      -2.3092500      0.41750000       341.46700       2.0928473     0.025749002
1405.0000       288.45529       98948.396       14112.153       1.7870000      -1.0782500     -0.13425000       341.56100       2.0406282     0.020198893
1410.0000       288.44422       98950.435       14071.390       2.3197500      -2.1422500     -0.47775000       341.47200       1.9181844     0.018313322
1415.0000       288.44550       98952.460       14057.529       4.0082500      -1.1017500     -0.23600000       341.37200       1.6707431     0.020233986
1420.0000       288.44227       98948.878       14063.784       3.2425000     -0.21500000      0.18125000       341.39000       1.9730979     0.014963293
1425.0000       288.45353       98951.179       14083.855       3.1595000      -1.3412500      0.44350000       341.53300       1.8398705     0.014941949
1430.0000       288.50524       98961.400       14147.343       4.0872500      -1.6502500     -0.72925000       341.26800       1.9586049     0.018482895
1435.0000       288.48503       98960.302       14163.624       3.2800000      -1.6767500     -0.88725010       341.33500       1.8337825     0.011830205
1441.0000       288.49680       98960.345       14213.863       2.8335000      0.23525000     -0.13300000       341.37400       1.9618373     0.019112441
1446.0000       288.57651       98963.146       14327.626       2.5902500      -2.6140000      0.67325000       341.48400       2.0342451     0.019056413
1451.0000       288.56261       98960.915       14349.080       4.1767500     -0.92600010      0.27225000       341.43000       1.9669219     0.017669840
1456.0000       288.47597       98953.601       14340.874       3.2810000      -1.8005000      0.56625000       341.58500       1.8464232     0.014082263
1461.0000       288.44593       98949.581       14312.932       5.2692500     -0.85850010      0.29250000       341.47200       1.8582125     0.013622429
1466.0000       288.36458       98942.191       14188.773       4.1505000      -1.4197500     -0.53875010       341.40500       2.0259238     0.020992620
1471.0000       288.32826       98938.357       14108.408       2.8235000     -0.76175000     0.057500000       341.46800       1.8728609     0.014704460
1476.0000       288.40449       98940.308       14070.712       2.1025000      -1.8370000      0.52650000       341.48100       1.9256763     0.015810844
1481.0000       288.41230       98940.345       13993.333       3.2312500      -2.5150000     -0.29050000       341.33400       1.9115637     0.012947942
1486.0000       288.35162       98940.271       13861.175       1.6985000      -1.1597500     -0.23225000       341.47500       1.8878128     0.016302846
1491.0000       288.34304       98940.232       13792.122       2.6360000      -1.9257500      0.40350000       341.48300       2.0299151     0.023556031
1496.0000       288.34389       98940.175       13723.673       3.2100000      -1.8175000     0.017000000       341.35000       1.8508327     0.018733310
1501.0000       288.34509       98940.115       13685.948       2.7142500      -1.9042500     -0.26000000       341.32500       1.9301396     0.012205768
1506.0000       288.39032       98940.371       13722.246       3.5337500      -1.7520000      0.45975000       341.27700       2.0072038    0.0090995942
1511.0000       288.40902       98940.392       13736.551       2.4032500     -0.37200000     -0.32150000       341.32800       1.8307420     0.013381195
1516.0000       288.38571       98940.145       13730.428       3.2307500    -0.013500000     0.031000000       341.51200       1.8817502     0.014923113
1521.0000       288.39695       98940.070       13759.276       2.6180000      -1.8395000     -0.15625000       341.44200       1.8911815     0.014865372
1526.0000       288.43429       98940.308       13821.041       3.7835000      -2.3952500      0.40800000       341.46600       1.9190845     0.014304386
1532.0000       288.45834       98940.354       13878.569       2.8787500      -3.1075000      0.66900000       341.38500       1.9810300     0.016744375
1537.0000       288.50776       98941.562       13974.798       3.1390000     -0.87525000      0.17875000       341.53200       2.0958225     0.023657732
1542.0000       288.51003       98940.181       14000.664       1.9910000     -0.24150000      0.21375000       341.63800       1.9138649     0.015851010
1547.0000       288.44940       98935.299       13958.372       4.4237500      0.96525010     -0.12175000       341.25900       2.1215325     0.030962322
1552.0000       288.44333       98934.727       13960.930       4.5900000      -1.9177500     -0.46250000       341.28200       1.9864231     0.015011577
1557.0000       288.43078       98936.070       13939.064       2.5975000     -0.45325000     -0.46525000       341.23000       1.9597998     0.017481063
1562.0000       288.44859       98935.144       13947.406       3.4482500      0.42250000      0.74925010       341.49300       1.8930241     0.011761272
1567.0000       288.54764       98936.153       14032.879       4.8687500      -1.8545000     -0.49325000       341.25800       1.9510331     0.017565425
1572.0000       288.57067       98935.836       14039.181       4.7835000    0.0037500000      0.76725010       341.55200       1.9108338     0.012263674
1577.0000       288.55736       98930.819       13994.041       2.5802500      -2.1695000      0.38700000       341.66800       2.0377659     0.010555842
1582.0000       288.55373       98929.247       13974.305       5.9052500      -2.5632500     -0.11450000       341.17300       1.9497093     0.015852516
1587.0000       288.50463       98932.860       13917.990       2.9835000      -1.4645000      0.54775010       341.42700       1.9559608     0.016989615
1592.0000       288.48811       98930.095       13889.700       4.6177500      -1.1212500     -0.66050000       341.24900       2.0121060     0.029314821
1597.0000       288.50022       98920.199       13902.202       4.2937500      -1.8835000     -0.22850000       341.34900       1.9678288     0.017244503
1602.0000       288.50038       98918.954       13887.709       4.3580000     -0.50375000      0.44325000       341.38600       2.1130477     0.025231479
1607.0000       288.51282       98921.565       13866.949       3.7317500     -0.99850000     -0.10625000       341.31900       1.9669179     0.011940388
1612.0000       288.49908       98919.550       13835.466       4.2415000     -0.48550000    -0.046500000       341.13000       1.9286291     0.016451466
1617.0000       288.44894       98921.654       13762.423       2.7842500      -1.8650000   -0.0012500000       341.48300       1.9003267     0.028990594
1623.0000       288.44272       98920.500       13749.181       4.9172500      -2.7517500     -0.25000000       341.34300       1.9532243     0.015709573
1628.0000       288.44232       98911.492       13762.117       5.2510000      -1.0785000      -1.1982500       341.24900       1.8441861     0.015998496
1633.0000       288.44825       98907.132       13775.648       3.7225000     -0.86450000       1.0350000       341.48600       1.9499503     0.011635934
1638.0000       288.49903       98904.882       13837.826       3.2487500      -1.5435000      0.67250000       341.44700       1.9867365     0.020011408
1643.0000       288.51235       98904.457       13867.447       3.8132500      -2.1725000     -0.79350010       341.47900       1.8469773     0.014756232
1648.0000       288.50025       98905.695       13878.708       4.8607500      -1.1665000      0.39950000       341.28500       1.8706261     0.011909338
1653.0000       288.50042       98904.687       13892.423       4.0225000      -1.5427500     -0.12800000       341.38200       1.9370554     0.018211342
1658.0000       288.51079       98904.857       13925.924       3.3535000      -1.1650000      0.15475000       341.55000       1.9228293     0.012909506
1663.0000       288.49447       98905.849       13909.741       4.8277500     -0.32950000      0.15425000       341.55200       1.9416510     0.021075522
1668.0000       288.44652       98904.540       13843.128       2.0400000      -1.5315000    -0.085250010       341.57700       2.0246670     0.017852507
1673.0000       288.44277       98905.152       13823.055       2.2047500      -1.6797500     -0.37075000       341.55800       1.9083844     0.011192408
1678.0000       288.44232       98911.317       13792.458       5.6890000      -2.4322500      0.74100010       341.35000       2.0033610     0.017331152
1683.0000       288.44815       98911.080       13777.329       7.3550000      -2.4155000      0.73275010       341.22800       1.8819728     0.012149277
1688.0000       288.49887       98904.890       13812.545       3.0737500      -2.1292500      0.68600000       341.42900       1.8799167     0.012212557
1693.0000       288.51230       98904.456       13800.526       4.9885000     -0.10575000     -0.36825000       341.29400       2.1838433     0.027750851
1698.0000       288.50024       98904.651       13751.759       4.9390000    -0.092750010      0.28550000       341.59300       1.8628292     0.020872312
1703.0000       288.50041       98905.334       13735.197       3.6727500     -0.46350000      -1.4162500       341.53300       1.9438436     0.021445189
1708.0000       288.48889       98910.209       13700.302       4.5410000     -0.90275000      0.70950000       341.48500       1.8447981     0.016879823
1714.0000       288.50964       98911.697       13727.016       3.3240000      -1.1157500      0.86075000       341.69500       2.0072311     0.024946363
1719.0000       288.55500       98911.174       13809.804       3.1312500      -3.5745000      0.45650000       341.46700       1.9674670     0.020482311
1724.0000       288.55621       98909.317       13831.006       5.2025000      -1.3922500     -0.29500000       341.30800       1.9934930     0.022901153
1729.0000       288.54875       98904.698       13844.009       3.3417500      -1.4047500      0.30075000       341.55400       1.8209487     0.017434652
1734.0000       288.55867       98904.521       13888.946       5.7550000      -1.0265000      0.14525000       341.21800       2.0268061     0.018506688
1739.0000       288.54357       98905.493       13914.848       5.3172500     -0.76475010      0.43375000       341.22000       1.8690602     0.023415048
1744.0000       288.55248       98904.486       13957.566       3.9157500      -1.0660000     -0.26775000       341.36500       1.9158617     0.011898694
1749.0000       288.61280       98905.054       14072.407       4.5042500      -1.3572500     0.015750000       341.21000       2.0880284     0.031170236
1754.0000       288.60569       98906.049       14084.105       3.4902500      -1.3140000      0.23550000       341.37000       1.9278603     0.012184919
1759.0000       288.54504       98904.564       14018.313       4.0240000     -0.71350000     -0.20000000       341.35000       1.8557162     0.015662307
1764.0000       288.54393       98905.423       14014.214       2.5260000      -1.2875000       1.2612500       341.55600       1.9721471     0.017386567
1769.0000       288.54313       98911.467       13995.815       4.2660000      -2.5270000      0.22800000       341.56400       1.9043698     0.016346826
1774.0000       288.55165       98910.736       13994.655       3.7157500     -0.51750000      0.75925000       341.59800       1.9675803     0.019181650
1779.0000       288.60270       98904.705       14031.388       3.2347500      0.87275000      0.61500000       341.48700       1.9454897     0.012752948
1784.0000       288.61378       98904.517       14035.817       4.4582500     -0.67150000     -0.71500000       341.29700       2.1651532     0.020721573
1789.0000       288.59130       98900.331       14010.074       5.2137500     -0.62975000  -0.00025000000       341.46300       2.0714992     0.013834815
1794.0000       288.61023       98910.656       14027.219       3.4565000     -0.94800010      0.45550000       341.66700       2.0267671     0.011630985
1799.0000       288.65546       98938.342       14073.819       2.8112500      -2.2610000     -0.59800000       341.72600       1.9694253     0.011906290
1805.0000       288.65500       98939.414       14077.541       3.6115000     -0.44400000      0.15350000       341.62300       1.9117548     0.012635777
1810.0000       288.65615       98939.159       14084.086       3.3957500     -0.73400000     -0.22875000       341.50100       2.1016409     0.021828288
1815.0000       288.64502       98931.502       14080.440       2.4182500     -0.71325000    -0.068250000       341.56300       2.0098907     0.015665844
1820.0000       288.59441       98901.641       14036.051       2.4212500     -0.74000000     -0.98650000       341.46500       1.9380678     0.011167794
1825.0000       288.58613       98897.574       14052.466       3.8577500     -0.45950000      0.35025000       341.48400       1.9304795     0.012294920
1830.0000       288.60622       98904.692       14107.353       2.8680000     -0.81650010      -1.0132500       341.52600       1.9702733     0.011676077
1835.0000       288.56925       98908.790       14121.179       5.4125000     -0.55400000      0.62525000       341.37800       2.0048638     0.014302158
1840.0000       288.54900       98910.934       14119.204       3.3030000     -0.55450000      0.55025010       341.51700       1.9866029     0.017099012
1845.0000       288.51475       98910.395       14072.428       3.9580000      -1.2485000    -0.056000000       341.45100       2.0126638     0.017239975
1850.0000       288.49390       98910.454       14036.343       2.0732500      -1.3102500     -0.41225000       341.48300       2.0338949     0.025281806
1855.0000       288.48512       98910.366       13986.608       2.0465000      -1.1740000     -0.15375000       341.62200       1.8961081     0.012010138
1860.0000       288.49384       98910.401       13958.595       3.4040000     -0.91750000      0.20250000       341.53600       1.8509158     0.013800574
1865.0000       288.51491       98910.450       13941.749       3.0215000     -0.38025000     0.090750000       341.43500       1.9392884     0.015721090
1870.0000       288.54989       98910.547       13937.628       4.1772500      -1.3645000     -0.17925000       341.23600       1.9012624     0.019103775
1875.0000       288.57037       98910.655       13919.526       3.3805000     -0.58475010     0.080250000       341.39300       1.8802742     0.020181379
1880.0000       288.61220       98910.950       13915.888       3.8120000      -1.5660000     -0.36925000       341.25500       2.0003620     0.016474639
1885.0000       288.55486       98905.768       13835.450       4.0970000      -1.1407500     -0.52975000       341.30400       2.0080951     0.017981489
1890.0000       288.54315       98904.596       13814.029       5.1445000      0.75000010      0.42725000       341.42100       1.9793001     0.013533745
1896.0000       288.52938       98906.097       13823.058       4.1255000     -0.98075000      0.45575000       341.27700       2.0261012     0.027692984
1901.0000       288.54171       98905.089       13849.182       3.4360000     0.064250000      0.13725000       341.44700       1.8667167     0.012662678
1906.0000       288.62437       98904.596       13938.457       3.3122500      -1.2735000     -0.81375000       341.31800       1.9265148     0.010021797
1911.0000       288.66322       98905.641       14005.788       2.7757500      -1.3905000     -0.45925000       341.31000       1.9598146     0.015340134
1916.0000       288.69018       98904.696       14081.735       3.6490000      -1.6507500     -0.15725000       341.40800       2.0650515     0.015413996
1921.0000       288.70919       98904.819       14136.074       3.3822500     -0.53750000     -0.24600000       341.46000       1.8665998     0.012749588
1926.0000       288.71381       98910.727       14207.157       2.8847500     -0.71500000     -0.65875010       341.54100       1.9681738     0.019970709
1931.0000       288.70252       98911.487       14220.204       2.1745000      -1.5515000      0.23900000       341.69500       2.0022830     0.020710666
1936.0000       288.68015       98906.941       14181.683       3.0867500      -1.8162500      0.23750000       341.62900       1.9258839     0.011942367
1941.0000       288.64911       98904.985       14139.410       2.2667500      -1.6490000   -0.0062500000       341.53800       1.8665864     0.013419683
1946.0000       288.56160       98899.992       14025.677       2.5047500      -2.2310000   -0.0070000000       341.55100       1.9063267     0.018393797
1951.0000       288.53419       98899.299       13964.286       2.3755000      -1.0122500      0.20250000       341.62200       1.9691123     0.016726996
1956.0000       288.54364       98905.201       13937.779       3.0297500     -0.88975010      0.78850000       341.68600       1.9990593     0.014994936
1961.0000       288.54527       98906.130       13892.705       2.4010000     -0.71075000     -0.13525000       341.66600       1.7820553     0.013738294
1966.0000       288.58956       98905.782       13847.595       2.8537500      0.34600000      0.64825000       341.94500       1.9203999     0.014007105
1971.0000       288.60844       98905.643       13820.348       3.4882500     -0.53700000      0.17575000       341.59500       1.8568151     0.015129199
1976.0000       288.59979       98901.216       13772.672       3.1680000      -1.3070000     0.057000000       341.61700       1.8952737     0.013443522
1981.0000       288.59970       98899.293       13760.295       4.3427500     -0.73075000     -0.27400000       341.38100       1.8484508     0.015040704
1987.0000       288.60026       98900.522       13805.236       3.0795000    -0.018250000      0.28700000       341.73800       1.8847613     0.012892707
1992.0000       288.60037       98900.622       13827.727       4.8342500     -0.98400000     0.094000000       341.31300       1.9696167     0.015911205
1997.0000       288.59998       98898.875       13856.274       3.5887500      -1.5217500      0.15075000       341.60100       2.0115584     0.019317636
2002.0000       288.59998       98900.240       13885.327       3.8985000      -1.2620000   -0.0045000000       341.60800       1.9553508     0.025128811
2007.0000       288.58703       98903.991       13903.555       2.9197500      -2.4530000     -0.19975000       341.71300       1.9143132     0.015785206
2012.0000       288.60087       98905.965       13938.936       5.6770000      -2.3970000      0.18125000       341.18100       1.7992241     0.013862419
2017.0000       288.63863       98911.019       14007.292       4.7055000      -1.6275000      0.44450000       341.52800       1.9778997     0.022572265
2022.0000       288.65863       98911.273       14036.191       4.0287500      -1.3242500      0.65750000       341.63200       1.8905510     0.013182674
2027.0000       288.69526       98905.156       14054.862       3.2312500      -1.7895000      0.17600000       341.84700       1.9239289     0.012661070
2032.0000       288.71114       98904.532       14065.128       3.7330000      -1.0102500    -0.030500000       341.47000       2.0187667     0.028872961
2037.0000       288.68714       98906.015       14032.173       2.8712500     -0.91850010     -0.44275000       341.31200       2.0926742     0.024429647
2042.0000       288.70080       98905.067       14033.854       2.9167500      -1.5135000     -0.14375000       341.70000       2.0040035     0.021155336
2047.0000       288.73691       98904.763       14059.987       1.7622500      -1.0135000      0.14500000       341.83000       1.9956981     0.013777565
2052.0000       288.75700       98905.789       14068.271       3.1897500      -1.4452500    -0.043500000       341.51800       1.9400671     0.011990055
2057.0000       288.78204       98904.768       14065.918       3.7687500      -2.1730000    -0.016000000       341.64800       1.9575926     0.010220942
2062.0000       288.81248       98905.193       14089.050       2.3925000      -1.5372500    -0.072500010       341.51000       1.8927441     0.022892040
2067.0000       288.82591       98909.922       14102.108       3.0957500     -0.72200010    -0.099500010       341.71100       2.0002017     0.011556095
2073.0000       288.86808       98911.819       14159.273       2.8075000     -0.69725000     -0.52900000       341.67600       1.9100728     0.012858322
2078.0000       288.96361       98910.430       14295.765       3.2307500     -0.73100000    -0.093750010       341.57000       1.8740352     0.014040657
2083.0000       288.96480       98910.489       14310.776       2.7695000     -0.53125000     0.084250000       341.67800       1.8647621     0.011053707
2088.0000       288.91684       98910.460       14284.489       2.5480000      -1.2062500     -0.35350000       341.27500       2.0273228     0.022716613
2093.0000       288.89009       98910.520       14250.017       2.2287500     -0.34700000      0.18900000       341.89100       1.8489678     0.015525304
2098.0000       288.80212       98910.227       14123.948       2.8940000     -0.69725000    -0.059000000       341.79900       1.9079914     0.022709941
2103.0000       288.77451       98910.184       14069.617       3.1220000      -1.0257500      0.20200000       341.73600       1.9042240     0.018329290
2108.0000       288.81149       98908.062       14066.223       2.3675000     -0.49525000     0.012000000       341.88600       2.0350129     0.020386051
2113.0000       288.79558       98911.336       14020.883       3.0457500     -0.77625010      0.00000000       341.75100       1.9118802     0.014582982
2118.0000       288.73583       98920.922       13938.496       3.0997500     -0.90750000     -0.35100000       341.60900       1.9907388     0.011482520
2123.0000       288.74841       98921.594       13925.381       2.3872500      -1.9140000      0.35350000       342.11800       1.9983272     0.028262473
2128.0000       288.78474       98921.730       13923.000       2.7857500     -0.32075000       1.0122500       342.26600       1.8961224     0.014379888
2133.0000       288.81066       98920.529       13943.514       1.9815000      -2.0382500    -0.025750000       341.91200       1.9790176     0.018279755
2138.0000       288.93339       98907.894       14075.069       2.4697500      -1.9330000     -0.25300000       341.85300       1.8917476     0.012591826
2143.0000       288.91146       98908.341       14067.929       3.7525000      -1.1010000     -0.23100000       341.89100       1.8727506     0.022833475
2148.0000       288.76339       98918.687       13987.390       4.2345000     -0.85125010     -0.45700000       341.82500       1.8222459     0.014817086
2153.0000       288.71951       98922.717       13936.884       4.9887500      -1.9605000     0.088750000       341.34500       1.8344761     0.023702635
2158.0000       288.63333       98929.188       13800.983       3.9730000      -2.1955000     -0.23625000       341.63600       1.9076070     0.012090375
2164.0000       288.63260       98934.409       13767.222       3.4457500     -0.82200000     -0.79725000       341.40900       2.0029758     0.029488928
2169.0000       288.75758       98935.839       13823.160       2.4552500     0.044750000      0.67950000       341.95500       1.8602019     0.011766868
2174.0000       288.76979       98935.950       13817.601       5.4865000     -0.36375000      0.11125000       341.44300       1.9483119     0.013229405
2179.0000       288.74838       98935.214       13819.441       3.7277500     -0.80900000     -0.26275000       341.36500       1.9938305     0.013626270
2184.0000       288.75818       98936.235       13828.102       3.1567500      -1.3702500    -0.090500000       341.50200       1.9505415    0.0098030316
2189.0000       288.74351       98935.696       13811.833       1.7130000     -0.19175000      0.53075000       341.91500       1.9278674     0.012875007
2194.0000       288.75235       98934.781       13826.882       3.3777500      -1.0602500      0.31000000       341.57300       1.9145444     0.014461551
2199.0000       288.82156       98935.102       13892.796       3.8727500      -1.3452500      0.91875000       341.93100       2.0539150     0.025837980
2204.0000       288.79550       98936.110       13897.254       3.4432500      -1.9092500      0.13550000       341.79800       2.0735498     0.020391164
2209.0000       288.69841       98932.852       13863.697       3.7797500      -2.1855000     -0.44425000       341.85800       1.9110762     0.016143872
2214.0000       288.67721       98937.470       13869.834       5.9670000      -1.4160000    -0.066750000       341.40900       1.8778268     0.012553015
2219.0000       288.64023       98951.675       13874.703       2.7977500      -1.2975000      0.40875000       341.63200       2.0073060     0.021457310
2224.0000       288.63755       98953.114       13874.331       4.7405000    -0.097750010    -0.049750000       341.61500       2.1323129     0.019481539
2229.0000       288.72218       98951.713       13922.757       6.2222500      -2.3167500     0.021750000       341.27300       2.0414673     0.014477757
2234.0000       288.69555       98949.833       13873.930       3.4862500     -0.43050000      0.25225000       341.75800       1.9084942     0.019254463
2239.0000       288.59041       98939.623       13735.448       3.9465000     -0.21550000     -0.37500000       341.71600       2.0468594     0.020038821
2244.0000       288.58785       98937.253       13709.213       3.5225000      0.18675000       1.5347500       341.80500       1.9835778     0.021779198
2249.0000       288.58692       98938.441       13681.996       4.6340000      0.18150000      0.19800000       341.70000       1.9899677     0.018074334
2255.0000       288.67027       98949.391       13741.930       5.2095000      0.21100000      0.29450000       341.35300       2.0442175     0.019242379
2260.0000       288.71214       98951.661       13780.003       5.2652500      0.46750000     -0.84625010       341.27600       1.9245917     0.018253002
2265.0000       288.72937       98951.472       13805.457       4.5060000     -0.32350000      0.26175000       341.44500       1.9753742    0.0097108435
2270.0000       288.70621       98951.536       13800.405       4.4285000    -0.071000000     -0.65825000       341.44100       1.9959409     0.014323998
2275.0000       288.68439       98949.116       13812.106       2.7925000      0.52575000    -0.034250000       341.71600       2.0820689     0.018934084
2280.0000       288.65040       98937.862       13836.382       1.5657500      0.10275000      0.31975000       341.75500       2.5219708     0.020700895
2285.0000       288.61510       98946.447       13822.825       6.7170000     0.087250000     -0.85075000       341.55800       2.0791928     0.018341883
2290.0000       288.59370       98950.505       13820.477       5.8642500      0.33500000     -0.21075000       341.30700       2.1637104     0.014827814
2295.0000       288.60004       98960.320       13819.057       5.2695000     -0.88325010     -0.68025000       341.63100       2.1026096     0.035935249
2300.0000       288.60001       98962.710       13818.494       4.7262500     -0.65675000      0.38025000       341.67500       1.8448380     0.013218623
2305.0000       288.60022       98954.452       13832.833       4.7835000      -1.4582500      0.11425000       341.44700       1.9336792     0.015238993
2310.0000       288.60020       98950.541       13834.064       5.5930000     -0.64900000     -0.18075000       341.11000       1.8555515     0.012045700
2315.0000       288.60012       98946.630       13828.513       5.6355000      0.32375000     0.050500000       341.46700       1.9825129     0.020962577
2320.0000       288.59998       98937.779       13813.145       4.1105000     -0.27525000     -0.78300010       341.43300       1.9204838     0.016490547
2325.0000       288.59998       98940.328       13809.315       5.7295000      0.73125000      0.37625000       341.50500       2.2623147     0.015685361
2330.0000       288.59408       98951.586       13796.579       4.1042500     -0.47675000    0.0070000000       341.50500       2.1531193     0.014511204
2335.0000       288.64516       98951.211       13849.886       3.5435000     -0.57375000    -0.047500000       341.52400       2.2601521     0.025081211
2340.0000       288.65672       98951.475       13857.388       5.9320000     -0.69700000    -0.053250000       341.34700       1.9218233     0.012778375
2346.0000       288.65641       98942.127       13832.573       5.4482500     -0.84325000      0.36300000       341.42100       2.1960788     0.031986124
2351.0000       288.65519       98938.393       13823.397       5.2310000     -0.70400010     0.040250000       341.26600       1.9336168     0.030791710
2356.0000       288.60923       98941.796       13768.577       3.7250000     -0.41225000      0.42675000       341.42400       2.0048812     0.021164062
2361.0000       288.59047       98940.667       13755.068       4.4145000     -0.13650000      0.20625000       341.48900       2.0452506     0.018799867
2366.0000       288.61432       98937.019       13817.524       3.5357500     -0.56700000    -0.050000000       341.31700       1.8686501     0.018607703
2371.0000       288.60316       98935.064       13813.847       4.2217500      -1.3555000     -0.38050000       341.43800       2.0897132     0.014086613
2376.0000       288.56517       98931.069       13773.995       3.5537500     -0.66400000      0.10825000       341.19700       1.9782038     0.018698346
2381.0000       288.54499       98929.134       13749.801       3.7867500     -0.81625000     -0.15625000       341.32000       1.9902167     0.017385782
2386.0000       288.50940       98934.651       13679.478       4.2795000     -0.53025000      0.17100000       341.63000       1.8750366     0.019080122
2391.0000       288.49093       98931.314       13646.534       4.1747500      -1.1235000     -0.43575000       341.30700       1.9500801     0.020368032
2396.0000       288.51406       98914.385       13664.357       3.0060000      -1.4067500     -0.39725000       341.52300       1.9720955     0.016025604
2401.0000       288.50290       98912.863       13655.292       2.7580000      -1.0002500      0.39500000       341.59600       1.9048838     0.019858634
2406.0000       288.45208       98920.835       13623.761       2.7237500      -1.7087500     -0.11750000       341.37900       2.0014072     0.013910144
2411.0000       288.44332       98919.834       13623.344       3.2717500      -1.8620000     0.093250010       341.55300       1.9116620     0.015555345
2416.0000       288.43023       98926.128       13616.471       5.3245000      -3.2415000      -1.1445000       341.26300       1.9192956     0.017817934
2421.0000       288.44282       98927.758       13640.384       5.2577500      -1.3192500     -0.16775000       341.40900       2.1693854     0.021815866
2426.0000       288.53901       98913.100       13742.741       4.8430000     -0.27025000      0.43100000       341.50500       1.8853482     0.015248310
2431.0000       288.56720       98907.353       13781.827       5.3277500      -1.1967500     -0.13475000       341.60200       2.0556876     0.021587921
2437.0000       288.55690       98910.378       13799.304       4.7005000      -3.2232500      0.27750000       341.32100       1.9625371     0.018287675
2442.0000       288.55314       98910.419       13810.791       5.7622500      -1.4600000      0.31700000       341.38800       1.8428712     0.014488008
2447.0000       288.49159       98910.489       13762.854       4.5075000      -2.6820000      0.10400000       341.46700       1.8980358     0.012648577
2452.0000       288.48945       98910.589       13767.475       5.5905000     -0.66325000     -0.17150000       341.20000       1.9320161     0.014844954
2457.0000       288.55129       98911.609       13829.909       3.9575000      -1.3172500     -0.38000000       341.39100       1.9758137     0.018609093
2462.0000       288.55763       98910.249       13836.254       4.7422500     -0.65550010     -0.35150000       341.15100       1.7872950     0.016972081
2467.0000       288.54398       98906.278       13815.683       3.6677500    0.0095000010     0.058250000       341.55800       1.9776754     0.015882152
2472.0000       288.55406       98904.206       13821.379       4.5925000     -0.71875010       1.0577500       341.48500       2.0014430     0.023413396
2477.0000       288.52992       98900.810       13793.572       4.5180000     -0.96650000     -0.82075010       341.44100       2.0467115     0.020091669
2482.0000       288.54737       98899.220       13806.559       4.2300000     -0.47425000     -0.41025000       341.53500       2.0810124     0.025090186
2487.0000       288.63261       98900.172       13873.372       5.7282510     -0.82900010     -0.47550000       341.19900       2.0161237     0.018025967
2492.0000       288.66849       98900.154       13918.200       5.1372500      -1.9942500     -0.33200000       341.37600       1.9134858     0.012695653
2497.0000       288.69533       98900.101       13963.738       4.1960000     -0.18525000    -0.019000000       341.50200       2.2119377     0.028162837
2502.0000       288.71163       98900.042       14009.736       3.8035000      -1.0072500     -0.27975000       341.50000       1.8993380     0.012623506
2507.0000       288.70057       98900.244       14065.991       5.7855000      -1.5290000      0.27900000       341.38800       2.0158722     0.016668968
2512.0000       288.70084       98900.266       14102.291       2.9182500      0.84600000      0.49700000       341.62400       1.9483487     0.014849101
2517.0000       288.72582       98900.345       14158.655       5.2350000     -0.33525000      0.28075000       341.30300       1.8414961     0.012212711
2522.0000       288.69866       98900.385       14150.020       5.0557500      -1.9540000      0.69550000       341.49200       1.9796782     0.017387135
2528.0000       288.60450       98900.385       14063.095       4.4375000      -1.9515000      0.42650000       341.37200       2.1117889     0.017054971
2533.0000       288.58086       98900.429       14025.656       3.3445000     -0.85150000      0.29050000       341.62700       1.8115006     0.019757860
2538.0000       288.54322       98899.466       13964.094       4.7310000      -1.0417500     -0.46450000       341.25500       1.9740310     0.017089054
2543.0000       288.53652       98901.246       13916.009       4.4122500      0.20925000     0.082000000       341.37500       1.9365683     0.012700289
2548.0000       288.59876       98904.531       13908.545       4.6432500      0.34275000      0.13700000       341.54400       1.9186081     0.018732808
2553.0000       288.61257       98906.574       13858.488       4.5347500     -0.54650000     -0.49500000       341.59600       1.8854511     0.012677715
2558.0000       288.59974       98907.926       13751.954       3.9042500      -1.5810000      -1.2095000       341.59900       1.9655455     0.018777748
2563.0000       288.59968       98912.526       13710.198       6.0550000      -1.9080000     -0.28975000       341.29800       1.9748370     0.016677009
2568.0000       288.58870       98918.943       13674.900       3.6800000     -0.43125000      0.21900000       341.37900       2.0103388     0.018504753
2573.0000       288.60485       98922.973       13679.135       5.3132500     -0.23900000    -0.075250010       341.46100       2.0508406     0.015680598
2578.0000       288.64180       98930.258       13742.096       5.0202500      -1.8852500      0.11125000       341.39700       1.9622839     0.021910066
2583.0000       288.66159       98933.072       13779.786       4.4027500     -0.74600010     0.033000000       341.56100       1.8435209     0.022005572
2588.0000       288.68758       98930.385       13812.956       4.0557500      -1.8002500      0.75375000       341.63300       1.9270209     0.015542746
2593.0000       288.71761       98930.428       13884.370       3.0650000     -0.68475000      0.35375000       341.48400       1.8179454     0.015960371
2598.0000       288.75270       98929.117       14001.255       3.3550000     -0.84075000      0.11650000       341.44400       2.0769934     0.024924767
2603.0000       288.75625       98930.705       14050.801       4.6165000     -0.75675000     -0.28650000       341.39700       1.8898929     0.016469128
2608.0000       288.75649       98934.446       14112.242       5.1970000      0.25000000      0.48075000       341.51500       1.9471611     0.016299955
2613.0000       288.75033       98936.434       14130.181       4.4760000      0.30850000     -0.33250000       341.40900       1.9410952     0.020348183
2619.0000       288.68812       98941.639       14053.409       6.6930000     -0.31700000      0.63125000       341.39200       1.9403106     0.020650669
2624.0000       288.69559       98940.947       14051.941       2.9500000      -2.0707500     0.088250000       341.61900       2.1321097     0.023347708
2629.0000       288.75422       98935.721       14085.417       4.6755000      -1.1925000     -0.57625000       341.25700       1.9278631     0.013020081
2634.0000       288.75528       98933.685       14073.684       2.4835000      -1.8105000      0.13025000       341.34400       1.7376023     0.018395336
2639.0000       288.75734       98930.001       14064.665       2.7862500      -1.1470000     -0.42250000       341.51100       1.9528839     0.019611371
2644.0000       288.74884       98928.856       14035.244       4.0842500     -0.57400000      0.31100000       341.41200       1.8943607     0.012358504
2649.0000       288.68740       98930.360       13947.259       2.3335000      -1.1197500     -0.40925000       341.65300       2.1180930     0.025687943
2654.0000       288.69469       98930.406       13943.967       2.4195000      -1.1322500      0.44150000       341.69200       2.0869102     0.035379664
2659.0000       288.74644       98932.290       13976.813       2.0722500     -0.56225000     -0.12875000       341.72900       1.8709979     0.011466175
2664.0000       288.76635       98928.650       14001.451       2.5690000     -0.59500000     -0.60900000       341.61900       2.1222781     0.015474777
2669.0000       288.80286       98921.205       14069.936       2.9322500      -1.7385000      0.15200000       341.66600       1.9416246     0.013819422
2674.0000       288.81400       98917.247       14099.051       2.3815000     -0.21575000      0.17675000       341.67700       1.9115117     0.011160685
2679.0000       288.79109       98909.879       14095.635       4.0302500      -1.2130000     -0.29225000       341.28100       1.9455336     0.014483585
2684.0000       288.81018       98907.734       14135.558       3.0312500      -1.0855000      0.42150000       341.69600       2.0262075     0.013830142
2689.0000       288.85514       98910.477       14198.862       3.0047500     -0.57350000    -0.053000000       341.71400       1.9545918     0.014701853
2694.0000       288.85666       98910.569       14229.643       3.3272500     -0.84600000     -0.16100000       341.62600       1.9606961     0.018751482
2699.0000       288.84733       98910.142       14263.813       3.8542500     -0.53250000     -0.50125000       341.17600       2.1246210     0.027261880
2705.0000       288.83003       98910.394       14274.491       3.5527500     -0.69250010      0.18500000       341.50200       1.9047933     0.016734931
2710.0000       288.83756       98910.454       14297.071       4.5765000     -0.84100000     -0.38100000       341.62500       1.9223148     0.017304698
2715.0000       288.86967       98910.513       14333.414       4.0617500     -0.80775000     -0.13150000       341.40600       2.0182964     0.027600336
2720.0000       288.96813       98911.027       14415.236       3.1045000      -1.7825000      0.24425000       341.48500       2.0760114     0.027371388
2725.0000       288.95341       98908.864       14397.742       3.3730000      -1.8332500     -0.55275010       341.35900       1.8027081     0.019542835
2730.0000       288.91161       98904.459       14360.533       2.1922500     -0.12650000      0.61250000       342.00200       1.9644244     0.025901385
2735.0000       288.78438       98904.623       14221.376       3.1012500      -1.4790000     -0.29700000       341.60900       2.0915570     0.023358654
2740.0000       288.72990       98904.434       14122.010       1.7102500     -0.54750000      0.65450000       341.79800       1.9026974     0.017570385
2745.0000       288.74515       98908.879       14033.484       1.9295000      -1.5945000      0.28025000       341.69200       2.0270184     0.015339415
2750.0000       288.74407       98910.988       13948.351       3.9375000      -1.9472500      0.13500000       341.45200       2.1151827     0.026239516
2755.0000       288.78515       98911.834       13860.442       3.4345000      -1.3400000     -0.21675000       341.46100       1.8586890     0.020213130
2760.0000       288.80643       98910.975       13805.126       2.6760000      -1.2992500    -0.064750000       341.73800       1.9306495     0.016176612
