0.00000000      288.64239       98933.039       13836.647       4.7887500      -2.3730000     -0.19725000       341.42800       2.8218853      0.94548365
5.0000131       288.64782       98945.727       13852.338       5.5490000      -1.6660000     -0.44100000       341.28300       4.7730671      0.71070758
10.000026       288.65760       98952.114       13878.393       3.8670000     -0.84125010      0.66550000       341.55000       5.3026594       1.0634460
14.999999       288.64232       98944.678       13883.664       5.0305000      -1.7102500     -0.38350000       341.34500       2.2479080       1.1679806
20.000012       288.65146       98943.548       13910.485       3.2735000      -1.8932500      0.36800000       341.51200       4.1593248       1.4121309
25.000025       288.69416       98954.653       13967.814       4.5510000      -2.9250000     -0.97425000       341.45300       7.9567812      0.95030844
29.999998       288.72449       98948.416       14011.276       3.5097500     -0.50000000    -0.050750000       341.33500       4.1343626      0.75633991
36.000006       288.75722       98923.707       14060.839       3.0370000     -0.82150010      0.50250000       341.48500       5.2475853       1.3768272
41.000019       288.75486       98911.569       14068.322       4.2807500      -1.2412500     0.025750000       341.48600       6.3960815       1.3031417
45.999992       288.75580       98906.963       14078.993       4.4510000      -3.2152500     0.064000000       341.34100       6.9249423      0.93793117
51.000005       288.71543       98911.997       14050.488       5.4572500      -1.6095000     -0.45700000       341.26200       6.2237325       1.3122211
56.000018       288.69452       98918.660       14039.553       4.4622500      -2.4960000     -0.50175010       341.35200       9.6964414       1.0964357
60.999991       288.68596       98929.032       14039.348       3.6555000      -1.6445000      0.13650000       341.44300       4.5309518      0.85564721
66.000004       288.70633       98947.559       14064.354       4.4965000      -1.3455000     0.063000000       341.30900       3.7237980      0.77054730
71.000017       288.68462       98951.025       14053.251       3.0485000      -1.2637500     -0.81350000       341.45400       6.2449452      0.88259358
75.999990       288.64428       98952.524       14024.379       3.9457500      -2.0785000      0.77700000       341.52600       2.6825374      0.91839540
81.000003       288.66026       98944.617       14061.544       3.6560000     -0.20875000     0.064750000       341.51700       5.2798735       1.0767582
86.000016       288.65035       98935.709       14063.562       2.9955000     -0.68325000      0.13900000       341.57700       2.1524026      0.80533776
90.999989       288.65512       98921.383       14074.765       1.9747500      -1.0675000      0.73550000       341.74900       6.7650847      0.84667703
96.000002       288.65625       98914.278       14080.898       3.6952500     -0.38250000      0.57200000       341.55200       5.9570538       1.0868321
101.00002       288.64504       98909.617       14070.867       2.5850000      -1.5110000      0.26250000       341.51400       4.4223679       1.5599801
106.00003       288.59385       98901.391       14011.942       5.1472500      -2.4297500   -0.0060000000       341.38200       3.7079282       1.0288412
111.00000       288.58539       98907.308       14005.749       5.0642500      -2.5270000     -0.46175000       341.20600       1.8591641      0.93498691
116.00001       288.60530       98925.950       14033.523       3.6455000     -0.78775010      0.49200000       341.43700       6.9113279       1.0969787
121.00003       288.56935       98935.877       13993.867       6.0765000      -2.1465000      0.31025000       341.40900      -3.1490149       1.1179910
127.00000       288.54523       98943.211       13955.574       5.4795000      0.41275000     0.042250000       341.18600       4.5521892       1.2474034
132.00001       288.49554       98944.612       13874.093       3.1585000      0.30325000      0.71125000       341.63300       3.2018897       1.0141816
137.00002       288.48836       98941.198       13843.185       6.0800000     -0.60675000      0.20475000       341.21300       14.070429       1.5013293
141.99999       288.54848       98930.208       13870.932       6.2582500      -1.7130000     -0.34475000       341.32700       6.3438522      0.77180278
147.00001       288.55735       98924.303       13862.375       5.2242500      -1.0485000     -0.24275000       341.38700       3.6115770      0.66661858
152.00002       288.55748       98913.433       13855.637       4.2792500     -0.24625000      0.26800000       341.35700      -2.6214558      0.76727241
156.99999       288.55635       98907.931       13848.602       5.1175000      -2.2160000     -0.85325000       341.18800       8.6638178       1.1178819
162.00001       288.50998       98907.305       13805.087       5.1552500      -1.1020000      0.25050000       341.44300       1.7050513       1.1467615
167.00002       288.49089       98909.475       13791.743       5.8392500     -0.78500000      -1.0757500       341.25300       9.2073567       1.2805783
171.99999       288.52805       98915.662       13845.482       4.1037500     -0.54025000      0.27200000       341.35300       7.5902232       1.3073507
177.00001       288.50591       98920.781       13826.127       5.3372500      -2.7552500     0.054250000       341.29400       4.5025512      0.99532858
182.00002       288.43179       98931.868       13763.547       3.7635000      0.40975000      0.41825000       341.40800       4.6620073      0.89659573
186.99999       288.39206       98937.578       13713.067       4.8135000      0.23600000     -0.76525000       341.27300       5.8401923      0.85685308
192.00000       288.31919       98940.794       13597.625       4.3542500     0.048750000     -0.11725000       341.34900       3.9621334       1.1488967
197.00002       288.28204       98941.494       13532.728       4.7795000     -0.12850000     0.059000000       341.36600       2.3876827      0.92399234
201.99999       288.30037       98941.315       13515.198       4.6390000     -0.71875010      0.54525000       341.21500       5.2826821       1.1912793
207.00000       288.30064       98935.997       13486.027       3.7952500      0.36900000      0.43125000       341.40200       4.0333623      0.97719831
213.00001       288.30005       98917.835       13461.202       5.2027500       1.3875000     -0.61250000       341.15200       4.6273929       1.0209369
218.00002       288.30000       98911.523       13442.927       5.1275000     -0.28500000     -0.69100000       341.35800       3.3666352      0.86125925
223.00000       288.28723       98902.838       13410.952       3.3257500      -1.1330000      0.11950000       341.39100       8.0418035      0.82821125
228.00001       288.30105       98902.743       13410.912       4.6510000       1.4795000    -0.038000000       341.31200    -0.062055857      0.85206145
233.00002       288.33791       98913.452       13436.506       5.2297500     -0.59150000      -1.0222500       341.19200      0.25748042      0.94265455
238.00000       288.35766       98923.068       13454.430       4.8990000      -1.5662500      0.15900000       341.25600       54.251088       4.4267611
243.00001       288.39507       98940.276       13490.357       4.2630000      -2.0952500      0.31300000       341.37500       4.3575403       1.2712359
248.00002       288.41125       98949.466       13520.517       3.6820000     -0.57375000     -0.48750000       341.35900       5.0292126       1.5001523
253.00000       288.40009       98961.296       13533.389       4.7630000      -2.3317500     -0.28075000       341.37400       12.870128       2.6786420
258.00001       288.40009       98963.536       13570.848       3.7457500     -0.36950000      0.43100000       341.39100       5.6114079      0.87776051
263.00002       288.38721       98956.474       13628.209       5.1557500      -1.3270000     0.049500000       341.39300       3.3627362      0.98780166
267.99999       288.40075       98948.387       13681.042       6.0835000      -1.4030000      0.18900000       341.24200       3.4506262      0.87977185
273.00001       288.45084       98931.034       13779.532       4.8940000      -2.9035000      0.33725000       341.25200       9.0231556       1.1896140
278.00002       288.45708       98920.444       13803.193       2.9482500      -2.2170000      0.78750000       341.32800       7.0757473       1.2329770
282.99999       288.45793       98903.916       13781.423       5.2817500      -2.2442500      0.67150000       341.08800       4.9176867      0.97939451
288.00001       288.45400       98901.240       13767.776       5.8745000      -2.4587500     -0.85650000       341.11700       8.9137232       1.2523517
293.00002       288.39267       98911.057       13689.436       4.7622500      -1.1955000     -0.46700000       341.20800       7.1084229       1.2236814
297.99999       288.39031       98916.865       13666.576       4.2330000      -2.2677500      0.38750000       341.22100       9.1738883       1.4035855
304.00000       288.44247       98932.233       13692.862       3.0002500      -1.3475000      0.37100000       341.42000       8.1748861       1.0389326
309.00001       288.46246       98941.624       13687.225       3.0302500      -1.4945000      0.50450000       341.43600      -1.1503080       1.0892472
314.00003       288.51107       98948.672       13691.993       4.5757500      -2.0967500      0.29275000       341.22900       7.5245138       1.4528489
319.00000       288.50867       98954.015       13670.951       2.8997500     -0.45150000      0.58225000       341.53200       1.5384387      0.88519522
324.00001       288.44656       98963.445       13591.226       3.9000000     -0.39775000     -0.20175000       341.32600       4.4605545       1.3141185
329.00003       288.44261       98961.356       13595.020       3.8812500      -1.4137500    -0.047000000       341.36000       4.7834774       2.0073615
334.00000       288.45353       98950.296       13639.709       4.5180000      -1.9597500     -0.26175000       341.36400      -5.1592928       1.0520079
339.00001       288.44356       98940.984       13659.202       5.1837500      -1.7227500     -0.12050000       341.33200       7.8202468       1.0771968
344.00003       288.44581       98922.383       13707.967       4.8360000      -1.2437500     -0.16475000       341.19500       6.6490094      0.94980993
349.00000       288.45600       98914.259       13756.427       3.6172500     0.067000000     -0.17975000       341.40200      -1.0589814       1.0687311
354.00001       288.43265       98908.112       13764.761       4.5397500      -1.0792500     -0.13625000       341.28700       6.0245188       1.0336629
359.00002       288.45503       98908.515       13830.811       4.1875000      -1.0552500     -0.69575010       341.29000       5.9542887       1.2491279
364.00000       288.55266       98915.184       13985.232       3.6405000     -0.80800000      0.70775000       341.39400       6.9409309      0.92084780
369.00001       288.57002       98923.940       14046.319       3.8037500      -1.8822500     -0.28350000       341.31100      -1.7626832      0.54510197
374.00002       288.55851       98942.467       14086.738       3.9815000     -0.71075000     0.089750010       341.26700       3.2858686      0.99638990
379.00000       288.55212       98951.195       14110.861       3.6930000      -1.9872500    -0.018000000       341.45100      -1.4564190      0.95825769
384.00001       288.50147       98960.050       14071.934       3.1505000      -1.9590000      0.30350000       341.27000       6.3870340      0.97823890
389.00002       288.48794       98964.260       14073.056       4.0637500      -1.3022500     -0.22075000       341.23400       3.3456732      0.77956680
394.99999       288.50853       98962.859       14113.099       3.0965000      -2.6510000      0.44800000       341.35900       5.9166007       1.1896539
400.00000       288.48970       98957.222       14075.211       3.5907500      -2.2032500     -0.67775010       341.41300       1.2520119      0.90629871
405.00002       288.45388       98948.508       14006.162       2.6660000     -0.87925000      0.34125000       341.56500       2.9840798       1.0601819
410.00003       288.43397       98938.942       13939.148       2.6660000      -1.4397500      0.24325000       341.62600       10.245712      0.99728411
415.00000       288.39695       98920.960       13810.247       3.7935000      -1.6660000     -0.22400000       341.25300       2.0689544       1.1315864
420.00002       288.38569       98911.689       13753.539       4.1012500      -1.3582500   -0.0070000000       341.48600       5.4028451       1.2455495
425.00003       288.39018       98902.279       13717.888       4.0842500      -1.8050000    -0.045500000       341.52000       2.7505930       1.1434028
430.00000       288.40904       98903.667       13716.628       3.2640000     -0.96775010     -0.21100000       341.48000       8.2082664       1.6500322
435.00001       288.45455       98913.036       13760.670       4.6425000     -0.46975000     -0.22500000       341.31700       7.3710505       1.0773711
440.00003       288.45565       98919.825       13773.820       3.1170000     -0.55625000     -0.53675000       341.44500       5.6589741       1.1216717
445.00000       288.45646       98935.848       13805.641       2.8597500     -0.12000000      0.14825000       341.65700       5.1711052       1.2213012
450.00001       288.44794       98941.271       13823.791       3.3477500     -0.93725000    -0.062500000       341.45500       7.4284121       1.5640517
455.00003       288.38847       98938.942       13810.587       2.9772500      -1.1235000     -0.16125000       341.59100       4.8086603      0.84371724
460.00000       288.39613       98943.821       13842.238       2.9857500     -0.39725000    -0.071000000       341.50000       1.5466690       1.1005719
465.00001       288.44564       98951.386       13906.986       3.7047500     -0.60700010      0.23300000       341.40700       5.3723356       1.0331093
470.00003       288.46601       98951.682       13942.153       3.9515000      0.51975000     0.031500000       341.38600       7.6041744       1.2545365
475.00000       288.50288       98954.180       13984.572       3.4737500     -0.61225000     -0.32200000       341.43400      0.27219809      0.96495793
480.00001       288.51437       98946.791       14010.720       3.2497500     -0.20225000      0.35075000       341.41600       5.5181776       1.0644878
486.00002       288.50030       98924.290       14018.107       4.8062500     -0.88000010      0.15225000       341.25000       3.7630957       1.1958055
490.99999       288.50024       98910.177       14031.390       4.5012500      -1.0472500      0.32050000       341.55000      -7.3196352       2.7807018
496.00001       288.50035       98902.809       14040.146       3.9050000     -0.48950000      0.21475000       341.33500       6.7513044       1.0257433
501.00002       288.50006       98904.778       14045.444       2.6650000     -0.83650000      0.44825000       341.68300       5.0814666      0.88329944
505.99999       288.50008       98904.629       14040.786       2.5145000     -0.47525000      0.21725000       341.63900       1.7446528       1.1783201
511.00000       288.50016       98905.716       14029.307       2.1835000     -0.56400000      0.37525000       341.65600       1.9662011      0.94952104
516.00002       288.49350       98909.188       14001.556       1.3785000      0.31575000     -0.14825000       341.69500       6.5211429       1.2341750
520.99999       288.51502       98916.595       14016.902       4.4222500      -1.1417500     -0.71625010       341.30000       4.3103800      0.87554150
526.00000       288.54988       98925.083       14036.012       2.5917500      -1.4725000     0.039500000       341.52900      -8.1549652       1.7471785
531.00002       288.58498       98932.905       14098.757       2.8887500     -0.81675000     -0.57725000       341.41200      -7.0559594       1.0435498
535.99999       288.60661       98941.153       14146.319       4.2242500      -1.5160000      0.11725000       341.35000       7.0376980       1.0440811
541.00000       288.59986       98949.454       14171.862       3.3657500      -2.3527500     -0.16750000       341.18100       6.1434657       1.0226126
546.00002       288.59972       98951.723       14210.782       3.4610000      -2.1125000     0.012250000       341.23200       5.3615310      0.88019643
551.00003       288.59953       98951.535       14254.499       3.9285000      -1.6507500      0.11400000       341.29300       6.8905102       1.1723437
556.00000       288.60740       98952.489       14318.752       3.0257500      -1.8422500      0.40875000       341.45900       3.1568054      0.92883860
561.00001       288.58616       98948.044       14316.214       3.9247500      -2.8132500      0.87100010       341.56700       4.1567891       1.1021402
566.00003       288.53796       98935.152       14286.319       3.6480000      -1.2400000     0.033500000       341.30900       4.7706350       1.2477331
571.00000       288.59053       98927.036       14298.810       2.0022500      0.42825000      0.24500000       341.77600       1.9177382      0.96611656
577.00001       288.60278       98918.550       14278.391       2.6487500     -0.46725000     -0.40250000       341.59200       4.8410090       1.0370294
582.00002       288.64698       98900.367       14287.319       1.2527500     -0.82075010      0.12025000       341.80300       6.5941215       1.0422620
586.99999       288.66405       98901.549       14281.943       2.9117500     -0.89625010    -0.053750000       341.60100       3.6190984       1.1820445
592.00001       288.60971       98921.677       14213.823       1.9582500      -1.2825000     -0.89475010       341.51700       4.3617704       1.5586331
597.00002       288.59101       98931.692       14184.869       3.3200000    -0.055500000     -0.15950000       341.58200       4.8557504      0.99869691
601.99999       288.58599       98957.428       14181.353       4.1410000    -0.071000000      0.11550000       341.25000       7.3685642      0.99256679
607.00001       288.59756       98966.383       14190.740       4.0565000      -1.5445000     0.038500000       341.48800       7.2702844       1.0216430
612.00002       288.64813       98950.795       14237.192       4.2057500     -0.33025000      0.64375000       341.35700       7.6468919       1.2207015
616.99999       288.65694       98949.069       14247.684       2.9075000      -1.5177500      0.64800000       341.53700       2.3205830      0.88105922
622.00001       288.65577       98949.117       14245.667       3.1212500      -2.6050000      0.39500000       341.44600       1.3910735       1.0868651
627.00002       288.65470       98949.335       14254.401       4.2882500     -0.85900000     0.018000000       341.38700       3.5618445       1.0192008
631.99999       288.60977       98961.328       14237.939       2.6290000     -0.39300000      0.57525000       341.53200       2.0668107      0.75316613
637.00000       288.59128       98962.869       14234.844       5.3557500      0.40675000     -0.16825000       341.51900       6.7070298       1.0704625
642.00002       288.58553       98958.066       14253.840       5.3982500      0.89625010      -1.1637500       341.31300       8.3155788       1.2448380
646.99999       288.59706       98950.649       14271.626       3.4907500      0.25950000      0.41175000       341.41100       10.553226       1.2484070
652.00000       288.63398       98932.071       14287.538       5.7395000     -0.91525010     -0.27050000       341.31600       3.6553113       1.2264042
657.00002       288.65397       98922.253       14302.316       4.6490000      0.30700000      0.12250000       341.52500       3.7001463       1.3001084
663.00002       288.69528       98911.559       14327.757       2.5812500      -1.3325000      0.98825000       341.55600       5.5349828      0.78493223
668.00000       288.71188       98906.606       14349.172       3.2537500    -0.032500000      0.41250000       341.73300       8.5829468       1.5625919
673.00001       288.69991       98910.304       14371.464       3.6965000     -0.28550000     -0.11475000       341.69400       8.2442153       1.1193499
678.00002       288.69980       98910.281       14382.708       1.9762500      -1.7157500      0.47425000       341.68700       6.7913672       1.3240383
683.00000       288.70057       98907.783       14400.028       4.4805000      -1.8647500      0.41275000       341.41300      0.27959236      0.72617188
688.00001       288.70085       98910.548       14400.193       3.9347500      -1.2950000     -0.35325000       341.54500       7.5642242       1.0015687
693.00002       288.68603       98916.236       14359.078       4.9620000      -1.5002500     -0.36300000       341.35800       5.6996187       1.4478848
698.00000       288.69968       98921.587       14360.708       5.0067500      -1.6257500     -0.13600000       341.41600       8.7319704      0.91712186
703.00001       288.75129       98930.425       14391.265       3.6735000      -1.6165000      0.30700000       341.52300       4.2702987       1.2920297
708.00002       288.75776       98938.485       14395.174       2.9867500     -0.86700000      0.18075000       341.64100       7.8119558       1.0271728
713.00000       288.75597       98947.447       14410.016       3.2852500     -0.89575000     -0.75500010       341.57000       3.1140757       1.1403593
718.00001       288.75216       98953.082       14413.023       2.8695000      -1.9055000     0.032500000       341.52000       3.3718111       1.0074174
723.00002       288.69203       98962.029       14371.220       3.0817500      -1.8090000      0.55125000       341.51900       1.7928830      0.77908582
727.99999       288.68965       98962.587       14372.318       3.9362500      -2.2082500    -0.016750000       341.27100       6.8363453       1.3509681
733.00001       288.73759       98952.804       14392.961       2.4047500     -0.77925000     -0.28075000       341.59400       3.7251472       1.0035804
738.00002       288.75771       98948.766       14424.149       2.2530000     -0.31075000      0.43550000       341.59500       5.0143644       1.0097233
742.99999       288.80728       98942.365       14504.001       2.9007500     -0.76150010   -0.0092500000       341.43600       5.0363931       1.5378189
748.00001       288.80964       98937.624       14528.756       3.2375000      0.11400000     0.018250000       341.58900       3.4991559       1.1805397
754.00001       288.75689       98938.222       14536.626       4.0222500     -0.42575000     -0.57075000       341.38200       2.8664086       1.2029065
759.00003       288.73667       98933.004       14534.325       4.3745000      0.18150000      0.26375000       341.54600      -2.8582145       1.0548843
764.00000       288.70035       98922.977       14492.722       5.2060000     -0.78000000     -0.48500000       341.41100      0.79553510      0.97844174
769.00001       288.68665       98916.000       14470.754       3.3505000     -0.38275000      0.38600000       341.57900      -1.5792261       1.0191504
774.00003       288.72251       98905.187       14474.537       4.5382500      -1.7645000      0.22650000       341.37900       3.6660069       1.2183580
779.00000       288.69042       98902.062       14434.306       3.6872500     -0.38925000      0.55500000       341.51500       3.4043781       1.0597848
784.00001       288.61777       98904.652       14373.567       2.6680000     -0.13625000      0.53875010       341.53400       4.3947378       1.0748489
789.00003       288.57742       98905.355       14305.034       3.0330000     -0.92225000      0.55925000       341.64800       7.0830142       1.0305840
794.00000       288.50204       98907.798       14201.661       3.5980000     -0.15875000      0.62100010       341.61700       1.5871517      0.94796240
799.00001       288.47400       98912.381       14124.207       3.6920000     -0.22875000      0.62550000       341.55700       11.311947       1.3223108
804.00002       288.51092       98917.565       14046.491       3.0327500      -1.0002500     -0.10500000       341.28000       3.6030562       1.0852963
809.00000       288.49466       98923.167       13982.594       3.9147500      0.10950000     -0.28400000       341.37300       1.5048451       1.1004430
814.00001       288.44648       98934.449       13904.638       3.9325000      0.33250000     -0.77700000       341.13000       8.0303681       1.1631841
819.00002       288.44263       98939.170       13894.857       4.2510000       1.1310000      0.11350000       341.27400       7.5187938       1.2342656
824.00000       288.43037       98940.385       13915.698       3.6222500     -0.50700000     -0.13400000       341.22500       5.3161131      0.84012153
829.00001       288.45330       98941.789       13965.757       3.7897500      -2.4117500      0.42125000       341.18200       1.8136272      0.82395046
834.00002       288.55222       98938.138       14101.817       3.3677500    -0.062000000      0.17175000       341.49100       2.9107543       1.0152544
839.00000       288.56998       98941.468       14169.945       4.4492500      -1.1525000     0.017000000       341.34300       2.3103861      0.92191737
845.00000       288.55695       98951.569       14236.873       3.4857500      -1.3725000      0.31350000       341.38900      -5.5476830      0.62085892
850.00002       288.54833       98951.872       14285.227       3.7565000     -0.10500000     -0.34125000       341.40200      -1.5035012      0.92166679
854.99999       288.49696       98951.622       14316.223       2.9700000     -0.84375010     -0.75150000       341.38500      0.29753854       1.0725805
860.00000       288.48595       98949.844       14326.726       3.7277500     -0.32525000     -0.18875000       341.41100       2.8511038       1.0561377
865.00002       288.50862       98940.710       14344.073       3.6582500    -0.040000000      0.14550000       341.40700       4.7006026      0.88129339
870.00003       288.48991       98936.631       14306.297       5.1515000      -2.4202500      0.13075000       341.25500      -1.8670930       1.6676061
875.00000       288.45506       98937.744       14211.961       4.5725000     -0.16550000    -0.027750000       341.31600       2.1071530      0.98496364
880.00001       288.43488       98931.941       14147.321       4.1690000     -0.31350000      0.66225000       341.52100       4.5927172       1.1603664
885.00003       288.38804       98920.711       14050.898       3.2997500     -0.79150000    -0.087500010       341.37600       3.8146017       1.0307199
890.00000       288.39521       98915.480       14009.297       4.4432500    -0.078000000      0.17050000       341.36600       4.6677125       1.0788258
895.00001       288.45552       98910.418       14005.912       3.6580000    -0.040750000      0.46550000       341.35600       3.6401238      0.78328370
900.00003       288.45690       98906.240       13973.948       5.0117500       1.1387500      0.31225000       341.19800       3.4122733      0.89351603
905.00000       288.45677       98904.766       13950.543       4.8925000     -0.21000000     -0.24425000       341.11900       8.6144785       1.2960937
910.00001       288.44809       98904.620       13928.978       4.8732500      0.85900000     0.049250000       341.25300       3.7107253       1.1178115
915.00003       288.39670       98904.693       13888.529       2.8632500      -1.0202500      0.18875000       341.30500       3.0615278       1.1429330
920.00000       288.38554       98905.662       13876.305       1.9087500     -0.48150000      0.30500000       341.22800       4.8732163      0.92197321
925.00001       288.40009       98908.908       13894.651       3.9755000     -0.72275000     -0.20425000       341.47200       6.5195162      0.68144235
930.00003       288.40009       98913.886       13887.122       4.6252500     -0.81800000      0.26825000       341.24400       4.0952025       1.0163520
935.99999       288.39395       98919.881       13860.534       3.6982500     -0.12250000     -0.10850000       341.37100       4.6085058      0.90106214
941.00001       288.43006       98930.335       13906.753       3.9852500      -1.0680000     -0.30650000       341.50200       2.6421117      0.96340734
946.00002       288.44971       98936.496       13937.236       6.8787500      0.35450000     -0.37175000       341.20800       5.3885268       1.0900527
950.99999       288.48465       98938.807       14015.592       3.3737500      0.25250000       1.2617500       341.48600       6.6322931       1.1940453
956.00000       288.50555       98940.912       14060.731       4.8967500      -2.1147500     -0.78375010       341.30400       7.0777129       1.2137815
961.00002       288.51411       98941.780       14083.642       6.5542500      -1.0885000      0.12800000       341.13700       6.8587072       1.7194488
965.99999       288.50693       98940.389       14079.373       2.8660000     -0.70050000      0.29475000       341.44600       6.1838233       1.1870472
971.00000       288.48560       98940.399       14055.167       4.8167500     -0.47975000     -0.23525000       341.07600       9.7816870       1.5355611
976.00002       288.44388       98939.144       14002.444       3.7545000     -0.58800000      0.81450000       341.30700       5.7287382       1.4376942
980.99999       288.46054       98946.414       13994.849       3.3875000      -1.0080000     -0.22425000       341.28400       9.2095329       1.6278033
986.00000       288.45074       98950.473       13960.399       5.2910000      -1.3300000    -0.052250000       341.16300      -4.8076146       1.0069581
991.00002       288.45480       98960.281       13922.725       4.3215000      -1.3357500      0.47075000       341.38600       5.8797897       1.1771665
996.00003       288.45596       98962.711       13896.102       3.8592500     -0.36725000       1.0530000       341.45000       7.2219518       1.0110384
1001.0000       288.44482       98960.210       13863.519       4.1745000     -0.73725000      0.30375000       341.44100       6.3886424       1.0049035
1006.0000       288.38071       98950.340       13780.441       4.0152500      -2.5755000     -0.17850000       341.24100       6.6536560       1.0899910
1011.0000       288.41530       98946.291       13810.076       3.7712500      -2.2297500      0.41250000       341.28800       4.4408093      0.73374582
1016.0000       288.50633       98939.704       13907.870       3.2385000      -1.2920000     -0.29925000       341.38300       9.5908053       1.1295899
1021.0000       288.55460       98937.114       13968.423       2.6567500      -1.2007500      0.42600000       341.50000       6.2181997       1.1027231
1027.0000       288.56700       98934.641       14006.359       3.5985000     -0.61075000      0.21475000       341.49300       4.5256616       1.1589607
1032.0000       288.46093       98934.171       13941.299       4.7695000      -1.6830000     -0.48250000       341.13400       2.3346240      0.81281855
1037.0000       288.43391       98930.083       13942.430       3.8347500     -0.65000000      0.85875000       341.30300       2.7358154       1.3440020
1042.0000       288.45786       98923.514       13996.128       4.0375000      -2.2985000     -0.10150000       341.21100       4.9262380       1.0034730
1047.0000       288.44794       98919.603       14012.323       2.2837500      -1.1212500      0.26075000       341.37700       5.9770160      0.98409630
1052.0000       288.44232       98912.151       14030.713       4.5490000      -1.7145000     -0.59600000       341.14500       6.6053257       1.0542325
1057.0000       288.45229       98908.353       14052.307       5.2347500      -1.8560000      0.69950000       341.16200       1.3555249       1.1940143
1062.0000       288.45841       98910.404       14058.399       5.6892500      0.26800000     -0.29325000       341.10500      -1.4419457       1.4187166
1067.0000       288.44822       98910.479       14054.335       5.0047500     -0.84775010     -0.22650000       341.08000       1.8211144      0.97139728
1072.0000       288.45564       98910.177       14076.058       4.7877500      -1.2950000     -0.33375000       341.17700       2.0908528       1.1681637
1077.0000       288.45453       98910.118       14061.276       2.4562500     -0.95350000      0.16725000       341.41900       7.1034844       1.1543090
1082.0000       288.42390       98907.435       14007.608       3.1180000     -0.30025000      0.28700000       341.37500       6.5470992       1.2132077
1087.0000       288.39415       98909.665       13948.428       2.1705000     -0.64375000      0.21075000       341.38600       3.6066492      0.97347220
1092.0000       288.35269       98915.489       13835.240       3.0912500     -0.50125000     -0.20750000       341.42000       4.6045388       1.3942593
1097.0000       288.34438       98920.622       13781.633       4.1707500      0.25325000      0.23775000       341.27000       4.7761943      0.90844617
1102.0000       288.35841       98933.171       13754.973       2.5875000      0.39775000      0.41425000       341.33800       5.2936033      0.89099709
1107.0000       288.34826       98937.847       13723.177       2.5787500      0.14225000      0.49925000       341.34900       1.5437968      0.94886186
1112.0000       288.35589       98934.305       13729.427       3.8515000      -1.7965000     -0.29825000       341.31500       1.1738770      0.88979115
1118.0000       288.35296       98935.418       13726.054       5.4110000      -3.1097500      0.53675000       341.25400       11.503370       1.5654612
1123.0000       288.29201       98934.710       13679.867       5.5427500      -1.5820000     -0.20350000       341.33200       5.9214249       1.0929960
1128.0000       288.28982       98935.134       13694.089       4.5477500      -1.3135000      0.44550000       341.40900       7.5403035       1.1025204
1133.0000       288.33813       98939.776       13758.486       2.4855000      -1.6975000      0.51500000       341.39000       5.5815129       1.2791080
1138.0000       288.35800       98941.427       13802.977       2.9830000     -0.73950000      0.17750000       341.36200       8.3038566       1.1780839
1143.0000       288.39436       98937.616       13880.049       1.2345000      -1.4492500      0.73550000       341.47100       1.9044694       1.0272923
1148.0000       288.41015       98940.448       13927.542       4.2327500      -1.7062500     0.033750000       341.28600       8.4097044       1.4757920
1153.0000       288.38718       98950.505       13939.802       2.1612500     -0.90050010     -0.26525000       341.54800       3.3042644      0.64603793
1158.0000       288.40108       98951.809       13979.910       2.0037500      -1.1307500    0.0085000000       341.50900       4.0521240      0.81670721
1163.0000       288.45142       98949.000       14054.392       2.5572500      -1.6945000    -0.052750000       341.60800       5.5554672       1.0848755
1168.0000       288.45796       98950.977       14073.862       2.3305000     -0.53100000     0.077250000       341.58700      -2.1537790       1.1968709
1173.0000       288.45705       98951.597       14073.022       4.0252500     -0.18225000     -0.69250010       341.21000       1.9914887      0.83576477
1178.0000       288.45328       98949.641       14072.096       4.1475000      -1.4055000      0.24025000       341.30200       5.2162685       1.3359277
1183.0000       288.40542       98949.260       14017.599       3.2692500      -1.0245000     -0.54200010       341.27800       3.7497720      0.85492026
1188.0000       288.38957       98951.293       13999.954       2.6285000      -1.0977500      0.21325000       341.32900       4.0297921      0.87406105
1193.0000       288.38764       98951.581       13997.841       3.0207500     -0.43575000      0.47150000       341.49000       3.4301017      0.93135238
1198.0000       288.40175       98949.588       14013.519       3.4007500      -2.0675000     -0.66400000       341.35200       4.0409980      0.98600901
1203.0000       288.43844       98952.871       14048.723       3.3482500     -0.39400000    0.0050000000       341.44800       3.8059389      0.94626249
1209.0000       288.46246       98949.889       14081.984       4.4340000      -2.1232500      0.51925000       341.12700      -3.7906826       2.1182708
1214.0000       288.49985       98936.209       14134.404       3.1242500      -1.6752500      -1.0032500       341.23800       10.378078       3.2129556
1219.0000       288.51355       98931.566       14163.251       4.4907500     -0.23250000     -0.31125000       341.34500       1.0258277      0.94146570
1224.0000       288.50007       98932.747       14170.961       3.2370000    -0.086500000      0.25425000       341.47100       5.5282894       1.0098444
1229.0000       288.50012       98928.184       14189.656       2.7620000     -0.11500000     -0.70500000       341.29000       2.7776798      0.93784816
1234.0000       288.50079       98922.255       14209.000       3.0065000     -0.26250000      0.48150000       341.46600      -5.9460972       1.1440879
1239.0000       288.50108       98918.288       14228.051       2.1742500      -1.1215000      0.26400000       341.53800       5.5632771       1.1646952
1244.0000       288.50013       98910.584       14242.787       3.3962500      -2.5012500     0.071750000       341.56200       5.6152479       1.0356175
1249.0000       288.50024       98907.834       14267.479       3.3525000      -1.4490000      0.28375000       341.45900      -1.2845058       5.3936305
1254.0000       288.50024       98910.154       14307.276       4.1772500      -1.8785000     -0.10600000       341.24600       5.7755807      0.91835927
1259.0000       288.50041       98910.094       14321.222       2.5055000      -1.4945000      0.30500000       341.28700       3.2284836       1.0120495
1264.0000       288.52284       98910.430       14348.314       1.8862500      -2.1750000    -0.060750000       341.32800       4.2786133       1.3870385
1269.0000       288.49072       98910.489       14323.958       3.6290000      -1.3282500      0.43800000       341.32000       4.0263630       1.2647592
1274.0000       288.40591       98910.243       14241.252       2.8410000     -0.87275000     -0.46650000       341.44200       5.0382473      0.94727615
1279.0000       288.38220       98910.243       14200.167       3.5430000      -1.9217500    -0.079000000       341.31800       5.3450723       1.0709277
1284.0000       288.34407       98910.425       14151.950       3.9002500      -1.9927500    0.0090000010       341.30800       4.9692892       1.3316526
1289.0000       288.33631       98910.456       14102.085       1.9565000      -1.2037500      0.99200000       341.47000       8.1599936       1.2287703
1295.0000       288.41201       98910.306       14071.577       4.0202500     -0.95475010    -0.048250000       341.29800       4.7247942      0.90766049
1300.0000       288.40455       98910.306       14010.191       3.6032500      -1.3692500     -0.68350010       341.24700       4.4852500       1.1350086
1305.0000       288.34502       98908.633       13892.254       2.9952500     -0.76300000      0.27925000       341.42000      0.96926014      0.92148553
1310.0000       288.34384       98912.426       13863.841       3.1725000      -2.7957500    -0.079250000       341.23100       5.0452684       1.2992755
1315.0000       288.33404       98919.573       13849.567       3.2785000     -0.19350000     -0.26075000       341.30800     -0.86336818       1.3571314
1320.0000       288.36111       98923.590       13878.866       3.3575000      -1.2810000     -0.61950000       341.19200      -6.2438244       1.0382031
1325.0000       288.44846       98930.874       13984.832       2.9875000      -1.1940000    -0.031500000       341.32100       5.5415431       1.3530583
1330.0000       288.48003       98933.111       14043.432       3.6707500      -1.4605000      0.37050000       341.35300       3.5839431       1.0135447
1335.0000       288.49444       98930.446       14095.010       2.4572500     -0.87925000     -0.13675000       341.37400       9.9497893       1.4667767
1340.0000       288.52501       98930.538       14174.889       2.7515000     -0.24650000     0.061750000       341.28800       7.0910583       1.1930740
1345.0000       288.54721       98929.150       14268.650       2.7920000      -1.5780000      0.23150000       341.32600       6.6458653       1.7535947
1350.0000       288.56756       98930.911       14340.400       4.4647500      -1.5587500     0.045750000       341.29600       3.8764900      0.95324638
1355.0000       288.61193       98934.884       14447.617       2.9502500      -1.6900000      0.39925000       341.40200       2.5850795       1.2769380
1360.0000       288.60446       98936.887       14471.154       2.5557500      -1.6642500      0.25700000       341.55300       4.4113013       1.0536764
1365.0000       288.55508       98940.767       14433.880       1.7342500      -1.1622500     0.012500000       341.47300       6.5370466      0.83462784
1370.0000       288.53501       98941.918       14415.967       1.6695000      -2.8805000     -0.19150000       341.49800       5.4874014       1.2235060
1375.0000       288.49688       98940.103       14363.282       2.4050000      -1.3565000     -0.74250000       341.33900       3.7674437      0.72165293
1380.0000       288.48540       98940.010       14331.552       2.7862500      -1.5217500     -0.99150000       341.45700       6.6042277      0.77551725
1386.0000       288.50022       98939.006       14309.229       3.4010000      -1.6055000      0.84475000       341.54000       4.6804634       1.0387719
1391.0000       288.51466       98949.419       14254.887       2.6027500      -2.0427500     -0.39975000       341.49500       6.6477815      0.99407492
1396.0000       288.50563       98951.669       14204.191       2.8590000      -2.3915000      0.29100000       341.38500       6.4704346       1.1376942
1401.0000       288.45529       98948.396       14112.153       2.3705000      -1.1337500     -0.19550000       341.57300       7.4933102       1.0025650
1406.0000       288.44422       98950.435       14071.390       3.6002500      -1.4220000     -0.30725000       341.43900       3.9183346       1.2352960
1411.0000       288.44550       98952.460       14057.529       4.2422500    -0.025500000    -0.024500000       341.36900       7.2331830       1.1798911
1416.0000       288.44227       98948.878       14063.784       2.6042500     -0.87325010     0.056000000       341.39700       2.1617875       1.0997533
1421.0000       288.45353       98951.179       14083.855       3.4142500      -1.5552500     -0.11575000       341.41000       5.8873665       1.2525316
1426.0000       288.50524       98961.400       14147.343       3.7797500      -1.0187500    -0.080500010       341.36900       6.6638342       1.3213537
1431.0000       288.48503       98960.302       14163.624       3.2170000      -2.0962500    -0.033500000       341.44500       6.8833517      0.98530752
1436.0000       288.49358       98960.337       14204.125       2.4905000      -1.2825000      0.48125000       341.54600       4.6007085       1.0527499
1441.0000       288.57486       98963.295       14318.972       3.8035000     -0.91975000      0.12725000       341.43800       5.8738525      0.92681245
1446.0000       288.56834       98961.559       14347.702       3.3452500      0.42100000      0.48850000       341.44800       2.2587811       1.3750614
1451.0000       288.52490       98957.351       14340.006       2.5887500      -2.0305000      0.24925000       341.57100       7.3225336       1.3520537
1456.0000       288.45201       98950.391       14321.500       4.8295000      -1.3182500     0.062500000       341.40600       11.778382       1.0807052
1461.0000       288.42126       98946.303       14263.818       3.8852500      -2.7552500     -0.42625000       341.29300       7.3542305      0.94331734
1466.0000       288.33252       98938.926       14123.513       2.1770000      -1.3757500      0.33575000       341.42700       5.9820550       3.5613926
1471.0000       288.39990       98940.302       14084.297       2.6292500      -2.5857500     -0.47775000       341.43600       5.0450795      0.74261386
1477.0000       288.41230       98940.345       13993.333       2.6235000      -2.0660000     -0.12200000       341.43800       4.4943085       1.2062705
1482.0000       288.35162       98940.271       13861.175       1.5995000      -1.2742500      0.58000000       341.64400       5.3718991      0.98139155
1487.0000       288.34304       98940.232       13792.122       2.3420000      -1.6162500      0.55925000       341.48400      0.85186002       1.1651820
1492.0000       288.34389       98940.175       13723.673       3.2320000      -1.2975000      0.44150000       341.44500       6.0199687       1.1294299
1497.0000       288.34509       98940.115       13685.948       3.1312500      -1.8605000      0.45800000       341.43200       5.0922809       1.3299404
1502.0000       288.39032       98940.371       13722.246       3.6132500      -1.5290000    -0.021500000       341.36600      -9.7646721       1.2904627
1507.0000       288.40902       98940.392       13736.551       2.2720000     -0.58150010     -0.40525000       341.41900       2.3240077       1.2156332
1512.0000       288.38571       98940.145       13730.428       3.2815000     0.070500000      0.32600000       341.47600       2.5362232      0.84032831
1517.0000       288.39695       98940.070       13759.276       2.7882500      -2.9927500      0.70225000       341.37900       1.5903069      0.81424303
1522.0000       288.43429       98940.308       13821.041       3.1015000      -3.1417500    -0.010250000       341.48900       5.7543630       1.3879413
1527.0000       288.45436       98940.345       13868.574       3.0702500      -1.5415000    -0.062250000       341.45400       4.8369779       1.1094856
1532.0000       288.50435       98941.691       13965.619       3.7080000      -2.0045000    -0.035500000       341.41700       4.5932501       1.0883394
1537.0000       288.51155       98940.555       13998.165       2.6672500     -0.21175000      0.41025000       341.52100       9.8462572       1.4004430
1542.0000       288.45210       98935.563       13958.094       3.6652500     -0.11800000     -0.19775000       341.31700       2.6841777      0.94001512
1547.0000       288.44355       98934.741       13960.262       4.3672500      -1.0567500     -0.63700000       341.30600       5.3879404       1.1142633
1552.0000       288.43023       98936.259       13939.862       3.2187500     -0.88075010      0.17825000       341.28800       2.0644368      0.81719679
1557.0000       288.44302       98935.327       13944.092       3.2565000      -1.9150000      0.42075000       341.33200       8.2258620       2.4507930
1562.0000       288.53996       98936.065       14028.014       4.3285000      -1.4052500    -0.093000000       341.27700       4.1858688       1.3640764
1568.0000       288.57067       98935.836       14039.181       3.7717500      0.21150000     -0.92375000       341.46500       7.0494371       1.0707870
1573.0000       288.55736       98930.819       13994.041       2.0670000      -1.1317500      0.63925000       341.70100       8.0819039       1.2363430
1578.0000       288.55373       98929.247       13974.305       6.0347500      -1.7272500     -0.31625000       341.35100     -0.21034945      0.92202216
1583.0000       288.50463       98932.860       13917.990       3.1895000      -1.1220000      0.22550000       341.58500       5.4354628       1.2512216
1588.0000       288.48811       98930.095       13889.700       4.4300000      -2.0897500      -1.1880000       341.25900       2.8149402      0.86142675
1593.0000       288.50022       98920.199       13902.202       3.8372500      -2.3352500      0.16450000       341.35100       4.4790895      0.89750049
1598.0000       288.50038       98918.954       13887.709       3.9890000     -0.88750000      0.32525000       341.32400       5.0919701       1.0134453
1603.0000       288.51282       98921.565       13866.949       4.0537500     -0.38900000    -0.096750010       341.30300       5.0371898      0.97743225
1608.0000       288.49908       98919.550       13835.466       3.4980000     0.041000000      0.38800000       341.41900       3.4579864      0.87715993
1613.0000       288.44894       98921.654       13762.423       3.3480000      -1.0082500     0.032500000       341.38200       4.1116659       1.3854515
1618.0000       288.44247       98920.942       13749.055       4.1542500      -2.5632500     0.057000000       341.24400       2.2044901      0.88579376
1623.0000       288.44260       98912.511       13761.240       5.0265000      -2.5575000      0.48850000       341.39900       6.7418869       1.0677270
1628.0000       288.44608       98907.906       13771.722       4.3545000      -1.5357500     0.016250000       341.42700       8.8032927       1.0743826
1633.0000       288.49485       98905.115       13830.811       3.0980000      0.34675000      0.13575000       341.45600       3.6103009       1.1937051
1638.0000       288.51070       98904.443       13862.252       4.0750000      -3.5787500      0.27700000       341.56000       2.7690812      0.75247536
1643.0000       288.50022       98905.896       13875.699       4.7072500      -1.6302500     -0.54625000       341.26200       6.8991882      0.92158586
1648.0000       288.50038       98904.889       13889.858       4.0330000      -1.2760000     -0.41950000       341.33700       4.0678299       1.0243587
1653.0000       288.51254       98904.661       13926.144       3.8752500     -0.67700000     -0.29500000       341.54700       6.9043393      0.81450608
1659.0000       288.49447       98905.849       13909.741       3.9112500     -0.98000000     -0.36950000       341.43700       2.8377316       1.1602373
1664.0000       288.44652       98904.540       13843.128       2.2090000      -1.3380000     -0.20425000       341.48500       1.4198939      0.97064634
1669.0000       288.44277       98905.152       13823.055       2.2770000      -2.1717500     -0.30700000       341.53900       7.1236578       1.0479777
1674.0000       288.44232       98911.317       13792.458       4.3905000      -2.2130000    -0.064000000       341.24300       2.1141860       1.2115356
1679.0000       288.44815       98911.080       13777.329       5.0755000      -1.0975000      0.44075000       341.26800       5.5178447       1.2159690
1684.0000       288.49887       98904.890       13812.545       4.1820000      -2.4727500     -0.16450000       341.25700     -0.70427536       1.0004100
1689.0000       288.51230       98904.456       13800.526       4.2985000     -0.37000000     -0.72800000       341.51400       2.2673229       1.9545945
1694.0000       288.50024       98904.651       13751.759       4.9770000      0.19375000     -0.25200000       341.40800       2.4671688       1.2013049
1699.0000       288.50041       98905.334       13735.197       4.1290000     -0.50650000     0.070250000       341.53500       3.8041730       1.1732138
1704.0000       288.48889       98910.209       13700.302       5.8867500      -1.3232500      0.35225000       341.49100       4.5321288       1.1600877
1709.0000       288.50493       98911.578       13719.599       2.9490000      -1.5665000      0.40175000       341.55100       3.3465769       1.2171020
1714.0000       288.55327       98911.397       13804.255       4.2770000      -3.0945000     -0.41475000       341.34200       5.5028435       1.1875041
1719.0000       288.55695       98909.787       13827.640       5.4677500      -2.5657500      0.80700000       341.48100       6.9271963      0.93422200
1724.0000       288.54674       98904.882       13835.834       3.7895000     -0.10675000      0.64950000       341.56700       6.3660464       1.1999275
1729.0000       288.55670       98904.457       13879.417       6.1667500      -1.0827500     -0.28200000       341.15800       2.6312086       1.0115853
1734.0000       288.54330       98905.695       13907.955       5.0212500     -0.35350000      0.37450000       341.37700       3.9360788       1.3663874
1739.0000       288.54969       98904.687       13947.919       3.6762500      -1.1250000     -0.22825000       341.34400       2.5221334      0.98674556
1744.0000       288.61119       98904.857       14065.054       3.4125000      -1.4990000     -0.51125000       341.19200      -4.0224038      0.89244877
1750.0000       288.60569       98906.049       14084.105       3.4415000      0.65750000      0.84650000       341.41400      0.36677998       1.4334500
1755.0000       288.54504       98904.564       14018.313       3.8007500      -1.1175000     -0.51075000       341.36800       8.5804352       1.2902790
1760.0000       288.54393       98905.423       14014.214       1.6870000      -1.0917500      0.34525000       341.61900       4.9167054       1.0425053
1765.0000       288.54313       98911.467       13995.815       3.2790000      -1.7290000      0.26075000       341.49300       2.5404453      0.73311280
1770.0000       288.55165       98910.736       13994.655       4.2475000      -1.2470000     0.019750000       341.56200       1.9990954      0.91275874
1775.0000       288.60270       98904.705       14031.388       1.6955000      0.90925000      0.51225000       341.66200       4.8286435       1.0566483
1780.0000       288.61378       98904.517       14035.817       4.4062500     0.066500000     -0.24050000       341.30900       4.8232915      0.86804191
1785.0000       288.59130       98900.331       14010.074       4.9332500     -0.36875000     -0.13375000       341.40000       7.5453150       1.0776219
1790.0000       288.61023       98910.656       14027.219       3.7072500      -1.1760000      0.36550000       341.68100       6.2394584      0.85525269
1795.0000       288.65546       98938.342       14073.819       4.0347500      -1.2145000     -0.52900000       341.48300       4.8728671       1.0065136
1800.0000       288.65672       98940.163       14078.390       3.4172500      -1.6005000     -0.12000000       341.56900     -0.49129296       1.0892728
1805.0000       288.65691       98939.802       14083.593       3.2460000      -1.0970000      0.19650000       341.57900       4.8760935       1.1843631
1810.0000       288.64823       98933.626       14081.984       2.2482500      -1.6590000      0.72525000       341.62200       2.6974113      0.82033260
1815.0000       288.59758       98903.362       14035.416       3.6400000      -1.0852500     -0.45975000       341.48100       4.7557639      0.77894553
1820.0000       288.58678       98897.783       14047.417       3.5505000     -0.88125000      0.33775000       341.49900      0.95937155      0.76964641
1825.0000       288.60897       98904.616       14105.122       3.1780000     -0.49700000      0.35050000       341.73500       6.4856483       1.2359074
1830.0000       288.59025       98905.506       14111.636       4.4990000      -1.6977500      0.25375000       341.54300       6.3556264       1.1183279
1835.0000       288.55302       98910.607       14121.224       4.0312500     -0.62000000      0.16850000       341.31800       5.7550632      0.75653819
1841.0000       288.51475       98910.395       14072.428       3.3272500      -1.9665000     -0.51950000       341.46000       3.1514857      0.95387931
1846.0000       288.49390       98910.454       14036.343       2.7780000      -1.2695000      0.16825000       341.33100       5.2887113       1.3146577
1851.0000       288.48512       98910.366       13986.608       2.6640000     -0.51975000      0.25025000       341.61900       1.2943136      0.81065649
1856.0000       288.49384       98910.401       13958.595       3.4205000      -1.0747500     -0.10950000       341.43400       4.7778600      0.98713593
1861.0000       288.51491       98910.450       13941.749       4.0070000     -0.98150000      0.96425000       341.52600       6.9704182       1.0027115
1866.0000       288.54989       98910.547       13937.628       4.2430000      -2.1800000    -0.080250000       341.23900       2.1114273       1.2268794
1871.0000       288.57037       98910.655       13919.526       3.3757500      0.84275000      0.75975000       341.61100       1.7439412       1.3749650
1876.0000       288.61220       98910.950       13915.888       3.8955000      -2.0022500     -0.88650010       341.15700       4.2772696       1.0584216
1881.0000       288.55486       98905.768       13835.450       3.9275000      -1.1537500     -0.30950000       341.36200       7.1553791       1.2436771
1886.0000       288.54315       98904.596       13814.029       2.6857500      0.27650000     -0.27475000       341.61300       3.1445341       1.1024218
1891.0000       288.52987       98906.298       13821.027       4.1067500     -0.69650000    -0.047250000       341.39700      0.93008902       1.0875116
1896.0000       288.53728       98905.291       13841.824       4.3230000      -1.4420000    -0.026500000       341.36700       5.1275188       1.1803394
1901.0000       288.56928       98904.283       13889.317       3.3297500      -1.3095000     -0.22925000       341.29300       5.3891907       1.0859112
1906.0000       288.65643       98905.431       13992.433       2.8915000      -1.3582500      0.14400000       341.61400       4.5956953      0.78128220
1911.0000       288.68550       98906.488       14058.631       3.1877500      -1.7645000     -0.66925000       341.36700       6.5583388       1.0721481
1916.0000       288.70639       98904.692       14126.127       3.6612500      -1.4962500      0.32725000       341.41800       7.7931779       1.1997725
1921.0000       288.71456       98910.272       14200.110       2.8530000     -0.78100000     -0.45275000       341.52700       5.1270147       1.2545493
1927.0000       288.70252       98911.487       14220.204       2.1867500      -1.5052500      0.61975000       341.55500       3.1665067      0.78546346
1932.0000       288.68015       98906.941       14181.683       2.5632500      -1.1042500     0.055000000       341.56400       2.9983662      0.84983152
1937.0000       288.64911       98904.985       14139.410       2.8057500      -1.2815000     -0.11700000       341.47400       1.6783364      0.88424669
1942.0000       288.56160       98899.992       14025.677       2.0287500      -1.5520000     -0.21050000       341.50700       10.488056       1.6713593
1947.0000       288.53419       98899.299       13964.286       1.9592500      -1.8147500     -0.28075000       341.59200       2.8430961       1.1929048
1952.0000       288.54364       98905.201       13937.779       2.7507500     -0.92000000    -0.086000000       341.59300       11.009917       1.5313268
1957.0000       288.54527       98906.130       13892.705       2.6557500      -1.2947500      0.33000000       341.80400       4.4724448      0.86588142
1962.0000       288.58956       98905.782       13847.595       2.3855000     0.085000000     -0.12500000       341.77700       1.8308241       1.5476200
1967.0000       288.60844       98905.643       13820.348       2.9717500      -1.1377500     0.052500000       341.36900       3.8436582       1.0689708
1972.0000       288.59979       98901.216       13772.672       3.0130000      -1.5455000     0.036500000       341.72000       2.9268537      0.87716052
1977.0000       288.59970       98899.293       13760.295       4.1915000     -0.42950000      0.17500000       341.58100       3.9654815      0.98231746
1982.0000       288.60023       98900.504       13801.007       3.5160000     -0.87575010     -0.30575000       341.70200       5.4108072      0.94525199
1987.0000       288.60035       98900.601       13823.049       2.4542500     -0.29500000     -0.59525000       341.70500       5.5315006       1.1446099
1992.0000       288.59998       98898.753       13850.468       3.5620000      -1.3647500     -0.14700000       341.50600       5.7654965       1.2340146
1997.0000       288.59998       98899.866       13879.514       4.2585000     -0.70175000     -0.13775000       341.55400       3.0066663      0.78252554
2002.0000       288.58577       98903.595       13897.569       2.7272500      -1.6745000      0.89750000       341.63700      0.42501465       1.5227338
2007.0000       288.59711       98905.572       13931.132       4.3817500      -1.2955000      0.27400000       341.30400       1.8633217      0.56068144
2012.0000       288.63459       98910.665       13999.851       4.6967500      -2.4370000     0.038750000       341.40200       3.9420858      0.97442734
2018.0000       288.65863       98911.273       14036.191       3.5875000     -0.70175000    -0.037750000       341.48700       4.0997315       1.1749978
2023.0000       288.69526       98905.156       14054.862       3.0700000      -1.5437500      0.11900000       341.62600       6.4855844      0.95691608
2028.0000       288.71114       98904.532       14065.128       3.8300000      -1.1745000      0.49950000       341.59300       7.0080034       1.2062380
2033.0000       288.68714       98906.015       14032.173       2.9687500      -1.5352500     -0.38650000       341.36400       7.8926370       1.2222447
2038.0000       288.70080       98905.067       14033.854       2.6387500      -1.0795000     -0.27200000       341.72700       6.7390312      0.84857037
2043.0000       288.73691       98904.763       14059.987       1.4400000     -0.82025000      0.15225000       341.90800       3.8832060      0.96883870
2048.0000       288.75700       98905.789       14068.271       2.4425000     -0.71000000      0.26525000       341.82100       4.9926620       1.1631981
2053.0000       288.78204       98904.768       14065.918       3.5562500      -2.0417500     -0.44925000       341.60800       1.9108018      0.90493170
2058.0000       288.81248       98905.193       14089.050       2.9270000     -0.87800000      0.70700000       341.78700       2.6657965       1.3631999
2063.0000       288.82591       98909.922       14102.108       2.7617500     -0.61400000    0.0077500000       341.80400       8.0044887       1.3221885
2068.0000       288.85981       98911.630       14147.422       3.1977500      -1.3445000     -0.14450000       341.67000       1.9771149      0.99656002
2073.0000       288.95894       98910.418       14287.550       3.2575000      -1.5962500     -0.18525000       341.46400       7.0805441       1.0471109
2078.0000       288.96752       98910.477       14311.254       2.4927500      -1.3870000      0.25775000       341.65000       6.2695419      0.68429563
2083.0000       288.92060       98910.448       14287.644       3.2525000     -0.56350000     -0.39100000       341.28800       7.8483460      0.93998797
2088.0000       288.89650       98910.508       14259.400       2.8522500     -0.95550010     -0.33250000       341.62800       5.7162689       1.4081712
2093.0000       288.81065       98910.234       14137.313       2.4715000     -0.89075010      0.53150000       342.03900       8.3663388       1.2984738
2098.0000       288.77803       98910.194       14078.825       3.0880000     -0.80400000    -0.013000000       341.72200       2.2533379       1.4068927
2103.0000       288.81317       98907.711       14074.197       2.7892500      -1.0230000     0.049750000       341.58300       6.2143784      0.89237838
2109.0000       288.79558       98911.336       14020.883       1.6425000     -0.61325000      0.10025000       341.91400       3.9069237      0.98183561
2114.0000       288.73583       98920.922       13938.496       3.2932500      -1.4435000     -0.28275000       341.65200       7.5754821       1.0611659
2119.0000       288.74841       98921.594       13925.381       2.5342500      -2.0775000     0.014250000       341.88200       3.7371441      0.72183404
2124.0000       288.78474       98921.730       13923.000       2.6127500      -1.5230000     0.093750010       341.79700       2.1269549      0.88517534
2129.0000       288.81066       98920.529       13943.514       2.8305000      -1.4742500      0.44925000       342.09200       5.6127103       1.2131163
2134.0000       288.93339       98907.894       14075.069       3.0812500      -1.9142500    -0.043500000       341.92500       7.4132963       1.2442967
2139.0000       288.91146       98908.341       14067.929       3.2202500      -1.2265000     0.052250000       341.81500       7.9806962       1.3182074
2144.0000       288.76339       98918.687       13987.390       3.3832500     -0.76425000       1.3362500       341.88400       4.7094827      0.86963276
2149.0000       288.71951       98922.717       13936.884       4.5490000      -1.7632500     0.094250000       341.35500       2.8440942      0.89023384
2154.0000       288.63333       98929.188       13800.983       4.6697500      -1.1307500     -0.42750000       341.54000       6.3486511       1.0378031
2159.0000       288.62768       98933.665       13768.504       3.8317500      -1.1767500     -0.41825000       341.27400       3.1046695      0.71462064
2164.0000       288.75218       98935.666       13823.810       2.5462500      0.84125010     -0.49750000       341.69500       3.0576060       1.1978211
2169.0000       288.76932       98936.028       13819.018       4.8025000     -0.53950000    -0.013750000       341.29800       3.9120506       1.0306116
2174.0000       288.74639       98935.009       13817.685       3.8485000      -1.3715000     -0.85675000       341.35700       4.0559238       1.3006953
2179.0000       288.75624       98936.032       13826.385       2.3037500     -0.16275000      0.62675010       341.73300       5.5024428       1.1544236
2184.0000       288.74325       98935.883       13810.730       2.5820000      -1.0277500      0.23350000       341.74000       6.6843521       1.2413233
2189.0000       288.74958       98934.962       13822.599       3.3400000     -0.43950000     -0.19025000       341.49600       4.5476735      0.95509496
2194.0000       288.82222       98934.901       13889.453       4.1092500      -2.0835000     -0.29975000       341.65200       4.1239514      0.71378941
2200.0000       288.79550       98936.110       13897.254       3.6697500      -1.7187500     -0.14550000       341.77500       10.318194      0.88348237
2205.0000       288.69841       98932.852       13863.697       4.2972500    0.0092500000      0.30125000       341.84300       10.168708       1.2283709
2210.0000       288.67721       98937.470       13869.834       5.2260000     -0.22150000      0.21050000       341.37800       8.7004829       2.2176656
2215.0000       288.64023       98951.675       13874.703       3.0387500      -1.4782500   -0.0040000000       341.56300       5.1058748       1.0212588
2220.0000       288.63755       98953.114       13874.331       4.4060000      -1.4455000      0.45625000       341.66000      0.25309759      0.75292895
2225.0000       288.72218       98951.713       13922.757       6.0100000      -2.5725000     -0.14275000       341.51100     -0.96188804      0.49096101
2230.0000       288.69555       98949.833       13873.930       3.2120000      -1.5392500     0.046500000       341.50100       3.2344070       1.0047937
2235.0000       288.59041       98939.623       13735.448       3.8355000     -0.38875000     -0.29250000       341.63700       1.3514367      0.98312942
2240.0000       288.58785       98937.253       13709.213       3.1500000     -0.23950000      0.32525000       341.88100       2.7177115       1.1685145
2245.0000       288.58692       98938.441       13681.996       4.7115000      -1.0115000     0.083000000       341.55900       7.9959775      0.92275403
2250.0000       288.60401       98942.154       13684.722       4.2412500      0.62775000      0.24450000       341.38800       2.5361156       1.4536025
2255.0000       288.70573       98951.404       13773.396       5.1842500      0.71425000     0.015750000       341.28900       3.6599017       1.0029899
2260.0000       288.72789       98951.707       13801.380       5.3135000     -0.27700000     -0.25650000       341.45900    -0.066742629      0.99305042
2265.0000       288.70904       98951.708       13798.146       3.7897500     -0.68825000     -0.50025000       341.47600       3.4361502       1.0444403
2270.0000       288.68978       98949.808       13809.714       2.7105000     0.023000000      0.35125000       341.71900       3.9946802       1.0929193
2275.0000       288.65438       98937.961       13834.996       2.1547500     -0.31450000      0.68150000       341.79400       6.3979793      0.96908073
2280.0000       288.63447       98939.476       13837.965       7.2190000     -0.45425000     -0.13675000       341.40000       7.8982880       1.3972503
2285.0000       288.59697       98949.700       13820.774       6.6107500      -1.3810000     -0.33100000       341.46500       7.1384243       1.1871838
2291.0000       288.60004       98960.320       13819.057       5.9187500      -1.9807500     -0.12900000       341.48800       5.8065866      0.85496614
2296.0000       288.60001       98962.710       13818.494       4.2162500      -1.1130000     -0.48675000       341.57400       2.2522024      0.80344917
2301.0000       288.60022       98954.452       13832.833       4.5497500      -1.4585000    -0.083250000       341.42100       3.7735202       1.0208179
2306.0000       288.60020       98950.541       13834.064       5.7982500     -0.97775010    -0.080000010       341.13200       7.7819525       1.2696127
2311.0000       288.60012       98946.630       13828.513       4.8307500     -0.67725000     -0.38950000       341.31100       3.4609621       1.3956628
2316.0000       288.59998       98937.779       13813.145       4.8682500     0.065500010      0.13100000       341.35600       7.8283097       1.0494202
2321.0000       288.59998       98940.328       13809.315       4.0192500       1.4190000      0.96100000       341.42300       5.2777808       1.4075550
2326.0000       288.59408       98951.586       13796.579       4.4680000     -0.19725000      0.26850000       341.45100       4.6756817      0.97335472
2331.0000       288.64516       98951.211       13849.886       4.6292500      0.61825000      0.45425000       341.48300       3.6175784       1.1278647
2336.0000       288.65672       98951.475       13857.388       5.3667500      -1.4470000     -0.31775000       341.38500       3.3792140      0.88144624
2341.0000       288.65517       98943.169       13833.574       4.2620000      0.90475000      0.50800000       341.39900       5.1736881       1.1828742
2346.0000       288.65642       98938.944       13825.787       6.5940000     -0.44350000    -0.059500000       341.21000       1.7783336      0.93016701
2351.0000       288.64532       98937.176       13811.062       4.6217500      0.44375000     -0.36250000       341.56200       5.6835103      0.79806509
2356.0000       288.59322       98940.996       13755.928       3.3257500      -1.3475000      0.25800000       341.51400       4.9855914       1.1396262
2361.0000       288.58452       98938.833       13760.831       3.9692500      -1.8375000     -0.61000000       341.45600       8.4579557       1.2376807
2366.0000       288.60638       98935.455       13816.388       4.7785000      -1.5295000     0.078000000       341.52100       5.7048181       1.2419229
2371.0000       288.56925       98931.610       13777.773       3.7832500     -0.83725010      0.48500000       341.43000      0.66661378      0.90226314
2376.0000       288.54900       98929.418       13755.346       3.7715000      -1.9737500    -0.046000000       341.44600       6.7841483       1.1582941
2382.0000       288.50940       98934.651       13679.478       2.8815000      -1.3305000      0.86275010       341.63300       6.9712311       1.0602625
2387.0000       288.49093       98931.314       13646.534       5.0822500      -1.5655000     -0.49000000       341.33800       1.2823097      0.92506054
2392.0000       288.51406       98914.385       13664.357       2.7330000     -0.12850000      0.42200000       341.49600      -1.7151255       1.1349264
2397.0000       288.50290       98912.863       13655.292       2.1537500      -1.1102500      0.24000000       341.68900       7.4970835       1.0448032
2402.0000       288.45208       98920.835       13623.761       2.3020000      -1.5770000      0.49925000       341.66700       7.2214130      0.81651520
2407.0000       288.44332       98919.834       13623.344       3.2295000      -2.3040000     0.088250000       341.50300       10.555613       1.5548140
2412.0000       288.43023       98926.128       13616.471       5.8605000      -2.8600000    -0.041000000       341.30100      -10.267265       1.3494311
2417.0000       288.44282       98927.758       13640.384       5.7232500      -1.5957500     -0.32350000       341.44600       4.1320573      0.82125991
2422.0000       288.53901       98913.100       13742.741       4.8315000     -0.95500000     -0.44975000       341.42300       4.0077493       1.4301153
2427.0000       288.56720       98907.353       13781.827       5.1080000      -1.8247500     -0.36525000       341.22200       4.5983554      0.94662164
2432.0000       288.55618       98910.372       13795.145       5.0900000      -2.8637500    -0.023750000       341.31300       6.3241723      0.76080164
2437.0000       288.55487       98910.410       13809.736       5.2350000      -1.3127500    -0.088500000       341.31700       4.7625422       1.2540692
2442.0000       288.49505       98910.471       13764.384       4.2270000      -1.4412500     -0.97425000       341.49400       6.9672194       1.0548739
2447.0000       288.48786       98910.568       13764.915       3.5405000      -2.0010000      0.39325000       341.52600       8.5060648       1.3197920
2452.0000       288.54853       98911.736       13826.770       5.2395000      -1.3955000     -0.40075000       341.35200       6.8249583       1.4299924
2457.0000       288.55736       98910.617       13836.232       4.6052500     -0.81450000     0.068500000       341.12700       5.4016201       1.1251061
2462.0000       288.54198       98906.697       13814.568       3.2887500     -0.85775010    -0.011000000       341.52500       2.9817371      0.99732154
2468.0000       288.55406       98904.206       13821.379       6.3282500    -0.093500000     -0.56825000       341.35600       4.9812828       1.1073217
2473.0000       288.52992       98900.810       13793.572       5.1197500      -1.6790000     -0.43125000       341.46800       2.0113640      0.95335443
2478.0000       288.54737       98899.220       13806.559       5.0167500     -0.72350000     -0.35400000       341.52800       3.6797681      0.88573767
2483.0000       288.63261       98900.172       13873.372       3.2712500     -0.84950010     -0.16400000       341.68500       3.8407799       1.2148204
2488.0000       288.66849       98900.154       13918.200       4.7187500     -0.92625000      0.27150000       341.55400       1.9788097       1.1974207
2493.0000       288.69533       98900.101       13963.738       4.1205000      0.38400000    -0.064000000       341.57800       5.6304163       1.1559746
2498.0000       288.71163       98900.042       14009.736       5.2305000       1.0767500     -0.24325000       341.35600      0.54730750       1.1855998
2503.0000       288.70057       98900.244       14065.991       5.6850000     -0.38150000      -1.1610000       341.19700       1.7365106       1.1547321
2508.0000       288.70084       98900.266       14102.291       5.0187500      0.58650000     0.084500010       341.51100       6.3898065       1.1000807
2513.0000       288.72582       98900.345       14158.655       4.3035000      0.77125000      0.89050010       341.40000       5.4520680       1.3141354
2518.0000       288.69866       98900.385       14150.020       5.3005000      -2.3152500     -0.88200000       341.28000       7.1659295       1.0749099
2523.0000       288.61071       98900.378       14070.326       5.2172500     -0.90325000     -0.41950000       341.46500       3.7859029      0.77026676
2528.0000       288.58461       98900.419       14033.316       3.7242500     -0.61075000     -0.23675000       341.60400       8.5841236       1.2197043
2533.0000       288.54762       98899.263       13974.779       4.4390000      -1.8345000     -0.41075000       341.50400       6.1305557       1.5807845
2538.0000       288.53582       98900.788       13924.920       4.5790000     -0.69000010     -0.26850000       341.31000       6.6548984       1.5796436
2543.0000       288.59451       98904.126       13916.369       3.6647500     -0.45725000    -0.057000000       341.67300       4.3964070      0.85712305
2548.0000       288.61080       98906.163       13869.955       4.1695000     -0.36025000      0.58575000       341.72200       1.1790546      0.77000267
2553.0000       288.59976       98907.158       13762.844       4.4372500     -0.17200000     -0.31350000       341.73200       4.8788710      0.85671008
2559.0000       288.59968       98912.526       13710.198       5.1752500     -0.90150000     -0.28950000       341.49000      -7.6992828       1.2496668
2564.0000       288.58870       98918.943       13674.900       4.2527500     -0.14100000     0.055000000       341.50900       3.6476371      0.96073065
2569.0000       288.60485       98922.973       13679.135       4.1080000      -1.1427500      0.51550000       341.38900       6.0248825       1.3329772
2574.0000       288.64180       98930.258       13742.096       5.1290000      -2.2070000     -0.73850010       341.35500       2.4412083      0.90703758
2579.0000       288.66159       98933.072       13779.786       4.1095000     -0.78700010      0.22000000       341.70200       2.6396578      0.91102158
2584.0000       288.68758       98930.385       13812.956       4.4700000      -1.8125000     -0.83250000       341.53800       4.5057228       1.0078683
2589.0000       288.71761       98930.428       13884.370       3.5790000      -1.5877500     -0.47700000       341.37300       4.9055961      0.73412066
2594.0000       288.75270       98929.117       14001.255       4.2252500      0.26750000      0.45700000       341.51400       7.7968034      0.92233353
2599.0000       288.75625       98930.705       14050.801       4.2877500      -1.8612500     -0.11000000       341.26600       4.4622293       1.4797246
2604.0000       288.75649       98934.446       14112.242       3.6222500     -0.61225000      0.25825000       341.35100       5.2534906       1.1773221
2609.0000       288.75033       98936.434       14130.181       6.4362500    -0.088750000       1.0647500       341.45100       6.5654617       1.2149875
2614.0000       288.68958       98941.480       14055.635       5.3272500     -0.44125000     0.084750000       341.43900       4.8563588       1.2984108
2619.0000       288.69213       98941.283       14050.947       3.5222500     -0.30250000      0.86425010       341.63400       5.5235036       1.2557357
2624.0000       288.75253       98936.123       14086.391       3.2112500     -0.88100000    -0.016250000       341.64200      -12.658182       3.2417778
2629.0000       288.75605       98934.096       14076.945       3.5402500      -1.5737500     -0.20000000       341.38300       4.4330822       1.1266276
2634.0000       288.75753       98930.379       14068.598       2.5785000      -1.0167500     -0.29025000       341.50600      -12.081430       1.7690620
2639.0000       288.75155       98928.986       14042.427       4.7252500     -0.72500000     -0.16625000       341.30300       5.1502613       1.2330914
2644.0000       288.68898       98930.352       13951.532       2.8192500     -0.81750010      0.59125000       341.67300       3.2574556       1.0877493
2650.0000       288.69469       98930.406       13943.967       2.1945000      -1.0332500      0.41400000       341.53000       3.3543658       1.0289949
2655.0000       288.74644       98932.290       13976.813       3.0817500     -0.66650000      0.11550000       341.63600       4.5998843      0.99243837
2660.0000       288.76635       98928.650       14001.451       2.9647500     -0.33875000      0.22575000       341.85900       5.6604338      0.83385666
2665.0000       288.80286       98921.205       14069.936       2.3582500      -1.4735000    -0.082000000       341.97200       6.0162960       1.1132993
2670.0000       288.81400       98917.247       14099.051       2.2825000     -0.35200000     -0.12325000       341.70700       3.5356844       1.2176834
2675.0000       288.79109       98909.879       14095.635       4.0287500      -2.5422500     0.011750000       341.56500       6.1761991      0.97023456
2680.0000       288.81018       98907.734       14135.558       2.7752500      -1.2950000      0.44700000       341.66800      -7.2076095       1.5370392
2685.0000       288.85514       98910.477       14198.862       3.2177500     -0.77250000      0.29700000       341.60100       7.1038566       1.1669703
2690.0000       288.85666       98910.569       14229.643       4.1657500     -0.41000000    -0.091500010       341.54400      -2.1860090       1.0575395
2695.0000       288.84733       98910.142       14263.813       4.6820000     -0.50000000     -0.18150000       341.16200       4.8319253       1.0377217
2700.0000       288.85731       98910.082       14294.269       3.4817500     -0.86575000     -0.93600000       341.42300       4.7845152      0.90354957
2705.0000       288.83409       98910.442       14291.457       3.8222500     -0.70650010      0.34650000       341.42200       6.3848242       1.2862085
2710.0000       288.86128       98910.501       14325.040       4.2372500      -1.3517500    -0.046750000       341.38500       6.0287162      0.84079296
2715.0000       288.96655       98911.304       14414.236       2.6252500     -0.75875000      0.13825000       341.83700       4.1622101       1.1057080
2720.0000       288.95938       98909.400       14404.238       2.8305000      -1.5617500      0.10950000       341.46700       4.1299228       1.0238438
2725.0000       288.91915       98904.593       14371.923       1.7390000     0.034750000     0.042750000       341.93700       3.7771571       1.0287962
2730.0000       288.87144       98904.428       14299.133       3.7885000      -1.5347500     -0.10450000       341.60100       2.8467225       1.3514321
2735.0000       288.73774       98904.371       14141.042       2.5325000      -1.1257500      0.50175010       341.82100       4.7475765      0.73058822
2741.0000       288.74515       98908.879       14033.484       2.9800000      -1.4730000     -0.28725000       341.45300       6.1769827       1.4871857
2746.0000       288.74407       98910.988       13948.351       2.9522500      -1.6865000     -0.53575000       341.36900       1.1417569      0.97621755
2751.0000       288.78515       98911.834       13860.442       3.7487500      -1.2475000     -0.31350000       341.67500       6.5848546       1.0191322
2756.0000       288.80643       98910.975       13805.126       2.5590000      -2.0500000     0.022250000       341.41300       4.3049517      0.96740171
