MIRICO/SHELL project - Processed LDS file generated on
Mon Jul 31 14:10:19 2017
Time stamp for record start
05/09/2017  11:26:21.0000
Nb of points in the record
         520
Beam position index
       1.0000000
Beam angle (degrees)
      -18.450000
Open Path length (m)
       34.890000
****************** Temporal data record ************************
Elapsedtime_sec Temp_K Press_Pa Humidity_ppmv WindX_m/s WindY_m/s WindZ_m/s Speedofsound_m/s CH4vmr_ppmv CH4vmrerror_ppmv  
      0.00000000       283.82406       101448.75       7178.6598      -2.5875000       2.4982500     -0.50875000       338.11100       3.6580706     0.071199752
       2.9999837       283.84876       101446.54       7199.8823      -2.3335000       1.2297500      0.27550000       338.30900       4.0892896     0.014113198
       6.0000077       283.86904       101447.05       7219.4701     -0.88950000       1.1900000    -0.075000000       338.67900       3.6026473     0.012830527
       9.9999860       283.88943       101464.53       7252.1046      -1.5007500      0.79000000    -0.019250000       338.77000       3.3411626     0.017301069
       13.000010       283.90210       101466.49       7267.8504      -2.1310000       1.5935000      0.47575000       337.93700       3.3028293     0.012379903
       15.999994       283.91025       101467.09       7279.1751      -1.6505000      0.56600000      0.71425000       338.44000       3.1262115     0.012310455
       20.000012       283.88605       101467.18       7262.7857      -1.1037500       1.7117500      0.95900010       339.62600       3.2779610     0.012015687
       22.999996       283.89132       101467.44       7271.3380      -2.2462500       1.6060000     0.037250000       338.54200       2.5169102     0.015801002
       25.999980       283.90114       101466.37       7283.3681      -1.3470000       2.0000000      0.12050000       338.67100       2.2972589     0.011187336
       29.999998       283.89219       101448.79       7296.3467      -1.3990000       1.5895000     -0.22600000       339.08200       2.0695459     0.013613851
       32.999982       283.92008       101446.58       7315.6415     -0.23600000       1.0395000      0.19150000       338.96300       2.1456918     0.011786174
       36.000006       283.96125       101447.01       7340.7457     -0.57825010      0.89925000      0.28750000       339.27300       2.0623410     0.011700499
       39.999984       284.07769       101464.91       7396.3916     -0.38550000       2.7217500      0.33675000       338.27600       2.1127942     0.010310198
       43.000008       284.13123       101466.98       7432.6624      -1.7532500       1.3890000    -0.055250000       338.34800       2.0710849     0.011419688
       45.999992       284.18477       101467.72       7470.9349      -1.2955000       1.5597500     -0.26325000       338.69700       2.0895627     0.014605827
       50.000010       284.34845       101467.53       7565.4608      -2.6570000       2.2452500     -0.29100000       338.17200       2.2919256     0.011530158
       52.999994       284.38289       101467.78       7595.1657     -0.84725000       3.9395000     -0.47500000       338.04400       2.3091192     0.011315758
       56.000018       284.39014       101466.62       7614.3729      -1.3495000       1.1092500    -0.057500000       338.81000       2.8190448     0.015913384
       59.999996       284.30201       101449.09       7635.3270     -0.93375000       3.9495000     -0.22750000       338.05300       3.1891136     0.016011790
       62.999980       284.27346       101446.79       7633.6247     -0.77525000       3.7195000      0.16475000       337.84500       2.8687831     0.015805816
       66.000004       284.23588       101447.20       7618.1472     -0.35650000       2.1657500     -0.16625000       338.81100       8.1320382     0.019472355
       69.999982       284.10870       101467.64       7533.0865      -2.5980000       1.1322500     -0.52250000       338.42300       4.8803843     0.018617574
       73.000006       284.05260       101468.72       7495.4704      -2.6502500      0.53025000    -0.091750000       338.41700       3.8081030     0.012147764
       75.999990       284.00580       101467.50       7457.6418      -1.5850000       2.9100000      0.21100000       338.24800       3.6659419     0.016802753
       80.000009       284.01803       101456.07       7411.2302      -1.3722500       2.6660000     0.047500000       338.01700       3.5116128     0.015946480
       82.999992       283.97773       101455.47       7367.7303      -1.6880000       2.9402500     -0.15275000       338.28800       2.9984950     0.010974803
       86.000016       283.92857       101454.86       7322.3419      -1.6882500       3.5085000     -0.27575000       337.85700       3.2843721     0.013793003
       89.999995       283.78046       101442.14       7249.2833      -2.0072500       2.1045000     -0.62375000       338.08600       3.1460332     0.011955536
       93.000019       283.74258       101440.46       7207.9364      -1.6897500       1.5215000      0.60000000       338.49200       2.4373146     0.011000810
       96.000002       283.71804       101441.99       7168.1866      -2.2062500       1.9790000    -0.085500000       338.74600       2.4379847     0.016287269
       99.999981       283.65632       101468.49       7071.9520      -2.9605000       2.0665000     -0.22325000       338.09400       2.2688142     0.011338188
       103.00000       283.65803       101473.20       7046.0765      -2.5120000       2.1652500     -0.14350000       338.14100       2.5858291     0.011158497
       105.99999       283.68683       101475.21       7035.4680      -2.8065000       1.1092500     -0.70300000       337.82700       2.9940454     0.012604065
       110.00001       283.89960       101464.03       7090.5841      -1.4025000       2.1157500     -0.38925000       338.43400       3.1892384     0.010836354
       112.99999       283.95673       101464.59       7095.3846     -0.82925000       2.3852500    -0.058250000       339.27900       3.5725177     0.020985040
       116.00001       283.99983       101465.61       7100.5384      -1.3690000       2.2927500      0.71950000       339.23600       2.7546345     0.010671044
       119.00000       284.02606       101466.71       7125.0278     -0.59350000       1.4082500     -0.14550000       338.65600       2.1386025     0.015172488
       123.00002       284.06338       101464.94       7142.5075     -0.79825000       1.2500000     -0.53175000       339.13900       2.1219026     0.010801834
       126.00000       284.07586       101464.13       7149.5250      -2.2800000       1.4130000     -0.64250000       338.97800       2.1228155    0.0094317840
       128.99998       284.00008       101471.25       7103.2545      -3.3177500       1.9130000     0.053500000       338.57600       2.5683663     0.017577642
       133.00000       283.98804       101472.81       7104.5922      -2.4117500       1.8495000      -1.2010000       338.27200       2.5914453     0.010971556
       135.99999       283.98931       101471.92       7116.0100      -1.3802500       3.0662500      0.21650000       338.67500       2.2230349     0.010200386
       139.00001       283.99941       101469.24       7136.3775      -1.3677500       3.3230000     -0.21950000       338.24400       2.1067751     0.018667997
       142.99999       284.06419       101452.38       7198.4938      -1.5645000       1.7042500     -0.12025000       337.85000       2.9621751     0.010099606
       146.00001       284.05661       101452.48       7216.9855      -1.2290000       2.2910000      0.20450000       337.89700       3.5091742     0.011678797
       149.00000       284.03999       101454.83       7234.0072      -1.2107500       1.7662500      0.18900000       338.32700       4.5633389     0.020594232
       153.00002       284.02790       101468.36       7285.3750     -0.73000000       1.5437500     -0.67125000       338.23000       4.0038231     0.016206103
       156.00000       283.99255       101466.31       7283.0080     -0.70825000       1.0857500      0.76650010       339.12200       3.5328481     0.016188662
       158.99998       283.86936       101456.16       7230.7571      -1.4312500       1.8992500     -0.10550000       337.70800       5.5627866     0.023460361
       163.00000       283.80039       101455.28       7206.1029      -1.1940000       3.8330000     -0.41125000       338.19100       2.6672464    0.0089129638
       165.99998       283.75958       101454.67       7186.8450      -1.0420000       3.5005000     -0.24600000       337.91700       3.0959040     0.010636966
       169.00001       283.71473       101443.70       7147.5147     -0.29750000       3.0585000      0.35975000       338.09900       2.8792058    0.0095616442
       172.99999       283.68513       101440.75       7118.8634     -0.14050000       3.3097500      0.10850000       338.27400       3.4609792     0.016715481
       176.00001       283.67841       101442.14       7103.2497     -0.34600000       2.9970000     -0.70100000       337.63900       3.3729329     0.018596518
       178.99999       283.68496       101446.63       7092.6290     0.078000000       2.8710000     -0.23900000       337.46700       3.1082011     0.016254014
       183.00001       283.73581       101474.96       7102.2792      -65.536000      -65.536000      -65.536000       307.23200       3.6745367     0.020500002
       186.00000       283.75780       101474.87       7092.8603     -0.70950000       2.2745000     -0.15000000       338.45300       2.9381758     0.016222263
       188.99998       283.78449       101471.16       7082.2869     -0.83875010       1.9097500     0.063250010       338.88100       3.5075349     0.023108782
       193.00000       283.84892       101453.49       7069.1948     -0.47575000       2.0547500      0.53650000       339.22400       5.5732721     0.015883801
       195.99998       283.86925       101454.07       7055.9869     -0.55600010       3.4537500     -0.41650000       338.06000       3.6167111     0.018688395
       199.00001       283.88490       101457.50       7029.0175     -0.66850000       2.7820000     -0.17975000       338.38400       6.5820552     0.019156866
       202.99999       283.90303       101454.75       7009.8284     -0.42950000       3.3230000     -0.29100000       337.91100       4.9017463     0.018457243
       206.00001       283.91131       101453.70       6997.7307     -0.89200000       2.8817500    -0.041000000       338.69600       4.0022647     0.017021442
       208.99999       283.88519       101462.47       6975.6313      -1.1395000       1.5142500     -0.20150000       338.88000       3.3931024     0.016677663
       213.00001       283.89134       101467.20       6968.5576      -1.0025000       1.9507500     -0.73675000       337.96400       3.9948373     0.011284932
       216.00000       283.90113       101468.69       6969.8126      -1.2570000       1.6337500     0.099250000       338.23200       4.9842281     0.018273260
       219.00002       283.91510       101457.75       6981.1659      -2.4622500       1.6020000     -0.49525000       337.79100       5.4426655     0.022425196
       223.00000       283.93691       101453.96       6995.7329      -2.4280000       1.9317500     -0.47025000       338.29000       3.9320767     0.021166056
       225.99998       283.95843       101452.66       7011.6699      -2.1650000       1.3712500     -0.26950000       337.78400       3.0700593     0.016777058
       229.00001       283.98437       101452.69       7031.9276      -2.3535000       2.0235000      0.33975000       338.81800       4.3992703     0.030719355
       232.99998       284.03830       101463.28       7076.7202     -0.97800000       1.9117500    -0.017750000       338.76700       4.0091534     0.022971167
       236.00001       284.06835       101461.12       7100.5657      -3.6715000       2.2437500     -0.33100000       338.02100       2.9895245     0.016797951
       238.99999       284.09857       101457.15       7124.7373      -1.7305000       1.2815000     -0.12100000       337.48300       3.3345559     0.017855558
       243.00001       284.13975       101442.26       7159.4084      -1.3840000       1.2255000    -0.040250000       338.14100       3.1568187     0.015703934
       245.99999       284.16999       101443.57       7184.1478     -0.89425000      0.82125000      0.12375000       338.15600       6.5234387     0.017255750
       249.00002       284.21575       101457.61       7231.3464      -1.0937500       1.5245000      0.15125000       338.24100       4.4615329     0.020050729
       252.00000       284.24249       101457.59       7250.0935      -1.0980000       1.0352500      0.36700000       337.76600       5.5233465     0.016921580
       255.99998       284.27084       101456.07       7264.1592     -0.97600010       2.1425000     -0.31800000       338.47300       4.0204018     0.011771737
       259.00000       284.25531       101453.17       7264.5738     -0.74875000       1.4290000     -0.53225000       339.04700       6.0054790     0.026995583
       261.99999       284.27696       101455.34       7265.1123      -1.4527500      0.86850010     0.082750010       339.46800       4.5253773     0.017208942
       266.00001       284.31271       101456.87       7255.5388     -0.72825000      0.87900010      0.19500000       340.21200       6.0811990     0.019040967
       268.99999       284.34469       101456.99       7240.5697      -1.7030000       1.8410000     -0.95675000       338.43800       4.7703365     0.021146893
       272.00001       284.34753       101444.15       7175.7800     -0.63125000       2.2847500     -0.32000000       338.01100       4.2533796     0.017808533
       275.99999       284.41625       101441.84       7168.8095      -1.0830000       2.5950000     -0.38175000       338.46200       3.5645542     0.017773400
       279.00002       284.48409       101442.26       7172.9589     -0.83525000       2.2235000     0.031250000       338.20600       3.0102504     0.015131183
       282.00000       284.58053       101454.71       7155.5100     -0.70675000       1.8482500     0.083250000       338.37600       2.1725602    0.0098025418
       286.00002       284.70152       101457.97       7205.1691     -0.81350000       2.3275000     -0.31750000       338.65500       2.1038522     0.017081920
       289.00000       284.93753       101454.84       7338.6006     -0.55425000       3.3642500     -0.57500000       338.69000       2.1609797    0.0094164642
       291.99999       285.01490       101454.62       7397.2802     -0.96950010       2.3675000      0.79800000       338.25900       2.5417121     0.015456899
       296.00000       285.06787       101455.04       7469.6079     -0.32100000       2.4217500    -0.087000000       338.60400       2.5144362     0.010451306
       298.99999       285.06570       101463.49       7589.8248     -0.23075000       2.3395000     -0.40225000       337.80700       2.8368871     0.016048248
       302.00001       285.06289       101463.77       7633.8457      0.20525000       2.9277500     -0.11150000       338.47200       2.6983032     0.010475302
       305.99999       285.01096       101461.39       7652.7896     -0.53750000       2.4742500      0.20350000       339.64900       2.3359659     0.016597987
       309.00001       284.79992       101443.76       7579.5957      -1.0775000       4.4485000     -0.29275000       338.74300       2.4475683     0.016775739
       312.00000       284.70019       101442.05       7549.7276     -0.67325000       2.9010000     -0.20425000       338.64000       2.4771169     0.015864397
       316.00002       284.58098       101443.23       7497.0339     -0.62025000       4.2232500     -0.19675000       338.41300       4.9337308     0.018502546
       319.00000       284.50190       101446.70       7448.0807     -0.60200010       4.2122500      0.21275000       338.48000       4.5535663     0.018357589
       321.99998       284.40892       101456.80       7342.8102     -0.31025000       3.4712500     -0.47550000       338.81300       4.6621756     0.030580095
       326.00000       284.35317       101455.17       7285.7117     -0.40900000       2.4415000     -0.19075000       338.79900       3.4697930     0.015226952
       328.99999       284.33227       101452.94       7251.7522     -0.86050000       1.5457500     -0.38775000       339.60600       2.4462846     0.011479728
       332.00001       284.35562       101456.58       7236.6357     -0.29575000       2.1647500     0.026750000       339.75000       2.0752109     0.014058750
       335.99999       284.33543       101457.06       7194.2318      -2.3367500       1.4935000     -0.67350010       339.30000       2.0353380     0.019460775
       339.00001       284.36920       101446.92       7175.6706      -1.0527500       2.8597500      0.58325000       339.69000       2.0540603     0.024953692
       342.00000       284.36786       101441.41       7150.7421      -3.4560000     -0.20575000      0.67775010       340.62200       3.8110303     0.016450775
       346.00001       284.35210       101436.20       7114.6707      -4.3185000       2.6462500    -0.021750000       338.61400       5.9356168     0.011001157
       349.00000       284.25490       101438.33       7050.4960      -2.7825000       3.4702500     -0.86850010       337.79000       5.5589827     0.026812088
       351.99998       284.23646       101439.52       7024.8537      -1.8425000       3.0587500      0.62675010       338.79100       2.6391228     0.016775716
       356.00000       284.23255       101441.12       7004.0587      -1.9182500       4.3797500      -1.2990000       339.20400       4.4563666     0.018344235
       358.99998       284.24513       101442.33       6998.4529      -2.5657500       6.7832500     -0.53225000       337.43800       4.4667863     0.017266744
       362.00001       284.27190       101441.19       7015.0294      -1.7615000       4.8282500      0.20250000       339.01200       3.5171417     0.012063813
       365.99999       284.30457       101439.66       7010.1967      -4.2972500       4.8335000      -1.1442500       338.34900       2.8033878     0.016676961
       369.00001       284.34001       101438.54       7008.7551      -1.9570000       4.0165000     -0.55775000       338.23000       2.1974027     0.017290360
       371.99999       284.46189       101438.50       7031.4367      -2.2660000       4.8235000      0.23700000       338.48900       2.3939171     0.011074014
       376.00001       284.47776       101441.39       7028.5371      -2.0747500       3.4112500       1.0385000       338.46600       2.1051003     0.012066473
       379.00000       284.40925       101443.97       6985.6380      -1.5422500       2.5482500     -0.19375000       337.66100       2.5853656     0.014858159
       381.99998       284.40298       101444.40       6979.3132      -1.2935000       2.3105000    -0.017250000       338.95900       2.4658602     0.015086251
       385.00000       284.39688       101445.25       6979.6532      -1.0812500       2.7317500    -0.020000000       338.95400       6.1611247     0.022517380
       388.99998       284.34468       101452.88       6991.6281     -0.95800010       1.4882500     0.066000000       338.86400       2.9549727     0.021440153
       392.00001       284.33239       101455.89       7003.8589      -2.9107500       2.6935000     -0.55450000       338.25000       3.6733231     0.020068284
       394.99999       284.33339       101457.57       7022.3930      -1.4107500       2.5440000     -0.45225000       338.80800       3.6275670     0.023539629
       399.00001       284.44525       101450.55       7087.9445      -1.3517500       3.0102500     -0.59000000       338.65800       2.6025603     0.017401323
       401.99999       284.46395       101449.58       7117.3882      -2.3732500       1.4190000      0.80700000       339.29800       4.5104789     0.016090523
       405.00002       284.46937       101449.50       7144.0629      -1.2632500       2.1590000      0.41850000       338.71200       2.7691705    0.0098725008
       408.99999       284.45594       101450.77       7175.2047      -2.3932500       1.0520000    -0.080500010       338.85100       2.2405832     0.028023893
       412.00002       284.42909       101455.72       7207.6091      -1.0185000       3.0800000      0.34850000       339.29600       2.8739604     0.014530223
       415.00000       284.40643       101456.11       7220.3394      -1.1455000       3.0895000    -0.054000000       338.76300       4.0239384     0.018935079
       418.99998       284.36169       101455.96       7226.7490      -1.6312500       3.3620000      0.90675000       339.54900       4.9485914     0.018334488
       422.00000       284.24948       101454.89       7208.4280      -1.4580000       3.4452500     -0.15250000       340.35600       3.0481104     0.015500527
       424.99999       284.22600       101455.51       7209.4810      -1.0312500       2.0462500     -0.16450000       339.81400       3.9084401     0.021253499
       429.00001       284.21570       101459.23       7207.7065      -2.2197500       3.2772500      0.76625000       339.05600       2.8820447    0.0080515447
       431.99999       284.22060       101457.91       7204.0960      -1.5800000       2.8952500     -0.46550000       338.29800       3.4530507     0.016429594
       435.00001       284.23903       101455.68       7200.5201      -1.3925000       3.2460000      0.25800000       339.53900       2.7619917     0.015281954
       438.99999       284.30073       101445.24       7183.6356     -0.22900000       3.5762500      0.17525000       339.10500       5.6121514     0.012891047
       442.00002       284.34994       101444.18       7186.2992      -2.3115000       4.1335000     -0.31250000       337.85500       3.7155735    0.0099881961
       445.00000       284.40803       101444.02       7192.4999      -3.3500000       2.9300000    -0.019000000       338.74200       4.8891708     0.019321862
       449.00002       284.49927       101445.17       7206.2662     -0.86200000       1.8105000     -0.22975000       340.03000       3.8291884     0.011846772
       452.00000       284.58822       101446.61       7204.0996     -0.74075000       3.7880000     -0.50225000       338.93400       4.0076406     0.011593257
       454.99999       284.66895       101444.88       7223.9719      -1.5535000       3.8385000     -0.41800000       339.01300       3.3101879     0.011329802
       459.00000       284.78443       101442.62       7262.8128      -1.3617500       2.2630000    -0.050500000       338.55000       5.5134614     0.018004194
       461.99999       284.90158       101444.30       7309.0035      -2.5412500       1.9577500     -0.29700000       339.01300       3.1128407     0.014624037
       465.00001       284.98393       101446.18       7354.8743     -0.97225000       2.5212500      0.38350000       339.99800       2.9907184     0.010925490
       468.99999       285.11666       101448.31       7434.6414      -4.0365000       1.7457500     -0.13825000       339.02000       3.8565572     0.011698386
       472.00001       285.18418       101446.51       7491.0603      -1.6605000       2.0750000      0.88700000       338.93700       3.1661988     0.017904011
       475.00000       285.23775       101444.69       7550.9038      -3.5580000       2.1592500     -0.88350000       337.93400       3.8398632     0.011854872
       479.00002       285.22599       101442.48       7670.4586      -2.4060000       1.9312500      0.60950010       338.95100       2.6936868     0.017201011
       482.00000       285.26547       101444.32       7732.8679      -3.0105000       2.2985000     -0.32225000       338.32900       5.2795252     0.015477131
       484.99998       285.30936       101446.15       7788.4023      -2.9405000       1.6295000     -0.67600010       338.02000       4.0800052     0.024459191
       489.00000       285.43483       101448.28       7878.7935      -1.9345000       2.7912500      0.40725000       339.21600       4.7356554     0.012100251
       491.99999       285.45934       101446.49       7914.7166      -2.5840000       1.5627500     -0.60975000       339.03600       4.9387231     0.018307181
       495.00001       285.47057       101444.70       7935.4734      -2.5907500       2.0435000      -1.2587500       338.60200       4.2744725     0.017558718
       498.99999       285.46486       101442.32       7939.4384      -1.0982500       1.0540000      0.67725000       339.63700       3.3679995     0.013524863
       502.00001       285.52162       101442.11       7933.6009     -0.13125000       2.8507500     -0.17425000       339.24800       4.4739435     0.015210879
       505.00000       285.48146       101445.62       7901.5667      -1.7980000       2.4147500     -0.34525000       339.51400       2.5039519     0.017093044
       509.00002       285.37779       101451.69       7831.8192     0.074000000       3.0972500    -0.043250000       338.06400       3.8413882     0.010980061
       512.00000       285.12525       101457.12       7717.0350      -1.1387500       2.6590000      0.31650000       340.04800       2.9856944     0.015412649
       514.99998       285.05585       101456.04       7659.2272     -0.61175000       2.6615000     -0.27975000       338.35100       2.3514828    0.0097300870
       518.00001       285.00450       101454.08       7601.5721      -1.3777500       3.7542500     -0.60925000       338.85600       5.8837246     0.019593583
       521.99998       284.95610       101455.19       7499.0401      -1.5282500       1.2000000      0.35500000       340.97100       4.5729767     0.017412196
       525.00001       284.92046       101456.51       7442.2740      -1.3185000       1.5777500      0.42225000       340.31000       3.7955032     0.017048643
       527.99999       284.89850       101456.95       7391.5212      -1.5170000       2.3907500      -1.0632500       338.40400       3.3778923     0.016705915
       532.00001       284.96826       101446.57       7342.6282      -1.0622500       1.7170000      0.13125000       339.73500       4.1292630     0.019262335
       534.99999       284.95775       101442.85       7308.3039      -1.3625000       1.3657500      0.24000000       339.63800       3.5997192     0.015152298
       538.00002       284.93837       101440.01       7278.2456     -0.99000010       3.1387500      0.51075000       339.56400       3.5348015     0.013404026
       542.00000       284.82457       101444.22       7231.9208      0.64525000       2.1360000       1.5345000       339.83100       3.8703417     0.017427319
       544.99998       284.82802       101446.01       7213.0058      0.13625000       3.4995000      0.12200000       338.80400       4.0044263     0.015149735
       548.00000       284.84959       101447.77       7201.4803     -0.40025000       2.9602500     -0.38400000       340.09700       3.8938207     0.018027163
       551.99998       284.92700       101446.45       7208.2550      0.44325000       3.3900000     -0.47925000       337.38900       3.3277337     0.011616636
       555.00001       284.95319       101444.60       7210.2877      0.77825000       3.3702500     -0.20825000       337.42700       2.3242451    0.0096650305
       557.99999       284.98387       101442.75       7216.3301      0.41525000       2.2920000      0.16450000       337.67400       2.6950876    0.0099915562
       562.00001       285.09833       101444.03       7237.6726     -0.45075000       1.9665000     -0.16450000       338.81300       2.3462432     0.019269193
       564.99999       285.12771       101445.86       7246.9621     -0.52600000       2.8195000     -0.25625000       338.97000       2.4883470     0.022042062
       568.00002       285.14334       101447.71       7257.2491     0.015750000       2.1487500     -0.28650000       339.31500       4.2748982     0.013595669
       572.00000       285.07796       101444.17       7275.4057    -0.090750000       2.2960000     0.021000000       337.74400       3.0433854     0.013042909
       574.99998       285.09444       101444.02       7290.9372     -0.89800010       3.2805000      0.18600000       337.85300       4.6493693     0.014475627
       578.00000       285.11975       101444.75       7307.6167     -0.13075000       2.4497500     -0.25775000       337.98600       5.1294386     0.011156090
       581.99998       285.18405       101455.83       7322.1615     -0.14775000       2.2452500     -0.35400000       338.55200       5.2356032     0.013763524
       585.00001       285.20787       101457.54       7343.8511      -1.0095000       2.3237500      0.23050000       339.64500       3.7937545     0.028959592
       587.99999       285.23169       101457.93       7369.4341      0.18275000       1.3022500      0.26825000       339.23000       3.5944455     0.014706924
       592.00001       285.29834       101450.37       7424.8060      -1.1672500       2.1470000     -0.38050000       338.33800       2.9987274     0.033143011
       594.99999       285.31774       101449.41       7450.2636     -0.19100000       3.5105000    -0.037750000       338.75600       2.8540943     0.016436459
       598.00002       285.32809       101448.90       7473.9773     -0.92625000       2.9315000     -0.20250000       338.87100       3.3281597    0.0095432722
       601.99999       285.30029       101450.43       7524.8044     -0.47925000       2.4910000     -0.28975000       338.05600       3.6585656     0.020285624
       605.00002       285.30036       101450.47       7532.9049     -0.85325000       1.1407500     0.081750010       339.49500       3.8864916     0.039259253
       608.00000       285.30043       101450.51       7531.4188     -0.69650000       2.6425000     -0.15450000       339.09700       4.1768450     0.016458759
       611.99998       285.31080       101449.17       7494.7463     -0.23900000       2.3170000     -0.26100000       339.37600       3.2570044     0.013799734
       615.00000       285.30260       101450.01       7488.6039     -0.22825000       3.1962500    -0.093750010       338.48500       3.1188270     0.031898585
       617.99999       285.28991       101451.31       7481.5716     -0.74650000       3.2657500     -0.21375000       338.29900       3.2236357     0.014787287
       622.00001       285.32510       101457.85       7475.0364     -0.97075000       3.3367500     -0.35300000       338.75300       3.3588058     0.028591225
       624.99999       285.26400       101456.58       7449.5226     -0.23900000       3.7985000       1.4092500       338.56900       2.6283474     0.041359876
       628.00001       285.17632       101453.99       7418.5483     -0.81575010       3.5737500      0.50700000       339.11100       2.4306365     0.027401208
       631.99999       284.97703       101444.45       7395.1135     -0.71650000       3.8965000     -0.62000000       338.98100       2.7931817     0.014084897
       635.00002       284.87850       101444.33       7351.3461      -1.0017500       1.8792500      0.25450000       338.97000       2.1289097     0.014122254
       638.00000       284.77465       101445.09       7296.4986      -1.3240000      0.98150000      0.17350000       340.48100       2.1909002     0.048280420
       642.00002       284.51071       101447.51       7157.5819      -2.0740000       1.8410000      0.42250000       341.23200       2.1286368     0.014963592
       645.00000       284.43600       101444.82       7103.0446      -3.9102500      0.72200010     -0.52875000       337.50900       2.1733572     0.015027736
       647.99999       284.39282       101441.67       7054.7290      -3.6750000       1.7370000     0.017250000       337.68100       2.1612118     0.032951664
       651.00001       284.42243       101438.39       6974.3411     -0.76250000      0.95350000     -0.55025010       337.62100       2.2145926     0.043182249
       654.99999       284.43016       101440.21       6948.5376     -0.75275000      0.16850000      0.42450000       337.88600       2.0512378     0.028112892
       658.00001       284.45707       101442.14       6950.4630      -1.9927500     -0.72425000     -0.12925000       338.06500       2.1359128     0.042262374
       661.00000       284.53301       101442.77       6999.1199      -3.3175000       1.0200000     -0.40650000       338.13400       2.1368554     0.018013795
       665.00001       284.60849       101439.64       7025.6188      -3.2622500       2.0890000     -0.17025000       339.79800       2.1814264     0.014731130
       668.00000       284.67540       101437.29       7054.5892      -2.2930000     -0.65650000      0.10875000       340.23700       2.1641296     0.015509006
       670.99998       284.79082       101438.09       7130.0985      -2.8930000      0.87100010     -0.36300000       337.80600       2.1844366     0.015761037
       675.00000       284.87632       101441.34       7183.4204      -1.0745000     -0.36000000      0.16975000       340.20300       2.1217584     0.027178910
       677.99998       284.93529       101443.79       7220.4574      -2.6547500     -0.42725000     -0.18825000       337.73300       2.2075777     0.032428630
       681.00001       284.98187       101441.03       7221.1665      -2.1867500     -0.59525000     0.016750000       338.30200       2.1445942     0.012819130
       684.99999       285.07004       101438.79       7280.6564      -2.1315000      0.62825000      0.12725000       338.53900       2.1775555     0.029239240
       688.00001       285.13647       101437.68       7334.7147      -2.4620000      0.77275000     -0.18350000       339.13900       2.1838686     0.032794897
       690.99999       285.18251       101444.17       7401.4670      -1.8622500     0.081250000      0.28450000       338.01100       2.1817346     0.029072428
       695.00001       285.26488       101447.02       7487.6422      -1.8385000      0.53625010     -0.27725000       337.86400       2.3008096     0.022077354
       698.00000       285.33188       101448.10       7559.1716      -2.0582500      0.97675010      0.47150000       338.71100       2.7744923     0.027424855
       700.99998       285.50133       101439.64       7698.8130      -1.9300000       1.6115000     -0.10725000       337.91900       2.4062518     0.015592476
       705.00000       285.54667       101438.65       7773.9494      -1.4012500       1.2157500       1.1452500       339.77700       2.4143353     0.015961309
       707.99998       285.54856       101439.48       7812.7450      -1.0742500       2.0585000     -0.97125010       337.98100       2.3198485     0.038801960
       711.00001       285.43716       101452.03       7840.4112      -1.2917500       1.0805000       1.1260000       338.96600       2.2105768     0.025414933
       714.99998       285.44702       101452.83       7860.4797      -2.1090000       1.2505000      0.52325000       338.96700       2.2348194     0.016249776
       718.00001       285.45956       101451.37       7858.3974     -0.86550000       2.4435000     -0.87600000       338.69500       2.1508666     0.012643320
       720.99999       285.38606       101438.79       7770.6860      -1.2287500      0.40325000      0.38625000       339.51700       2.5762682     0.028358554
       725.00001       285.42295       101438.60       7762.5907     -0.52675000       1.0207500    -0.018250000       340.57400       4.9644515     0.039136003
       727.99999       285.48285       101440.03       7765.0208     -0.86925010       3.3695000      0.31600000       341.56600       5.4810098     0.018543630
       731.00002       285.69806       101447.92       7797.6286      -2.0067500       3.0577500     -0.80625000       339.07100       5.2447271     0.038881031
       735.00000       285.78839       101445.90       7791.1394      -1.1767500       2.8512500    -0.041250000       339.77100       3.2277245     0.016814280
       737.99998       285.84038       101443.35       7783.4021     -0.33325000       4.1062500     -0.60675000       337.92000       4.9957408     0.033565945
       741.00000       285.95023       101438.41       7794.2511      -1.8607500       4.0030000      0.21025000       339.84000       5.3427659     0.041426580
       744.99998       285.94293       101440.21       7784.6341     -0.72550000       3.0657500    -0.056500000       338.60700       2.9578267     0.030932871
       748.00001       285.89503       101442.11       7769.8371     -0.93775000       2.5667500     -0.41000000       339.64800       4.2817551     0.031793645
       750.99999       285.81196       101442.51       7772.1253     -0.85875000       2.7722500    -0.098500010       339.70100       4.1892160     0.022032798
       755.00001       285.65246       101439.29       7697.1687     -0.93775000       1.1725000    -0.031000000       340.06000       3.1833271     0.023184901
       757.99999       285.49150       101436.87       7621.9409      -1.7707500       3.5767500      0.10100000       338.39700       3.2096829     0.026099038
       761.00002       285.13499       101438.02       7505.7446      0.29775000       3.1040000     -0.58550000       338.84700       4.0438121     0.036689425
       764.99999       284.92834       101441.22       7408.4672      -1.5092500       2.9897500     -0.13250000       337.70500       3.9631852     0.039494000
       768.00002       284.79399       101443.62       7331.4626      -1.1042500       3.2065000     0.081000000       338.84000       6.2420472     0.020508745
       771.00000       284.63027       101438.66       7182.3047      -1.2062500       2.7367500    -0.021750000       337.83500       3.8101737     0.033357267
       774.99998       284.48255       101438.56       7079.1074     -0.97225000       3.4360000     -0.17150000       337.61800       4.1942894     0.017208283
       778.00000       284.40319       101440.11       7018.4103      -1.1650000       2.9435000    -0.080750000       338.28100       3.5335465     0.023307077
       780.99999       284.37874       101456.81       6997.0597      -2.0377500       1.8057500     -0.38875000       338.38600       4.0711764     0.013818954
       784.00001       284.37055       101458.79       6965.1553      -1.3025000       3.2442500     -0.67375000       337.54600       2.8296620     0.024902965
       787.99999       284.39473       101457.21       6933.5976     -0.59650000       1.7577500      0.27050000       338.55700       3.5891433     0.049395847
       791.00001       284.43847       101439.37       6895.8496     -0.92725000       1.9677500     0.076750000       338.06500       3.8474758     0.033285918
       794.00000       284.47735       101437.84       6889.3870      -1.6032500       1.7305000      0.28700000       339.09100       4.0099928     0.034528660
       798.00002       284.55678       101438.64       6901.0518      -1.2517500       2.3005000      0.36400000       337.68300       3.0940691     0.038977658
       801.00000       284.82119       101447.86       6964.3959      -1.3652500       1.6895000     -0.34825000       338.00900       4.1101744     0.028092652
       803.99998       284.85591       101446.51       6984.6676      -1.5155000       1.8530000     -0.82200000       337.93500       3.2407084     0.028768856
       808.00000       284.84020       101443.34       7012.3330      -1.4007500       1.9657500     -0.75500010       338.23100       8.8777679     0.030317350
       810.99999       284.74455       101438.75       7078.7823     -0.86150000       1.4687500     -0.16925000       339.46200       5.2926896     0.033727983
       814.00001       284.68631       101440.08       7084.9607     -0.86650000       1.2350000      0.26300000       338.66100       4.0605757     0.022282419
       817.99999       284.57230       101442.50       7071.4045     -0.81250010      0.95925000      0.33425000       339.42700       5.7644276     0.028128761
       821.00001       284.28734       101438.98       7013.9808      -1.2045000       1.7265000      0.19275000       338.82000       2.5362277     0.019363102
       824.00000       284.20859       101438.61       6994.1583      -1.2197500       1.9732500      0.66150000       339.85000       5.7350161     0.026480792
       828.00002       284.15274       101440.24       6964.7651      -1.9492500       1.0755000      0.17425000       340.23400       4.3448795     0.029128280
       831.00000       284.15381       101453.42       6882.9719      -2.6947500       2.5962500      0.10050000       338.26700       9.8986897     0.034787538
       833.99998       284.16416       101457.47       6872.8024      -2.5682500       2.3580000     -0.99500010       337.73400       6.4337325     0.021550937
       838.00000       284.22005       101460.74       6883.5777      -1.8477500       2.4930000     -0.67550000       338.44600       3.2401875     0.024131958
       840.99998       284.40556       101454.58       6942.4814      -2.2950000       1.5865000     -0.44325000       338.37000       3.9453382     0.030610117
       844.00001       284.46353       101454.67       6965.3624      -1.2320000       1.3092500     0.067500000       337.51800       4.4438129     0.026782494
       847.99999       284.52705       101455.46       7002.4690      -1.7805000       1.1262500     -0.11200000       337.87300       5.1448849     0.016321541
       851.00001       284.61054       101465.07       7085.4931      -1.7057500       1.2910000     -0.12600000       338.05700       4.7326466     0.024313895
       853.99999       284.63070       101463.55       7109.5494      -1.2302500       1.1832500     -0.21875000       338.44000       6.0350336     0.036860036
       858.00001       284.62310       101458.06       7124.6157      -1.5710000      0.96725000     -0.12250000       338.94000       3.6934812     0.034876619
       861.00000       284.52557       101440.17       7101.0829     -0.61800000       1.4632500    -0.060000000       338.84400       3.8523227     0.037372654
       863.99998       284.50143       101438.09       7100.5521     -0.83925000       1.6152500     0.032250000       339.09300       4.5075384     0.029084081
       868.00000       284.46884       101438.09       7094.7608     -0.64400010       2.3865000     -0.61950000       337.95600       4.4612090     0.025715382
       870.99998       284.39835       101441.49       7056.2029      -1.4190000       1.3202500     -0.43100000       339.33000       4.6625356     0.022563984
       874.00001       284.38242       101439.74       7053.6610     -0.68575000       1.0095000    -0.069000010       338.50900       3.9681079     0.021928972
       877.99999       284.38223       101438.13       7060.1397     -0.88400010       1.3735000     -0.37200000       338.66200       3.1958460     0.023882348
       881.00001       284.43916       101444.29       7090.4954    -0.048750000       1.7555000    -0.023000000       339.39100       2.9082265     0.022097654
       883.99999       284.45141       101446.57       7099.3830      -1.1860000       2.5095000     -0.30775000       337.46500       2.7444874     0.015470581
       888.00001       284.46756       101448.21       7111.2094     -0.79675000       2.2412500     -0.14725000       338.77800       3.3896660     0.027116907
       891.00000       284.46926       101437.90       7125.5625     -0.67425000       2.5022500     -0.15225000       338.48100       5.0989010     0.031459414
       894.00002       284.49386       101437.55       7137.5888     -0.56825000       2.7275000     -0.39000000       338.60200       5.5657949     0.036858880
       898.00000       284.53355       101439.84       7152.1060      -1.1860000       3.4375000     -0.36825000       338.54200       4.9776117     0.029781122
       900.99998       284.57413       101458.35       7146.1019      -1.0562500      0.79900000    -0.030750000       339.79400       5.1512234     0.022631041
       904.00001       284.59803       101459.03       7157.2189      -2.0000000       1.5705000     -0.63025000       338.27100       5.3514949     0.029436118
       907.99998       284.63023       101455.69       7177.2746      -1.2040000       1.0685000     -0.14350000       338.95000       4.9473323     0.030053655
       911.00001       284.72748       101439.51       7215.1558     -0.85825000       1.9885000      0.37650000       339.32600       11.411467     0.045602136
       913.99999       284.72957       101438.61       7229.1614     -0.82000010       2.7580000     -0.38925000       337.51500       2.4689321     0.022799533
       917.00002       284.70914       101439.07       7240.1984     -0.54325000       1.6270000      0.24775000       338.74900       2.7522531     0.026009520
       920.99999       284.57044       101441.51       7254.5570     -0.68450000       2.5862500     -0.20975000       338.10200       4.9121130     0.018432938
       924.00002       284.54076       101439.80       7259.8007     -0.49550000       1.9062500     -0.51725000       337.91600       4.5150458     0.028174440
       927.00000       284.51598       101438.52       7261.0629     -0.84850000       2.2705000     -0.60150000       337.41100       3.4459805     0.036439890
       930.99998       284.43954       101443.05       7241.0191     -0.73375000       1.9967500     -0.19525000       337.39700       4.3964640     0.013015651
       934.00000       284.42494       101445.93       7237.8975     -0.79500000       1.6135000     0.048000000       338.66900       3.4575069     0.013047852
       936.99999       284.42806       101448.36       7235.6767     -0.80950000       1.7992500    -0.085500000       338.54100       3.7362548     0.023948633
       941.00001       284.55860       101446.99       7249.5939     0.039000000       1.5960000     -0.24725000       337.74800       2.5517873     0.019021869
       943.99999       284.56829       101445.20       7240.2312     -0.17050000       1.0932500      0.58350000       337.80300       2.9199023     0.028542252
       947.00001       284.56468       101443.41       7226.2338      -1.1605000      0.61725000     -0.21725000       338.49800       3.9115648     0.026739069
       950.99999       284.50729       101448.90       7192.0522     -0.74000000       1.3680000     -0.67275010       337.68900       3.2787954     0.021363318
       954.00002       284.50128       101447.97       7177.8398      -1.0882500      0.89900000      0.67350010       339.41000       4.9813040     0.036033325
       957.00000       284.49509       101445.18       7163.0196     -0.51825000      0.78075000      0.25400000       340.12500       8.9723800     0.038239597
       961.00002       284.43623       101424.29       7118.3079     -0.62125000       1.6502500     -0.11725000       339.34200       3.8844823     0.024789193
       964.00000       284.43240       101421.71       7105.3774      -1.4322500       2.9755000     -0.26025000       337.96700       5.4169862     0.026512180
       966.99999       284.44213       101421.83       7098.6841      -1.1410000       3.3012500     -0.66950010       339.02000       5.4491157     0.024107259
       971.00000       284.50794       101432.38       7105.8121      -1.0062500       2.7875000      0.10325000       339.08200       3.4880623     0.015153459
       973.99999       284.54480       101434.87       7113.7138      -1.1852500       2.9487500      0.38100000       338.77200       5.0896145     0.022149868
       977.00001       284.58605       101437.79       7126.1636     -0.71175000       2.0215000      0.55725000       339.29400       5.2067211     0.036040680
       980.99999       284.65851       101452.87       7158.1237      -1.2652500      0.91125010     -0.45100000       338.25300       6.5507069     0.028960782
       984.00001       284.70017       101454.24       7174.9061      -1.4542500       2.6162500      0.54800000       340.37900       5.3446542     0.030627948
       987.00000       284.74184       101452.94       7193.1195     -0.73175000       1.8862500      0.70075010       339.02500       5.1373652     0.027407343
       991.00002       284.85460       101433.95       7243.0565     -0.31625000       2.1117500   -0.0040000000       338.77700       3.6969065     0.020453746
       994.00000       284.87525       101433.14       7257.8009     -0.95825000       2.2667500     -0.32850000       337.93200       8.8711794     0.028284604
       996.99998       284.87782       101434.14       7266.8482     -0.89175000       1.3985000     -0.26225000       338.93500       3.0885385     0.025346519
       1001.0000       284.81904       101440.95       7264.2009      -1.6375000       1.5245000       1.1692500       338.20900       4.8798658     0.031318330
       1004.0000       284.80644       101440.32       7264.5226      -1.0080000       1.3780000      0.83650000       339.96300       4.2022504     0.028125345
       1007.0000       284.78938       101439.70       7261.4425     -0.38050000       3.0425000      0.18700000       338.85400       3.1312708     0.026337177
       1011.0000       284.74791       101446.80       7252.7158     -0.36125000       3.1107500      0.28075000       339.78400       4.0095273     0.031525545
       1014.0000       284.70514       101447.71       7237.3516    -0.038000000       2.8832500     -0.21000000       339.67500       6.4022814     0.028084576
       1017.0000       284.65796       101446.84       7217.5589     -0.17200000       2.4505000      0.58325000       339.62400       5.2858643     0.024110428
       1021.0000       284.59805       101427.96       7185.4986    -0.074750010       3.2937500     -0.37150000       337.53600       4.9353042     0.030015483
       1024.0000       284.55554       101426.68       7159.2877     -0.94575010       2.9577500     -0.35900000       337.95000       3.5131703     0.038554399
       1027.0000       284.50861       101428.06       7129.0804     -0.40850000       2.4400000     -0.11825000       338.67200       3.7359107     0.014187820
       1031.0000       284.33801       101446.80       7053.7525     -0.14025000       2.1265000     -0.17500000       337.45900       3.3154099     0.032663954
       1034.0000       284.31246       101447.69       7024.6515      0.16550000       1.9265000     -0.46175000       337.59300       3.7135663     0.026296078
       1037.0000       284.31349       101446.80       7000.5598    -0.062750000       1.7487500     -0.49000000       337.69000       3.0002385     0.013586547
       1041.0000       284.41589       101439.90       6971.5366    -0.013000000       1.7255000      0.15675000       337.98900       5.3128725     0.038910109
       1044.0000       284.44054       101440.51       6957.1227      0.72950010      0.50275000      0.84425000       340.47100       3.5117414     0.029048489
       1047.0000       284.47004       101441.09       6948.3556     0.080500010       1.2302500      0.50425000       340.13500       2.5745341     0.035076224
       1050.0000       284.55523       101434.62       6945.4732     -0.64650010       1.6402500     0.027750000       338.46500       3.0292129     0.041841597
       1054.0000       284.61184       101433.03       6953.2579      0.40825000       1.5850000      0.11000000       339.18100       5.6242730     0.033374669
       1057.0000       284.64379       101433.94       6966.1693      0.85750000       2.3155000     -0.66600000       338.87300       4.4568031     0.024932949
       1060.0000       284.60638       101451.66       6991.8075      0.76650010       3.5782500     -0.15025000       339.00700       2.9643357     0.016015681
       1064.0000       284.63819       101454.21       7019.6416     -0.67850010       2.2152500    -0.099250000       340.73100       2.6860409     0.038769123
       1067.0000       284.67248       101452.95       7044.8803     -0.85650000       3.2612500     -0.83450000       337.88600       2.7728621     0.025794257
       1070.0000       284.75861       101435.78       7097.8665     -0.75000010       2.7990000     -0.21675000       338.87300       2.9860362     0.039005768
       1074.0000       284.80612       101433.42       7134.6624      0.46425000       3.0567500      0.24700000       339.69800       2.4970427     0.025682854
       1077.0000       284.83657       101433.21       7158.3583      0.94475010       3.7072500      0.17425000       340.01700       2.2601935     0.012256180
       1080.0000       284.88106       101433.24       7168.2561     -0.10600000       2.0162500      0.88725010       339.75800       2.7171500     0.011931845
       1084.0000       284.91278       101433.29       7197.8677      -2.2655000       1.9402500     -0.65100000       339.28600       2.5737701     0.038693745
       1087.0000       284.92598       101434.95       7220.1588     -0.61750000       2.7080000     -0.19400000       338.26600       2.3784187     0.014667748
       1090.0000       284.91411       101454.19       7241.4734     -0.84525000       1.0052500    -0.035750000       340.65800       2.2761635     0.039711821
       1094.0000       284.90606       101454.93       7266.4329      -2.0422500       2.0610000     -0.83800010       338.74400       2.1610774     0.033080406
       1097.0000       284.89479       101451.28       7285.0797      -1.5780000       2.0972500     -0.33200000       339.55300       2.1186818     0.019337886
       1100.0000       284.87933       101425.88       7325.7001      -2.9890000       2.2807500     -0.64025000       340.36100       2.0929507     0.016990481
       1104.0000       284.85522       101421.75       7343.1826      -2.5512500      0.57600000     -0.32850000       338.79900       2.0861534     0.029444075
       1107.0000       284.83200       101421.36       7348.2869      -3.5920000       1.6810000     -0.23825000       338.51700       2.0640942     0.033999705
       1110.0000       284.73251       101422.23       7326.9208      -1.8905000      0.17450000      0.26575000       339.14300       2.0667447     0.021200794
       1114.0000       284.72491       101422.32       7326.2311      -1.2830000       2.0615000     0.047000000       340.20300       2.1012320     0.032165695
       1117.0000       284.73987       101424.97       7325.0287      -1.8175000      0.49050000     -0.36650000       341.01200       2.0952071     0.025949173
       1120.0000       284.78335       101452.77       7297.9540      -2.1977500       1.6442500      0.21000000       340.09000       2.0809527     0.034579827
       1124.0000       284.83079       101456.86       7301.1379      -1.3157500      0.63425000      0.63675000       340.95100       2.1392104     0.043661600
       1127.0000       284.88186       101454.77       7311.3943      -1.2147500      0.63675000     0.053500000       340.51400       2.1070086     0.027614627
       1130.0000       284.96352       101426.52       7319.8198      -3.3280000       1.9845000     -0.40000000       337.75700       2.0615757     0.032210613
       1134.0000       285.08353       101422.61       7357.5661      -2.4717500       1.5145000     -0.17600000       338.20900       2.0895314     0.037961641
       1137.0000       285.18464       101422.28       7397.1214      -3.0212500       1.8757500     -0.46575000       337.92500       2.1439611     0.035342248
       1140.0000       285.34890       101422.55       7468.5210      -2.5062500      0.85825000     -0.41425000       338.36000       2.1342205     0.045250233
       1144.0000       285.46144       101422.57       7534.8534      -1.6362500       1.0802500      0.15800000       339.22200       2.1185568     0.041884820
       1147.0000       285.53533       101425.22       7587.8071      -2.6815000      0.78275000      0.11925000       339.26100       2.1843791     0.035304730
       1150.0000       285.72215       101449.65       7692.2578      -3.2495000       1.8182500     0.096000000       337.77500       2.2282212     0.058747323
       1154.0000       285.76433       101455.42       7754.1144      -2.9777500       1.5865000     -0.21200000       337.65000       2.1152708     0.036098848
       1157.0000       285.74291       101455.50       7785.8237     -0.84125010       1.8160000     0.082000000       338.29500       2.1750615     0.052229968
       1160.0000       285.54374       101438.75       7804.3888     -0.80375000       2.0040000      0.42275000       339.02400       2.1189647     0.045397948
       1164.0000       285.45646       101434.83       7813.0558      -1.5340000       1.5032500     -0.51500000       337.85200       2.2154633     0.048729601
       1167.0000       285.38584       101432.42       7804.7938      -1.4150000      0.80025010     -0.59125000       338.73100       2.1389722     0.039799412
       1170.0000       285.14098       101423.56       7736.7575     -0.73950000      0.77225010     -0.17475000       338.19100       2.1735862     0.060957942
       1174.0000       285.08618       101422.02       7710.4460      -1.4552500      0.33200000     -0.56275000       338.75300       2.1522305     0.042520825
       1177.0000       285.09804       101423.52       7693.0691      -1.2717500      0.35650000     0.051750000       338.79500       2.0218215     0.027816592
       1180.0000       285.26683       101440.30       7664.5686      -2.5197500       1.9202500     -0.41625000       339.37500       2.1554765     0.033915998
       1184.0000       285.33936       101442.68       7644.2732      -2.0825000       1.3352500      0.49625000       340.41200       2.0757721     0.036207558
       1187.0000       285.40427       101442.34       7635.0258      -2.5872500      0.94100000     0.044750000       338.52200       2.0711168     0.022331913
       1190.0000       285.64325       101436.62       7667.3020      -1.8262500       1.3265000     0.010500000       338.74300       2.1439515     0.036131621
       1193.0000       285.69905       101436.10       7657.8717      -1.9490000       1.5037500     -0.34625000       339.06600       2.1264374     0.041890487
       1197.0000       285.70953       101434.75       7635.6694      -1.7900000      0.49375000      0.48225000       340.03900       2.1477708     0.041739432
       1200.0000       285.52490       101423.83       7624.4047      -1.9245000       1.8250000     -0.16225000       338.70000       2.0569102     0.027962484
       1203.0000       285.50038       101422.35       7595.0203      -1.8557500       1.0415000      0.34325000       340.19200       2.1214498     0.030177109
       1207.0000       285.47456       101423.81       7541.3597     -0.67975000       1.4740000      0.34300000       338.70000       2.2263763     0.042950989
       1210.0000       285.40680       101440.43       7435.0225      -1.6240000      0.89650010    -0.029000000       339.79600       2.1321897     0.045974081
       1213.0000       285.37976       101442.52       7392.9446      -1.9075000      0.32325000      0.62800000       340.51000       2.1564667     0.040684483
       1217.0000       285.37125       101442.54       7348.6889      -3.3252500     -0.78475000       1.0057500       339.72400       2.1031629     0.028210587
       1220.0000       285.43681       101438.55       7283.8015      -4.3732500      0.99075010     -0.10050000       339.24600       2.1516731     0.038499892
       1223.0000       285.47819       101437.53       7270.2025      -2.4395000       2.0112500     -0.62375000       341.27400       2.2051378     0.032939576
       1227.0000       285.54065       101434.72       7281.9048      -3.4852500       1.3160000     -0.88125000       338.39100       2.0820311     0.042535191
       1230.0000       285.60178       101417.94       7358.3479      -1.1047500       1.5405000      0.45575000       339.71700       2.1245679     0.034424525
       1233.0000       285.63790       101416.24       7394.4573      -2.0302500       1.3620000      0.21950000       340.82600       2.1125965     0.027138525
       1237.0000       285.68610       101418.88       7450.6148      -3.2812500       1.5672500     -0.12025000       340.16700       2.1260239     0.018369809
       1240.0000       285.78510       101435.64       7529.1847      -3.0715000       1.7475000     -0.26025000       339.03500       2.1095920     0.028867828
       1243.0000       285.81885       101440.02       7580.1066      -2.7807500     -0.38050000    -0.071250010       340.05900       2.0961466     0.043730299
       1247.0000       285.83550       101445.07       7641.9938      -2.5550000       1.7770000     -0.13400000       340.68900       2.1222042     0.037484146
       1250.0000       285.75184       101460.16       7680.4677      -1.1985000      0.73325000      0.21500000       341.09300       2.1503080     0.043405866
       1253.0000       285.74526       101461.39       7717.0734      -1.6670000       1.1310000      0.52350000       339.74800       2.1585837     0.036219918
       1257.0000       285.74339       101456.83       7760.8113      -2.3940000      0.29725000    -0.081750010       340.30600       2.1444782     0.036179828
       1260.0000       285.74316       101427.37       7789.5310      -4.5025000       1.4392500     -0.55950000       338.77400       2.1204784     0.040080052
       1263.0000       285.74248       101422.80       7816.5817      -4.5470000       1.6342500     -0.69225000       338.45600       2.1286053     0.032722167
       1267.0000       285.74876       101420.87       7847.9027      -3.2740000       1.4325000      0.16175000       338.73100       2.1578237     0.055119485
       1270.0000       285.78990       101422.43       7865.6670      -1.9470000      0.91775010      0.18275000       340.06000       2.1372635     0.041951606
       1273.0000       285.80271       101422.07       7882.0768      -3.5255000       1.0840000     -0.26675000       339.29700       2.0934112     0.051083048
       1277.0000       285.81275       101425.09       7900.0383      -5.0547500       2.6732500   -0.0050000000       337.54600       2.1581181     0.041797842
       1280.0000       285.85649       101449.64       7940.1378      -4.0590000       1.2972500     -0.69625000       338.91200       2.1329011     0.050650312
       1283.0000       285.83584       101454.51       7938.2850      -2.9817500       1.3597500      0.43550000       339.04100       2.1260355     0.017656577
       1287.0000       285.78013       101455.35       7917.2769      -3.8725000       2.3192500      0.55575000       338.60300       2.1232390     0.042983718
       1290.0000       285.67729       101440.05       7871.2681      -3.1542500      0.31600000    -0.090000000       338.24600       2.1274266     0.047954051
       1293.0000       285.62437       101436.49       7841.9967      -1.7272500      0.74200000      0.83675000       338.89700       2.0573963     0.046323671
       1297.0000       285.54689       101431.73       7793.5888      -4.5620000       2.4052500      -1.5125000       338.07200       2.0833777     0.045563594
       1300.0000       285.37660       101419.08       7682.6147      -2.2367500      0.80275010      0.39600000       339.05500       2.0944532     0.028195662
       1303.0000       285.32433       101416.86       7648.4680      -3.3410000       3.2895000     0.067750010       338.75500       2.1008244     0.038723422
       1307.0000       285.29596       101418.05       7624.6981      -2.3915000       1.0177500     -0.34550000       338.47400       2.1066314     0.044546587
       1310.0000       285.43505       101433.11       7669.5134      -3.1032500      0.99375000      0.17800000       338.82200       2.2518958     0.037509480
       1313.0000       285.42519       101435.60       7659.9387      -4.1907500       2.3942500     -0.12550000       337.52300       2.1206289     0.031618374
       1317.0000       285.39096       101437.54       7645.7149      -2.3615000      0.97950010      0.52150010       338.80700       2.1263765     0.031398268
       1320.0000       285.38573       101444.52       7686.3933      -4.6517500       2.2642500     -0.56150000       337.87500       2.0576163     0.033629749
       1323.0000       285.34741       101444.37       7670.2951      -3.1165000      0.40175000     0.023250000       338.27900       2.0341699     0.035718414
       1326.0000       285.28653       101441.53       7637.8673      -2.1640000      0.91925010      0.51750000       339.15700       2.0772817     0.028126182
       1330.0000       285.02078       101417.60       7503.5879      -2.2432500      0.97275010     -0.74125000       338.24400       2.1159427     0.033337760
       1333.0000       284.93763       101412.90       7452.9763      -2.0872500       1.3690000      0.86200000       338.56000       2.1379221     0.031672997
       1336.0000       284.87767       101410.51       7407.1615      -2.2527500       1.9767500      0.93400000       337.99500       2.1606964     0.023168291
       1340.0000       284.83468       101410.46       7322.7977      -1.2410000       1.4452500      0.61150000       337.91200       2.0905118     0.028209910
       1343.0000       284.81920       101411.26       7289.4706      -1.3600000      0.96250000    -0.091000010       338.55400       2.1300866     0.026426487
       1346.0000       284.82585       101414.27       7269.1782      -2.5207500      0.87475000     0.051750000       337.92100       2.0976912     0.028702775
       1350.0000       284.97169       101438.38       7293.9721     -0.74650000       1.6092500     -0.18950000       338.47700       2.1060566     0.021139848
       1353.0000       285.00295       101442.95       7295.2217      -1.5500000      0.15550000      0.20075000       338.14400       2.1112813     0.034411924
       1356.0000       285.02534       101444.80       7299.8786      -1.2237500       2.0885000     -0.37275000       338.20200       2.1626540     0.038307575
       1360.0000       285.05962       101437.99       7314.2603      -2.1952500      0.99225000      0.17550000       338.68700       2.1746330     0.030644315
       1363.0000       285.06780       101436.91       7330.3088      -2.0615000      0.94125000      0.46900000       338.75800       2.2024871     0.021581742
       1366.0000       285.06244       101434.92       7349.2698      -3.5597500       1.5975000     -0.32725000       338.50600       2.1805031     0.030310825
       1370.0000       284.98876       101419.02       7372.0296      -3.8850000       1.1740000     0.069000010       338.70300       2.1689776     0.029563940
       1373.0000       284.95852       101416.73       7395.8523      -3.1165000      0.76825000     -0.41675000       338.00200       2.0565336     0.031750964
       1376.0000       284.92846       101417.17       7424.2197      -2.0395000      0.82050000      0.60275000       338.78900       2.1457869     0.032891154
       1380.0000       284.90366       101430.41       7503.7652      -3.1575000     0.045750000     -0.35600000       338.08600       2.0763051     0.032754079
       1383.0000       284.86857       101433.92       7532.4616      -4.0002500      0.56425010     -0.66600000       338.44700       2.1788259     0.022663131
       1386.0000       284.82901       101437.42       7555.0797      -3.3880000     -0.14825000      0.52275000       338.89200       2.1096495     0.035014292
       1390.0000       284.79909       101454.43       7608.5652      -3.0557500     -0.20650000     -0.31550000       338.30600       2.0849793     0.039017800
       1393.0000       284.74188       101455.62       7610.3843      -3.2580000      0.39250000     -0.45875000       337.64700       2.1160151     0.029099709
       1396.0000       284.67139       101453.27       7596.5541      -4.2790000      0.49350000     -0.39325000       337.74800       2.1941769     0.026428734
       1400.0000       284.51701       101430.90       7534.1329      -2.7087500   -0.0030000000      0.18175000       338.38400       2.1485456     0.034793116
       1403.0000       284.43332       101426.00       7493.8718      -3.6667500      0.74875000      0.32750000       338.21100       2.1097968     0.030892555
       1406.0000       284.34907       101421.96       7444.9432      -2.0665000      0.45575000      0.20275000       338.26800       2.1169338     0.029899689
       1410.0000       284.14530       101406.47       7309.3461      -2.1592500      0.43600000     -0.20500000       338.43600       2.1204557     0.025415110
       1413.0000       284.08031       101404.53       7255.5633      -4.1517500      0.89025000     -0.25525000       337.99500       2.0803182     0.032610736
       1416.0000       284.04236       101406.63       7210.7516      -1.9065000     0.056250000      0.67350010       338.71000       2.1236195     0.037282412
       1420.0000       284.03220       101433.60       7144.7988      -3.0517500      0.47275000     -0.13600000       338.17000       2.0755572     0.026749999
       1423.0000       284.05113       101440.54       7121.5944      -2.9082500      0.70600000     -0.60825000       338.05200       2.1694836     0.039094452
       1426.0000       284.09708       101446.06       7112.6525      -2.5957500      0.45400000     -0.17050000       338.30000       2.1386853     0.036328474
       1430.0000       284.31716       101457.52       7146.3835      -3.0260000       1.1622500     -0.11975000       338.23700       2.0659721     0.028506843
       1433.0000       284.38991       101459.85       7163.3677      -2.8417500       1.8300000     -0.63100000       338.15600       2.1662048     0.033548261
       1436.0000       284.45381       101459.08       7187.5671      -2.4877500       1.2275000      0.50300000       338.68800       2.1135780     0.027325192
       1440.0000       284.59147       101439.67       7256.9223      -2.5492500      0.61225000      0.10100000       339.15000       2.1220483     0.032755479
       1443.0000       284.63156       101435.30       7293.4160      -2.8322500      0.88650010     -0.76875000       338.02500       2.1015915     0.032635861
       1446.0000       284.64438       101431.81       7329.8243      -2.1530000      0.82825010     -0.43125000       337.81000       2.1267753     0.020159553
       1450.0000       284.57366       101423.92       7414.9650      -2.5797500      0.99500010     -0.22250000       337.42900       2.0953033     0.037695726
       1453.0000       284.53351       101422.36       7437.5360      -1.7795000      0.47000000      0.31550000       338.25800       2.1207616     0.026386350
       1456.0000       284.47986       101423.05       7447.5861      -2.4880000      0.70025000     -0.57550000       337.98000       2.1019878     0.025690084
       1459.0000       284.33763       101435.03       7427.4466      -1.3930000      0.41850000      0.12775000       338.22600       2.1556120     0.031996638
       1463.0000       284.25251       101440.10       7420.0319      -1.7087500      0.62250000     -0.17675000       338.57000       2.0967273     0.023515074
       1466.0000       284.19972       101443.34       7406.5358      -2.5507500    -0.044750000     -0.30150000       338.94400       2.1960647     0.050216826
       1469.0000       284.12874       101454.93       7347.2920      -2.8430000      0.14325000     -0.33275000       337.68100       2.1849082     0.026923108
       1473.0000       284.08161       101455.48       7313.3460      -2.5497500      0.52700000     -0.21275000       337.88300       2.1498553     0.035288189
       1476.0000       284.06691       101452.27       7293.6042      -2.2937500      0.57875000     0.069000010       338.15200       2.1560326     0.040025081
       1479.0000       284.11517       101430.66       7280.3072      -2.6920000       1.1497500     -0.36625000       338.11000       2.1904015     0.024236375
       1483.0000       284.13698       101424.45       7269.5137      -3.2617500      0.99150000     -0.36625000       337.59000       2.1540898     0.041455370
       1486.0000       284.15850       101421.34       7266.4991      -1.1705000      0.39050000      0.68400000       338.35700       2.1071469     0.033874011
       1489.0000       284.18445       101419.55       7267.8459      -2.4010000      0.87050000     -0.27800000       338.27100       2.1154857     0.024213224
       1493.0000       284.26676       101410.49       7283.9223      -1.3920000      0.58625000      0.45800000       338.72500       2.1216196     0.025116411
       1496.0000       284.26724       101411.98       7284.0516      -1.5475000      0.96725000      0.16575000       338.49800       2.1287968     0.029700438
       1499.0000       284.25413       101416.68       7283.9447      -2.6462500       1.4827500     -0.25100000       337.79600       2.0993324     0.029377058
       1503.0000       284.22835       101440.32       7306.5312      -2.3250000       1.4732500     -0.40350000       338.28400       2.1514336     0.039882903
       1506.0000       284.19303       101445.25       7291.6882      -1.7015000       1.9590000     -0.75875000       338.22900       2.1713808     0.038105032
       1509.0000       284.06929       101451.75       7239.1348      -2.1070000       2.1217500      0.13100000       338.17300       2.1130123     0.038528862
       1513.0000       284.00042       101453.64       7206.8439     -0.89925000       1.5297500     0.076000010       338.16000       2.1537676     0.037902100
       1516.0000       283.95972       101452.39       7182.7313      -1.4092500      0.99650010      0.38300000       338.56400       2.1516523     0.036981357
       1519.0000       283.88473       101441.23       7130.3747      -2.1972500      0.33075000     0.062000000       338.53800       2.1541707     0.028677102
       1523.0000       283.86716       101436.46       7100.8173      -2.3155000      0.16225000    0.0077500000       338.66800       2.1859590     0.031098506
       1526.0000       283.87981       101432.88       7088.3025      -2.9875000     -0.37000000      0.28700000       337.93300       2.1815882     0.036442139
       1529.0000       283.91461       101429.29       7083.9877      -4.3532500       1.9235000   -0.0035000000       338.23100       2.1353141     0.035273370
       1533.0000       284.04518       101418.42       7106.4446      -5.2730000       1.3465000     -0.51600000       337.48300       2.2268717     0.031727636
       1536.0000       284.07155       101416.97       7107.1833      -4.0372500     -0.56750010     -0.27675000       337.76300       2.1798586     0.027186981
       1539.0000       284.09369       101417.34       7109.2090      -2.6677500       1.1295000      0.60800000       338.17900       2.2105606     0.037501878
       1543.0000       284.14522       101423.19       7106.3644      -3.1677500       1.3625000     -0.18150000       338.46800       2.1776124     0.030708483
       1546.0000       284.17795       101426.38       7129.4149      -2.7965000       1.4772500      0.37775000       338.23600       2.1493786     0.017848890
       1549.0000       284.16137       101439.35       7150.4132      -2.3995000       1.9440000    -0.080750000       337.84100       2.2051559     0.030974807
       1553.0000       284.18153       101442.65       7197.0989      -1.7327500      0.94075010      0.43200000       338.33700       2.1864312     0.025669716
       1556.0000       284.20700       101442.98       7244.8237      -1.1705000      0.72825000      0.94850000       338.87600       2.2443025     0.036352853
       1559.0000       284.31624       101441.43       7366.0202      -2.2227500       1.8482500     -0.21575000       337.88800       2.2031938     0.033297317
       1563.0000       284.36154       101439.08       7445.0535      -2.5952500       2.4955000     -0.13375000       338.43000       2.1709529     0.022978083
       1566.0000       284.38003       101435.24       7495.6112      -1.3190000       1.2467500     -0.17275000       338.21200       2.1390754     0.029737189
       1569.0000       284.37018       101414.31       7566.1095      -2.5717500       1.8457500      -1.0075000       338.02000       2.1552888     0.027835011
       1573.0000       284.36636       101407.56       7608.9399      -3.0085000       1.6422500     -0.29125000       338.33900       2.1461751     0.039936960
       1576.0000       284.35314       101405.60       7622.4570      -2.2335000       1.5090000      0.13150000       338.38700       2.2266363     0.043065253
       1579.0000       284.33106       101406.29       7620.0228      -2.2442500      0.78900000     -0.11700000       338.48200       2.2391795     0.030596546
       1583.0000       284.25164       101411.29       7564.6586      -2.0042500       1.1790000      0.16750000       337.65700       2.1701527     0.043035185
       1586.0000       284.23130       101415.23       7551.0792      -2.2695000      0.20000000   0.00025000000       338.29100       2.1934557     0.040143050
       1589.0000       284.21539       101421.02       7534.1515      -1.7275000      0.52775000     -0.35175000       338.51300       2.1835198     0.039724457
       1592.0000       284.21211       101440.42       7498.0833      -2.9737500       1.3442500     -0.37025000       338.05600       2.2410779     0.045879659
       1596.0000       284.18785       101444.84       7465.4262      -3.4172500       1.0852500     -0.69475000       337.50700       2.2012634     0.020419359
       1599.0000       284.18469       101445.64       7463.9891      -2.5880000      0.46625000    -0.080750000       337.76300       2.2460262     0.033808225
       1602.0000       284.16902       101444.99       7439.6350      -2.6860000      0.11625000      0.19500000       337.83800       2.1153377     0.046922503
       1606.0000       284.14126       101440.60       7396.8348      -2.4957500     -0.18675000      0.44125000       337.96900       2.2116884     0.032634736
       1609.0000       284.08472       101421.16       7325.2889      -2.5615000    -0.088500000      0.13850000       337.96200       2.2542319     0.026520879
       1612.0000       284.05873       101415.52       7286.2519      -2.2500000       1.1160000      0.14250000       338.02900       2.2418146     0.042590148
       1616.0000       284.03096       101410.76       7238.4095      -2.1792500      0.19325000     -0.68100010       337.77100       2.1856762     0.026806355
       1619.0000       284.01530       101409.26       7205.6425      -2.2557500      0.54250000     -0.26550000       337.95000       2.1890964     0.037639264
       1622.0000       284.02415       101405.09       7167.7764      -2.0135000      0.97100010      0.50925000       338.62800       2.2993907     0.049224494
       1626.0000       283.98798       101408.36       7126.4397      -1.9550000       1.4630000      0.49825000       338.81300       2.2522369     0.039156743
       1629.0000       283.95545       101414.02       7099.5225      -2.6997500      0.67225000     -0.41900000       338.23800       2.2563901     0.023688259
       1632.0000       283.91598       101432.75       7087.6061      -2.6010000      0.96025000     -0.58175000       338.23500       2.1850391     0.041215053
       1636.0000       283.88398       101440.03       7060.9838      -3.3585000       1.2182500      0.12975000       337.94100       2.1965931     0.029597463
       1639.0000       283.84424       101450.33       7039.5593      -2.8455000      0.58250000     -0.17725000       338.03200       2.2211730     0.037454804
       1642.0000       283.81171       101453.57       7018.3483      -3.3040000       1.4192500     -0.81525000       338.11300       2.2247205     0.037533417
       1646.0000       283.77556       101453.65       6992.1049      -3.6295000       1.3290000     -0.35875000       337.82700       2.1972245     0.038006569
       1649.0000       283.76967       101444.32       6968.4454      -2.8032500      0.16875000     -0.25700000       337.85800       2.2513352     0.022796112
       1652.0000       283.75772       101440.02       6955.7078      -1.6022500      0.30675000     0.091750000       338.03800       2.2197806     0.033789479
       1656.0000       283.74180       101432.92       6943.2407      -3.0322500      0.27850000     -0.15125000       337.79700       2.2250716     0.030508184
       1659.0000       283.71525       101415.72       6923.5587      -3.7817500       1.0397500     -0.26925000       338.36200       2.2032200     0.023174716
       1662.0000       283.70115       101409.80       6920.1402      -2.4505000      0.15775000      0.32500000       337.89000       2.1954016     0.033595910
       1666.0000       283.68923       101405.35       6926.4353      -2.7147500      0.59700000     -0.51600000       337.66300       2.2797736     0.053323088
       1669.0000       283.68546       101404.60       6939.2910      -2.4577500     0.068000000    -0.013000000       338.10900       2.1683843     0.049087413
       1672.0000       283.70032       101404.99       6972.1936      -2.1237500     0.058250000      0.41300000       337.98200       2.1780051     0.035524522
       1676.0000       283.70045       101409.39       6998.5759      -2.6430000      0.66325000      0.34425000       338.01700       2.2392617     0.028318810
       1679.0000       283.70057       101415.37       7021.0397      -1.3315000      0.96675000     -0.10900000       338.87700       2.2009318     0.030494158
       1682.0000       283.67804       101432.67       7048.1616      -2.0957500       1.4340000     -0.24100000       338.33900       2.2063466     0.033951783
       1686.0000       283.70213       101439.96       7086.7719      -2.4185000       1.0730000     -0.21350000       337.96500       2.2264464     0.020277825
       1689.0000       283.76106       101450.26       7121.2262      -2.5192500       1.1860000      0.10050000       338.29500       2.1753598     0.056097261
       1692.0000       283.78552       101453.54       7152.2058      -1.7120000      0.68850000      0.28675000       338.80000       2.1946803     0.040006824
       1696.0000       283.81779       101453.68       7195.4581      -3.1270000       1.4215000     -0.70275000       338.40400       2.1907640     0.029930298
       1699.0000       283.85571       101444.37       7234.5159      -2.6467500       1.3690000     -0.20525000       338.59000       2.1324229     0.043297972
       1702.0000       283.88774       101440.09       7271.0453      -1.3935000      0.69275000     -0.22750000       338.71500       2.1471359     0.031101998
       1706.0000       283.92360       101433.00       7319.3522      -1.5302500      0.94650010      0.13325000       338.94100       2.1988861     0.019786408
       1709.0000       283.94536       101426.66       7355.2567      -1.8485000      0.74075000   -0.0020000000       338.85700       2.1617728     0.035667618
       1712.0000       283.93001       101408.85       7400.3160      -1.5065000       1.4905000      0.12475000       338.62800       2.1670465     0.028912258
       1716.0000       283.95834       101405.77       7433.1148      -1.4205000       1.6660000    -0.047250000       339.04700       2.2007059     0.027185278
       1719.0000       283.98505       101406.62       7452.1172      -1.2955000       1.3017500     0.060750000       338.16800       2.1970232     0.030258345
       1722.0000       284.03004       101410.89       7472.0452      -1.0425000       1.3470000     -0.10925000       338.83800       2.1740789     0.043156527
       1725.0000       284.06018       101414.21       7485.0295     -0.95725010       1.7137500      0.29675000       338.91700       2.2109943     0.033223820
