MIRICO/SHELL project - Processed LDS file generated on
Mon Jul 31 15:01:23 2017
Time stamp for record start
05/09/2017  11:26:21.0000
Nb of points in the record
         520
Beam position index
       2.0000000
Beam angle (degrees)
      -8.6020000
Open Path length (m)
       64.850000
****************** Temporal data record ************************
Elapsedtime_sec Temp_K Press_Pa Humidity_ppmv WindX_m/s WindY_m/s WindZ_m/s Speedofsound_m/s CH4vmr_ppmv CH4vmrerror_ppmv  
      0.00000000       283.82406       101448.75       7178.6598      -1.8000000       1.7590000       1.0280000       338.18100       3.6583638     0.030512094
       4.0000185       283.85601       101446.41       7206.5942      -2.2390000       1.9537500      0.31950000       337.97800       3.0785595     0.025095915
       7.0000023       283.87481       101447.83       7225.6333      -1.6527500       1.5797500   -0.0057500000       338.74300       4.8240197     0.042876038
       9.9999860       283.88943       101464.53       7252.1046      -1.5997500       1.4050000      0.44350000       339.06300       3.3906228     0.027066952
       14.000005       283.90532       101466.84       7272.1173      -2.8767500      0.90850000      0.27125000       338.24900       4.0212163     0.024321807
       16.999988       283.91196       101466.99       7281.9651     -0.93475000       1.2732500    0.0045000000       338.71100       4.1549749     0.032855938
       20.000012       283.88605       101467.18       7262.7857      -2.2665000       1.3325000     -0.48900000       338.33600       3.1788839     0.029490705
       23.999991       283.89409       101467.23       7274.9610      -1.9270000       1.3802500      0.21700000       339.09900       3.5685833     0.015949612
       27.000014       283.90543       101465.71       7288.1535      -1.4992500      0.61375000    -0.022500000       338.25900       2.8226101     0.027879176
       29.999998       283.89219       101448.79       7296.3467     -0.69550000       2.4495000      0.20850000       338.23100       2.2750814     0.021453590
       34.000017       283.93233       101446.43       7323.3618      -1.0920000       1.1287500    -0.010250000       339.11300       2.5847096     0.027974186
       37.000000       283.97792       101447.75       7350.4136     -0.62525000       1.1937500     0.021000000       339.67900       2.4972467     0.015245676
       39.999984       284.07769       101464.91       7396.3916      -1.7800000       2.1252500    -0.026000000       338.34700       2.2250096     0.024916970
       43.000008       284.13123       101466.98       7432.6624      -2.4305000       2.0550000     -0.41375000       338.58100       2.4429448     0.029119170
       46.999986       284.20262       101467.67       7484.1410     -0.64200000       1.6697500     0.039500000       338.90000       3.5632596     0.027048195
       50.000010       284.34845       101467.53       7565.4608      -2.0887500       2.0300000     -0.61550000       338.60400       3.2070263     0.028162882
       52.999994       284.38289       101467.78       7595.1657     -0.27675000       3.8022500     -0.36025000       338.69800       4.5868520     0.028853937
       57.000013       284.38651       101465.92       7618.4246      -1.1070000       2.5670000     -0.13675000       338.37800       2.9695212     0.026704410
       59.999996       284.30201       101449.09       7635.3270     -0.71875010       4.7430000     -0.56000000       337.64900       2.7184127     0.024649677
       62.999980       284.27346       101446.79       7633.6247     -0.47250000       4.2085000      0.43950000       338.27600       4.2966505     0.030924226
       66.999999       284.22135       101447.93       7609.9419     -0.20825000       2.2487500      0.42600000       338.86600       3.4880126     0.031443504
       69.999982       284.10870       101467.64       7533.0865     -0.76550000       1.7230000     0.092250000       338.46100       3.8394079     0.027073193
       73.000006       284.05260       101468.72       7495.4704      -2.9055000       1.4295000    -0.037000000       338.20100       2.5441470     0.021259265
       76.999985       283.99226       101466.59       7444.9818      -1.9225000       3.8057500     -0.41900000       337.50600       3.6417914     0.022780690
       80.000009       284.01803       101456.07       7411.2302      -1.1995000       2.3297500    0.0035000000       338.29200       5.1409715     0.031939017
       82.999992       283.97773       101455.47       7367.7303      -1.3460000       1.3010000     0.032250000       338.33800       4.2232050     0.029326098
       87.000011       283.91021       101454.66       7306.8022      -2.4422500       2.4317500      -1.0212500       337.64200       3.5560552     0.023349065
       89.999995       283.78046       101442.14       7249.2833     -0.85825000       2.7497500     -0.61525010       338.24100       4.7947353     0.028810651
       93.000019       283.74258       101440.46       7207.9364      -1.5345000       1.6837500     -0.69225000       338.55500       4.8131597     0.024707173
       96.999997       283.71282       101443.22       7155.2787      -1.1850000       1.7975000      0.30500000       339.02000       3.4393737     0.018307620
       99.999981       283.65632       101468.49       7071.9520      -2.9702500       1.3630000     -0.18625000       338.32100       4.5924934     0.027926655
       103.00000       283.65803       101473.20       7046.0765      -2.6797500       1.7630000     -0.52175000       338.14300       5.5786940     0.030783737
       106.99998       283.70244       101475.28       7035.3123      -2.8960000       2.1512500      0.55100000       338.52300       5.9628050     0.031008223
       110.00001       283.89960       101464.03       7090.5841      -1.2260000       1.4367500     -0.14950000       338.41800       2.9764300     0.027197315
       112.99999       283.95673       101464.59       7095.3846     -0.62550000       2.3935000      0.36400000       338.93700       3.2077582     0.029313805
       117.00001       284.01108       101466.06       7102.3447     -0.64800000       2.0722500    -0.028000000       338.78700       2.6319121     0.022349497
       119.99999       284.03760       101466.19       7130.2656     -0.65900000       1.7832500     -0.15725000       339.01100       2.3019733     0.029863535
       123.00002       284.06338       101464.94       7142.5075     -0.85725000       2.8230000    -0.012250000       338.92400       2.3350678     0.028505317
       127.00000       284.07707       101463.96       7150.7005      -2.3807500       1.6232500     -0.20025000       338.92600       2.8606305     0.024578979
       130.00002       283.99560       101471.94       7102.1014      -2.3667500       1.3570000     -0.37575000       338.57700       3.0005179     0.029464186
       133.00000       283.98804       101472.81       7104.5922      -1.0585000       3.1310000    -0.042250000       338.50400       3.4257650     0.024543700
       136.99998       283.99170       101471.22       7121.8028      -2.7957500       3.2522500     -0.30900000       338.14700       3.0090384     0.026053563
       140.00001       284.06272       101454.54       7178.5729      -1.8430000       3.6272500    -0.039250000       337.78600       4.2991463     0.031049989
       142.99999       284.06419       101452.38       7198.4938      -1.1137500       2.7167500     -0.12475000       337.97400       3.6510383     0.024092734
       147.00001       284.05207       101453.01       7222.8248      -1.2042500       1.8290000      0.54750000       338.91300       3.2837501     0.025815942
       149.99999       284.04974       101468.62       7275.3646      -1.5147500      0.98000000     -0.18600000       338.62300       2.8218045     0.016145759
       153.00002       284.02790       101468.36       7285.3750     -0.77125000       1.3940000     -0.22450000       338.54300       2.7637928     0.021539282
       156.99999       283.97777       101465.22       7279.4744      0.34975000       2.1065000      0.35925000       338.26100       2.6898838     0.027208551
       160.00002       283.85055       101455.93       7224.7053      -1.6947500       2.8287500     -0.21375000       337.85800       2.5808019     0.032824148
       163.00000       283.80039       101455.28       7206.1029     -0.88500010       4.3192500     -0.57625000       338.22700       2.7082206     0.031734327
       166.99998       283.74806       101454.48       7180.2823      -1.5862500       3.8152500     -0.11350000       337.88600       2.8139164     0.029041805
       170.00000       283.70512       101442.45       7139.5076     -0.86550000       2.9762500      0.20925000       338.46600       3.0019514     0.034410166
       172.99999       283.68513       101440.75       7118.8634     -0.79825000       2.2107500      0.17300000       338.53500       2.7719106     0.029145706
       176.00001       283.67841       101442.14       7103.2497     -0.15375000       3.1525000    -0.046000000       337.96400       2.7931058     0.027726525
       179.99999       283.71852       101471.43       7110.5705     -0.53275000       2.9500000      0.26200000       337.57500       2.5167041     0.026530854
       183.00001       283.73581       101474.96       7102.2792      -65.536000      -65.536000      -65.536000       307.23200       2.9857535     0.033101378
       186.00000       283.75780       101474.87       7092.8603     -0.51025000       2.1075000     0.079750000       338.55000       2.8936227     0.032171673
       190.00002       283.82409       101454.26       7080.6966      -1.2980000       1.4510000      0.19525000       338.79500       3.4288829     0.028682776
       193.00000       283.84892       101453.49       7069.1948     -0.89275000      0.91375010      -1.1057500       338.32900       2.7957780     0.032810596
       195.99998       283.86925       101454.07       7055.9869     -0.90975000       3.5695000    -0.095750000       338.12900       4.2861673     0.033780800
       200.00000       283.89020       101456.67       7023.8951     -0.63025000       2.8285000     -0.41950000       338.13800       2.4779029     0.025542536
       202.99999       283.90303       101454.75       7009.8284     -0.78775010       2.9947500      0.16625000       338.41400       2.9832174     0.033656327
       206.00001       283.91131       101453.70       6997.7307      -1.8662500       1.2660000     -0.59500000       338.42400       3.4574929     0.038852597
       209.99999       283.88598       101463.95       6972.9257     -0.90425000       2.4587500     -0.16125000       338.92600       3.5339415     0.028815766
       213.00001       283.89134       101467.20       6968.5576      -2.2497500       1.8397500     0.054250000       338.20300       2.7742988     0.030686946
       216.00000       283.90113       101468.69       6969.8126      -1.9900000       1.4147500     -0.48775000       339.09200       3.8946430     0.032708141
       220.00001       283.91981       101456.58       6984.0937      -2.2375000       2.0470000     -0.71275000       337.78300       4.1466271     0.018073002
       223.00000       283.93691       101453.96       6995.7329      -3.1210000       2.2112500     -0.62925000       337.41400       2.6945471     0.023496297
       225.99998       283.95843       101452.66       7011.6699      -2.4510000       1.4292500     -0.26825000       338.10600       4.1204250     0.035291352
       230.00000       284.00841       101463.61       7053.1987      -1.3742500       2.2900000     -0.17900000       339.73500       3.1487049     0.029194177
       232.99998       284.03830       101463.28       7076.7202      -1.3520000       1.3015000      0.28375000       338.98900       2.4422742     0.029507949
       236.00001       284.06835       101461.12       7100.5657      -2.5405000       1.9605000     -0.27200000       337.84800       2.6025011     0.030635326
       239.99999       284.10953       101443.19       7134.5861      -1.5962500       1.4517500     -0.74225000       337.55300       3.1025811     0.026005123
       243.00001       284.13975       101442.26       7159.4084     -0.94000010      0.96700010     0.037750000       338.45600       4.7170002     0.027533705
       245.99999       284.16999       101443.57       7184.1478      -1.7990000       1.2050000      0.58000000       338.83900       2.9147694     0.024263188
       250.00001       284.22519       101457.71       7238.3734      -1.6922500       1.0650000     -0.34325000       337.60600       3.0617454     0.027687915
       253.00000       284.25036       101457.37       7254.7836     -0.87025000      0.79500000      0.20450000       338.42800       2.7757863     0.021003036
       255.99998       284.27084       101456.07       7264.1592     -0.94275000       1.7400000      0.53400000       338.66900       3.7190461     0.025842143
       260.00000       284.26203       101453.99       7265.4852     -0.83325000       1.5955000     0.051250000       339.08300       4.0824222     0.029032741
       262.99998       284.28516       101455.87       7263.8251     -0.27850000       1.3060000      0.50275000       339.92500       4.1231631     0.023047832
       266.00001       284.31271       101456.87       7255.5388     -0.95000000       1.4415000      0.12600000       339.86300       3.7173975     0.027426905
       269.99998       284.32248       101446.54       7184.6273      -1.4782500       2.5015000      0.25200000       338.43600       3.6718002     0.025822326
       273.00001       284.36239       101443.26       7172.6979     -0.28950000       2.3787500     0.028500000       339.10700       3.8829333     0.020227805
       275.99999       284.41625       101441.84       7168.8095      -1.0207500       2.7860000     0.071250010       337.82000       3.0102329     0.022720273
       280.00001       284.52607       101452.48       7143.0033      -2.1855000       2.0885000     -0.25475000       338.23000       2.6490706     0.013758283
       282.99999       284.60927       101455.67       7164.8279     -0.77750000       2.0350000     -0.27275000       338.20300       2.5402428     0.019635154
       286.00002       284.70152       101457.97       7205.1691     -0.75475000       3.2122500     -0.15275000       338.40800       2.3216851     0.021602399
       290.00000       284.96691       101454.72       7358.5686      -1.2875000       3.5702500     -0.35350000       338.12500       2.4174086     0.020342498
       292.99998       285.03351       101454.65       7416.0108     -0.34100000       2.7925000      0.61075000       338.58500       2.4093991     0.029109805
       296.00000       285.06787       101455.04       7469.6079     -0.64025000       2.5662500     -0.31475000       337.83900       2.5669067     0.017119003
       299.99998       285.06820       101463.78       7607.3240    -0.048500000       2.4920000     -0.47850000       338.41300       2.4297354     0.020742358
       303.00001       285.05507       101463.47       7642.8503     -0.28250000       2.6095000      0.13800000       339.42300       2.1733599     0.016488186
       305.99999       285.01096       101461.39       7652.7896      0.51450000       2.2532500     -0.39850000       338.79600       2.7087776     0.012570433
       309.00001       284.79992       101443.76       7579.5957      -1.2550000       3.2477500     -0.36825000       337.86300       2.3132455     0.016555775
       312.99999       284.66891       101441.97       7537.9192     -0.90825000       2.4787500      0.22325000       339.74500       6.3469171     0.020815382
       316.00002       284.58098       101443.23       7497.0339     -0.67325000       4.7540000     -0.25400000       338.35000       4.7114630     0.018044106
       319.00000       284.50190       101446.70       7448.0807     -0.13300000       3.8650000     -0.37325000       338.22400       3.2619487     0.010516683
       323.00002       284.39200       101456.54       7327.2544     -0.37150000       3.2035000     -0.38400000       338.41500       2.6209353     0.013956908
       326.00000       284.35317       101455.17       7285.7117     -0.30850000       2.5500000     -0.15150000       338.81500       2.3294914     0.013408709
       328.99999       284.33227       101452.94       7251.7522     -0.44025000       1.5270000    -0.059750000       340.00100       2.1564948     0.018929732
       333.00000       284.34982       101456.92       7225.7447     -0.64750000       2.1045000      0.56250000       340.20500       2.1227073     0.020539724
       335.99999       284.33543       101457.06       7194.2318      -1.8692500       1.5677500     -0.65600000       340.63500       2.1322658     0.010545410
       339.00001       284.36920       101446.92       7175.6706     -0.85225000       2.1207500     -0.18975000       339.75100       3.8415288     0.015791675
       342.99999       284.36542       101439.88       7142.0247      -2.1017500       1.2657500     -0.23850000       340.60200       3.7312991     0.013842973
       346.00001       284.35210       101436.20       7114.6707      -3.2160000       2.0275000      0.14300000       339.02700       4.4289076     0.014155314
       349.00000       284.25490       101438.33       7050.4960      -1.9160000       2.7222500     -0.12950000       338.21900       3.4412235     0.013188378
       353.00002       284.23327       101439.92       7018.2238      -2.7320000       2.3727500      0.17775000       339.00400       3.5550996     0.012799994
       356.00000       284.23255       101441.12       7004.0587      -1.5435000       5.9565000      0.20475000       338.43500       3.2353792     0.013065470
       358.99998       284.24513       101442.33       6998.4529      -3.6260000       4.0362500       1.0652500       338.11500       4.3620647     0.018909952
       363.00000       284.27851       101440.80       7013.5069      -1.9202500       6.8107500    0.0015000000       338.77200       2.4993730     0.014576140
       365.99999       284.30457       101439.66       7010.1967      -4.4692500       4.9080000      -1.6677500       338.28800       2.1156225     0.010586729
       369.00001       284.34001       101438.54       7008.7551      -1.6067500       3.3397500      0.47225000       338.68300       2.3967475     0.012100070
       372.99999       284.46886       101439.15       7031.4227      -1.1540000       3.3400000      0.45350000       339.27700       2.4282131     0.014402390
       376.00001       284.47776       101441.39       7028.5371      -65.536000      -65.536000      -65.536000       307.23200       3.3867569     0.018484693
       379.00000       284.40925       101443.97       6985.6380      -2.7700000       2.4312500     -0.48475000       338.46700       3.3825161     0.013579593
       383.00001       284.40093       101444.63       6978.6864      -1.1565000       2.4230000      0.21350000       339.59300       2.6054454     0.013598030
       386.00000       284.39489       101445.63       6981.2462      -1.4735000       4.1640000     -0.22675000       338.26000       3.3415064     0.020475437
       388.99998       284.34468       101452.88       6991.6281      -1.9360000       1.1005000      0.72675000       339.24500       3.1826667     0.014085244
       393.00000       284.33125       101456.60       7009.3344      -2.3685000       2.3397500     -0.30750000       337.86000       3.2012866     0.014689153
       395.99998       284.33668       101457.83       7029.9801      -1.8240000       1.3432500     -0.60600000       338.23800       2.3244132     0.013968809
       399.00001       284.44525       101450.55       7087.9445      -1.1742500       4.1512500      0.33675000       338.54000       2.6151207     0.020070553
       402.99999       284.46723       101449.45       7126.5905      -1.5270000       1.3870000      0.30475000       338.69800       2.5916816     0.018252123
       406.00001       284.46822       101449.67       7152.3275      -1.7830000       2.4792500     -0.82600000       338.57800       2.2042973     0.021009177
       408.99999       284.45594       101450.77       7175.2047      -1.1592500       3.1937500      0.46025000       339.65800       2.8122098     0.019109298
       413.00001       284.42257       101455.90       7212.6064     -0.14325000       4.0072500      0.67425000       340.07000       2.0750610     0.019487315
       416.00000       284.39680       101456.15       7223.0741     -0.98700000       3.9642500      0.36525000       339.13200       2.4755893     0.011739559
       418.99998       284.36169       101455.96       7226.7490     -0.66350000       3.9642500      0.40250000       339.23000       2.5381374     0.021355694
       423.00000       284.24015       101455.09       7208.8494      0.18675000       3.0477500     -0.18225000       340.52900       2.7105417     0.021551306
       425.99998       284.22119       101455.71       7209.6939      -1.9507500       3.6647500      0.73250000       340.53300       2.5541916     0.020290729
       429.00001       284.21570       101459.23       7207.7065      -2.3530000       3.8992500    -0.012250000       337.60300       2.4385847     0.021169013
       432.99998       284.22524       101457.26       7202.9016      -1.4737500       2.1197500    -0.063750010       338.86500       2.6988062     0.019503766
       436.00001       284.24818       101454.73       7199.3301      -1.0170000       3.3917500      0.31100000       338.13700       3.3865162     0.022873380
       438.99999       284.30073       101445.24       7183.6356      -1.1780000       4.6215000      0.14375000       338.67100       4.3461598     0.024202857
       442.00002       284.34994       101444.18       7186.2992      -2.2600000       1.5567500     -0.32025000       338.95800       3.3489295     0.021358084
       445.99999       284.42936       101444.16       7195.3523      -3.2447500       2.3927500     -0.68950000       338.94800       2.8015289     0.022989872
       449.00002       284.49927       101445.17       7206.2662     -0.99825010       2.2062500      0.11225000       339.11800       3.6409813     0.021322592
       452.00000       284.58822       101446.61       7204.0996     -0.88050000       3.1845000      0.49250000       338.84800       2.7592527     0.024188226
       455.99998       284.69698       101444.31       7232.3511      -1.4297500       1.8730000      0.96525010       339.39800       3.2626605     0.024036758
       459.00000       284.78443       101442.62       7262.8128      -1.4527500       1.7065000      0.71800010       339.33000       3.5840143     0.023015553
       461.99999       284.90158       101444.30       7309.0035      -2.4385000       2.4887500      0.31300000       339.27100       2.4956607     0.021530381
       466.00001       285.01038       101446.81       7371.5446      -1.6382500       1.6940000     -0.37650000       338.80600       2.1751160     0.024502071
       468.99999       285.11666       101448.31       7434.6414      -2.0402500       1.8452500      0.55075000       339.88000       3.0501554     0.022744211
       472.00001       285.18418       101446.51       7491.0603     -0.71100000       2.5332500      0.60425000       339.51100       2.3649814     0.026349980
       475.99999       285.25250       101444.08       7571.6058      -1.9425000       2.0780000      0.91650000       339.46200       2.4516646     0.021471785
       479.00002       285.22599       101442.48       7670.4586      -2.7497500       1.7530000     -0.19225000       338.59900       3.4202484     0.024477516
       482.00000       285.26547       101444.32       7732.8679      -3.9997500       3.2560000     -0.26600000       338.00100       2.6470836     0.025514818
       486.00002       285.32497       101446.77       7805.3808     -0.83000000       2.1385000     0.091500010       338.50200       2.2426445     0.024241055
       489.00000       285.43483       101448.28       7878.7935      -2.4112500       1.6957500    -0.091000010       339.61600       2.9655057     0.021769825
       491.99999       285.45934       101446.49       7914.7166      -2.0590000      0.53100000      0.77350000       338.47300       3.2241212     0.023433784
       496.00001       285.47136       101444.10       7939.0074      -3.9332500       2.0597500      0.16175000       339.03100       3.1463657     0.026276625
       498.99999       285.46486       101442.32       7939.4384      -3.7887500       2.7062500     -0.31350000       339.56800       3.0874538     0.018904612
       502.00001       285.52162       101442.11       7933.6009     -0.70625000       2.2730000      0.49900000       339.87200       2.1601410     0.023567802
       505.99999       285.46091       101446.99       7887.0069      -1.2787500       2.7307500      0.26000000       340.49900       2.8447769     0.024166795
       509.00002       285.37779       101451.69       7831.8192      -1.0925000       2.9855000      0.63850000       338.17700       2.7975159     0.020856888
       512.00000       285.12525       101457.12       7717.0350      -1.4202500       1.5527500      0.45325000       339.60300       2.3389303     0.015167222
       516.00002       285.03672       101455.49       7639.9956     -0.86800000       4.0345000     -0.13575000       338.46500       4.8085522     0.026374845
       519.00000       285.00540       101453.00       7561.9631      -1.5090000       2.3747500     0.015000000       338.71500       3.1954838     0.021384042
       521.99998       284.95610       101455.19       7499.0401      -1.7212500       1.9970000      0.52475010       339.42100       2.9767517     0.021911932
       526.00000       284.91162       101456.75       7424.6952     -0.72975000       2.5332500      0.28575000       340.57200       2.7376374     0.021823391
       528.99999       284.96991       101451.18       7381.1771      -1.5520000       2.8610000      0.10775000       338.96100       3.0413663     0.019681138
       532.00001       284.96826       101446.57       7342.6282     -0.31700000       1.8145000      0.12025000       340.38000       2.4921139     0.021051608
       535.99999       284.95227       101441.80       7297.8091      -1.4385000       2.9242500     -0.44875000       339.18800       2.7859438     0.017605969
       539.00001       284.92993       101439.26       7269.1783      -1.6285000       3.1432500      -1.2162500       339.53600       3.7792640     0.021102891
       542.00000       284.82457       101444.22       7231.9208     -0.89975010       3.1060000     0.060750000       340.69100       3.0605186     0.021987084
       546.00002       284.83319       101446.60       7208.3457     -0.38125000       3.6617500     0.016750000       338.86200       3.5325040     0.013004621
       549.00000       284.86081       101448.36       7199.2711      0.11125000       2.3485000     -0.12675000       338.00100       3.1197057     0.020304928
       551.99998       284.92700       101446.45       7208.2550      0.60975000       3.0337500     -0.42450000       337.41100       2.1701198     0.016064051
       556.00000       284.96292       101443.99       7211.8556       1.1880000       2.9997500     0.060000000       338.18600       2.8126524     0.023423010
       558.99999       285.05520       101442.23       7229.3573      0.44800000       2.3850000     0.047000000       337.46900       2.8068866     0.026836283
       562.00001       285.09833       101444.03       7237.6726     -0.11100000       2.7155000    -0.082000000       339.09300       2.5116334     0.021005220
       565.99999       285.13445       101446.47       7250.2798      0.22700000       2.8112500     -0.51425000       337.51300       4.6767441     0.026609248
       569.00001       285.07031       101445.22       7261.0068      0.41750000       1.7572500     0.049750000       338.86800       2.2031262     0.018603199
       572.00000       285.07796       101444.17       7275.4057      0.25800000       2.5365000      0.57050000       338.37300       3.9360629     0.024999764
       574.99998       285.09444       101444.02       7290.9372     -0.23900000       3.2967500     -0.12200000       338.27000       4.3237558     0.027534652
       579.00000       285.16023       101452.78       7304.3469     -0.22025000       1.9890000     0.085000000       338.20400       3.1847697     0.015420325
       581.99998       285.18405       101455.83       7322.1615     -0.20125000       2.0750000     -0.13750000       338.69600       3.3440408     0.016050409
       585.00001       285.20787       101457.54       7343.8511     -0.71275000       1.9355000      0.47000000       339.50900       2.6190507     0.015088982
       588.99998       285.23963       101457.76       7378.8303    -0.042750000       2.5835000      0.28550000       338.80000       2.9827765     0.025457128
       592.00001       285.29834       101450.37       7424.8060     -0.65375000       2.2230000     0.061000000       338.51000       2.6510315     0.018778814
       594.99999       285.31774       101449.41       7450.2636    0.0037500000       3.5315000      0.23075000       339.15600       3.5979443     0.028784258
       599.00001       285.32953       101448.83       7481.4880     -0.60800000       3.1020000     -0.41750000       338.27800       3.2546310     0.026015261
       601.99999       285.30029       101450.43       7524.8044     -0.44125000       2.4235000     0.034000000       338.01800       2.9590882     0.028383388
       605.00002       285.30036       101450.47       7532.9049      -1.3387500      0.92400000   -0.0097500000       340.09200       3.0338947     0.021785371
       609.00000       285.31449       101448.80       7499.9958     -0.42500000       2.6777500     -0.40775000       338.12800       2.8837846     0.021527941
       611.99998       285.31080       101449.17       7494.7463     -0.30200000       2.5162500     -0.17000000       339.40600       2.1779860     0.031560438
       615.00000       285.30260       101450.01       7488.6039      0.11175000       3.0375000     0.064750000       339.38700       2.8523701     0.027303008
       618.99998       285.35961       101457.79       7495.0663      0.61325000       3.6085000    -0.083000000       340.23400       2.5158755     0.020003181
       622.00001       285.32510       101457.85       7475.0364     -0.68175010       2.0697500      0.34750000       339.04500       3.9987634     0.017415857
       624.99999       285.26400       101456.58       7449.5226      0.64850000       3.5097500     -0.16925000       338.70500       3.8454523     0.016524078
       629.00001       285.14118       101452.83       7407.0118      -1.3190000       3.6420000     -0.21050000       337.93100       3.5303371     0.017838443
       631.99999       284.97703       101444.45       7395.1135      -1.7692500       3.4652500     -0.16525000       338.31500       3.0365661     0.016327082
       635.00002       284.87850       101444.33       7351.3461      -1.6712500       2.9617500     -0.45425000       338.40000       2.5956264     0.021140496
       638.99999       284.73886       101445.54       7275.7934      -1.9225000       1.5485000     -0.99225000       339.84400       3.6188055     0.019740519
       642.00002       284.51071       101447.51       7157.5819      -2.9410000       2.2935000      0.31375000       340.50800       3.1986150     0.024158391
       645.00000       284.43600       101444.82       7103.0446      -2.9297500       1.2872500      0.16025000       337.74000       2.2858571     0.011413269
       648.99998       284.43063       101437.80       6999.4379      -3.7867500       1.9630000      0.11650000       337.46500       2.1964049     0.016878377
       652.00000       284.42135       101438.76       6964.8473     -0.76250000      0.95350000     -0.55025010       337.62100       2.1324244     0.016894611
       654.99999       284.43016       101440.21       6948.5376     -0.86275010      0.17275000      0.17500000       338.38700       2.1296478     0.017274871
       659.00001       284.50116       101444.33       6991.0202      -2.0000000     -0.18450000     -0.26475000       337.78000       2.0867475     0.020188141
       661.99999       284.55041       101441.99       7004.4536      -3.1287500       1.3827500     -0.32550000       338.34200       2.0594536     0.019715154
       665.00001       284.60849       101439.64       7025.6188      -3.9605000      0.56525000     -0.65850000       339.23500       2.0443565     0.016722799
       668.99999       284.74514       101436.47       7101.7758      -3.5122500      0.76125000     -0.80025010       338.66200       2.0165506     0.019352924
       672.00002       284.81293       101438.90       7143.8471      -2.4010000       1.2285000      0.10200000       337.97700       2.0428817    0.0085398204
       675.00000       284.87632       101441.34       7183.4204      -1.3662500     -0.12750000      0.27975000       339.39600       2.0255193     0.017535920
       679.00002       284.95397       101444.61       7232.2336      -2.3860000     -0.51175000     -0.35550000       337.63000       2.0117922     0.017244569
       682.00000       285.00387       101440.39       7234.7023      -2.4290000     -0.51275000     -0.10825000       338.27400       2.0211881     0.020081210
       684.99999       285.07004       101438.79       7280.6564      -2.5735000      0.64100000     -0.13950000       337.80200       1.9958845     0.017562486
       689.00000       285.15867       101437.41       7354.5532      -2.0570000     -0.18450000      0.71050010       339.14400       2.0202651     0.019510941
       691.99999       285.20235       101445.03       7422.0363      -1.9257500     -0.15600000      0.16300000       338.87200       2.1650763     0.017682680
       695.00001       285.26488       101447.02       7487.6422      -1.9102500      0.78175000      0.29550000       337.79700       2.5067355     0.018267890
       698.99999       285.46030       101441.03       7651.4135     -0.95000000       1.4235000     -0.15800000       339.15700       3.3299465     0.023416443
       702.00001       285.51725       101439.16       7720.0745      -2.3837500       1.5802500     -0.48100000       339.22600       2.8579041     0.019067619
       705.00000       285.54667       101438.65       7773.9494      -1.5850000      0.77550010    -0.044500000       339.81500       2.8517397     0.017303843
       707.99998       285.54856       101439.48       7812.7450      -1.4695000       1.9557500     -0.48675000       338.49600       2.6135727     0.017877072
       712.00000       285.43889       101452.52       7847.8735      -2.7447500       2.6130000     -0.26325000       340.31600       2.9679269     0.014002919
       714.99998       285.44702       101452.83       7860.4797      -1.2737500       1.6937500      0.45175000       339.08900       2.8130308     0.018279608
       718.00001       285.45956       101451.37       7858.3974      -1.2712500       2.2870000     -0.35075000       339.45100       2.8147632     0.024877387
       721.99999       285.39068       101438.52       7767.4386     -0.21000000       2.9085000       1.2362500       339.22600       4.1678038     0.020489686
       725.00001       285.42295       101438.60       7762.5907      -2.0877500      0.70450000     -0.26450000       339.49900       6.2627460     0.028796798
       727.99999       285.48285       101440.03       7765.0208      -1.0617500       2.4540000       1.3082500       341.87900       3.3095808     0.022206270
       732.00001       285.72289       101447.56       7796.4255      -1.6570000       1.5147500      -1.0042500       339.71200       3.0984383     0.020471865
       735.00000       285.78839       101445.90       7791.1394      -1.1770000       3.3000000      0.45050000       340.36200       3.3848528     0.017879438
       737.99998       285.84038       101443.35       7783.4021      0.12675000       3.5462500    -0.030250000       339.78600       2.5105746     0.019649179
       742.00000       285.95446       101438.78       7792.9322      -1.1387500       4.1727500   -0.0037500000       338.90900       2.7219586     0.017078609
       744.99998       285.94293       101440.21       7784.6341      -1.1367500       2.6830000     -0.31575000       339.06400       4.4199680     0.023176518
       748.00001       285.89503       101442.11       7769.8371     -0.65825000       2.3377500      0.73975000       339.77900       3.0049243     0.022188550
       751.99998       285.77800       101441.71       7756.1405      -1.1960000       2.3657500      0.30275000       339.69400       2.8808958     0.018319227
       755.00001       285.65246       101439.29       7697.1687      -1.1282500       1.5117500      0.47550000       340.07200       2.5452470     0.019536727
       757.99999       285.49150       101436.87       7621.9409     -0.57350000       4.1317500     -0.44125000       338.97500       2.8660741     0.017096470
       762.00001       285.08037       101438.82       7482.0199      -1.1002500       1.5755000     -0.36525000       339.19700       3.9277942     0.022561244
       764.99999       284.92834       101441.22       7408.4672      -1.8100000       3.0920000      0.31975000       338.37900       3.6876090     0.022073610
       768.00002       284.79399       101443.62       7331.4626     -0.58025000       3.0660000     -0.11975000       339.20600       2.4616593     0.018730303
       772.00000       284.58885       101438.40       7154.0764      -1.4960000       3.6087500    -0.066500000       337.96800       2.4776786     0.020548277
       774.99998       284.48255       101438.56       7079.1074     -0.57025000       3.7565000     0.061250000       338.53800       2.8146840     0.019841327
       778.00000       284.40319       101440.11       7018.4103      -1.2455000       2.7150000     -0.10100000       337.88300       2.6469456     0.019701497
       781.99998       284.37351       101457.77       6985.6307     -0.88025000       2.5672500      0.19325000       338.24400       2.6693033     0.020399853
       785.00001       284.37284       101458.84       6956.0991    0.0070000000       2.0202500    -0.038000000       338.31300       3.1284153     0.016696130
       787.99999       284.39473       101457.21       6933.5976     -0.51450000       2.7140000     -0.43200000       338.19500       3.7383754     0.019845455
       792.00001       284.44946       101438.66       6892.2493      -1.5747500       1.5162500     -0.46525000       338.22600       2.8471919     0.017139538
       794.99999       284.49425       101437.73       6890.1265      -1.2437500       1.9432500     0.087500010       337.73200       3.2968237     0.022855477
       798.00002       284.55678       101438.64       6901.0518      -1.0130000       2.6150000    -0.041000000       337.79500       4.2742844     0.024610161
       802.00000       284.83719       101447.51       6971.1014      -1.1092500       1.5880000    -0.055500000       338.37100       3.9479335     0.022736795
       805.00002       284.85863       101445.87       6991.5254      -1.0815000       2.7025000     -0.65575000       337.79200       5.8413776     0.026245192
       808.00000       284.84020       101443.34       7012.3330      -2.1350000       1.7402500     -0.40625000       338.10600       3.4236755     0.018936854
       811.99998       284.72773       101439.15       7082.3999     -0.70425000       1.2810000     -0.69075010       338.44000       3.2429240     0.017965213
       815.00001       284.66170       101440.61       7083.9038      -1.1395000       1.6732500     -0.27550000       338.79800       3.4723081     0.020071781
       817.99999       284.57230       101442.50       7071.4045      -1.3860000       1.1812500     -0.14800000       338.67800       2.7722429     0.018790598
       822.00001       284.25758       101438.71       7007.5933      -2.1945000       1.6452500     0.069000010       338.68000       5.3133699     0.020736025
       824.99999       284.18936       101438.79       6987.1216      -1.2570000       1.7485000     -0.61825000       339.62500       3.4030811     0.020865698
       828.00002       284.15274       101440.24       6964.7651      -1.5607500      0.98000000      0.43800000       340.58000       4.3265223     0.024847176
       831.99999       284.15425       101454.92       6877.8429      -2.8280000       1.5437500     -0.19600000       337.89500       4.3923446     0.021084248
       835.00002       284.17362       101458.51       6872.8882      -2.5347500       2.2197500     -0.44000000       337.82100       2.5183717     0.017168629
       838.00000       284.22005       101460.74       6883.5777      -2.4195000       4.1797500   -0.0082500000       338.13000       2.6363301     0.021933335
       840.99998       284.40556       101454.58       6942.4814      -2.1995000       1.6880000     -0.30700000       338.38400       2.9233811     0.022916288
       845.00000       284.48088       101454.79       6973.9286      -1.5227500       1.5127500     -0.16400000       337.47500       3.7345280     0.019765377
       847.99999       284.52705       101455.46       7002.4690      -1.2855000      0.63275000      0.40075000       339.13800       2.8253242     0.018071886
       851.00001       284.61054       101465.07       7085.4931      -1.1115000      0.99300000      0.11025000       338.00500       3.8141064     0.019779066
       854.99999       284.63249       101462.54       7115.1438     -0.74800000       1.5615000      0.22425000       339.54800       2.4886196     0.023890449
       858.00001       284.62310       101458.06       7124.6157      -1.3080000      0.51600000      0.30700000       340.05100       2.6449921     0.017629480
       861.00000       284.52557       101440.17       7101.0829     -0.91225000       1.7272500     -0.62750010       339.19000       3.1343636     0.021847069
       865.00002       284.49332       101437.80       7099.6478     -0.65650000       2.0775000     -0.39825000       338.58400       2.9563212     0.020788847
       868.00000       284.46884       101438.09       7094.7608      -1.0682500       2.5415000     0.013000000       338.38600       3.1221690     0.020531231
       870.99998       284.39835       101441.49       7056.2029     -0.76525000       2.1410000     -0.49275000       337.69400       3.9448068     0.024369544
       875.00000       284.38012       101439.26       7054.2230     -0.47250000       1.3422500     -0.53800000       338.40500       2.3820260     0.019672468
       877.99999       284.38223       101438.13       7060.1397     -0.15375000       1.3695000      0.22325000       339.49800       2.3065501     0.019964766
       881.00001       284.43916       101444.29       7090.4954     0.055250000       1.9760000     0.018000000       339.74300       2.4223179     0.017466127
       884.99999       284.45546       101447.13       7102.3422     -0.79650000       2.6205000     -0.27075000       337.83000       2.6653428     0.019580892
       888.00001       284.46756       101448.21       7111.2094     -0.57375000       2.4155000     -0.34775000       337.79300       3.3458897     0.020053605
       891.00000       284.46926       101437.90       7125.5625     -0.72150000       2.3882500    -0.067750010       338.74700       4.0525712     0.026141470
       895.00001       284.50305       101437.83       7141.3813     -0.53850000       2.2445000     0.065250000       339.10500       4.0123414     0.020366150
       898.00000       284.53355       101439.84       7152.1060      -1.4170000       3.2185000     -0.45200000       337.50000       3.8469086     0.019227944
       900.99998       284.57413       101458.35       7146.1019     -0.75125000       1.9232500      0.48025000       339.84900       3.8640599     0.023494534
       905.00000       284.60604       101458.65       7161.6709      -1.7202500       2.2987500     0.067500000       338.25900       3.3660293     0.018615004
       907.99998       284.63023       101455.69       7177.2746     -0.91525010       1.4340000      0.54350000       339.75300       3.6734794     0.017238700
       911.00001       284.72748       101439.51       7215.1558     -0.23175000       1.9760000     0.035750000       338.99900       2.5252520     0.024083732
       914.99999       284.72526       101438.61       7233.1739     -0.74425010       2.9272500     -0.34150000       337.39900       2.2952775     0.028211774
       918.00001       284.69733       101439.52       7243.2033      -1.2702500       2.3815000      0.12050000       339.12200       2.2239647     0.018176193
       920.99999       284.57044       101441.51       7254.5570     -0.97450010       2.1167500     -0.12000000       337.43600       4.2489189     0.020426966
       925.00001       284.53196       101439.32       7260.6619     -0.89575000       1.8282500     0.014750000       338.12400       3.6680422     0.022778567
       928.00000       284.50881       101438.19       7260.6050     -0.95825000       2.3085000     -0.23100000       337.66600       3.3580990     0.020413556
       930.99998       284.43954       101443.05       7241.0191     -0.70725010       1.8645000     -0.29475000       337.38800       2.5287879     0.025780537
       935.00000       284.42401       101446.79       7237.0572     -0.83175000       1.7610000      0.14575000       338.56800       2.8197214     0.021530547
       937.99998       284.43303       101449.07       7235.1353     -0.75800000       1.6237500     -0.41025000       337.60900       2.7425808     0.012619117
       941.00001       284.55860       101446.99       7249.5939     0.086750000       1.5575000    -0.084000010       337.68700       2.2840327     0.026799850
       944.99998       284.56856       101444.60       7236.0788     -0.51575010      0.94725010      0.72900000       338.78700       2.3482663     0.015708677
       948.00001       284.56052       101442.82       7220.5442     -0.85850010      0.60350000    -0.093500000       338.50300       2.8473116     0.021706793
       950.99999       284.50729       101448.90       7192.0522     -0.72075000       1.1475000     -0.72375010       337.61300       3.7790039     0.024032041
       955.00001       284.49923       101447.25       7172.9673      -1.0835000      0.82675000      0.26650000       338.69800       3.6568446     0.026077552
       957.99999       284.49299       101443.85       7157.9445      -1.5012500       1.1000000      0.44775000       339.09300       3.0245304     0.027361447
       961.00002       284.43623       101424.29       7118.3079     -0.56250000       1.6015000     -0.27050000       338.92100       2.9248752     0.024105108
       965.00000       284.43414       101421.45       7102.4546     -0.34475000       3.6152500    -0.015000000       337.77600       2.8171934     0.029819809
       967.99998       284.44838       101422.47       7097.8353      -2.4780000       3.2480000     -0.55525000       338.33100       2.4925342     0.025614810
       971.00000       284.50794       101432.38       7105.8121     -0.94425000       2.4352500      0.97075000       339.15200       2.0550074     0.024785449
       973.99999       284.54480       101434.87       7113.7138      -1.0580000       2.8745000      0.13800000       338.60600       3.1805697     0.021204736
       978.00001       284.60077       101438.86       7131.3290     -0.29975000       1.8087500      0.12225000       339.14600       3.9919105     0.026649450
       980.99999       284.65851       101452.87       7158.1237      -1.3487500       2.0175000     0.088750000       338.86200       3.8309674     0.025063104
       984.00001       284.70017       101454.24       7174.9061      0.18925000       2.2612500     0.066500000       340.55400       3.5414962     0.026847573
       987.99999       284.75573       101451.92       7199.5108      -1.5080000       2.6340000      0.47050000       339.61600       3.4053267     0.023705963
       991.00002       284.85460       101433.95       7243.0565     -0.45725000       2.4972500     -0.36325000       337.78800       2.2165626     0.029373575
       994.00000       284.87525       101433.14       7257.8009     -0.80000000       1.8357500     -0.62850000       338.04700       2.2791494     0.025363698
       998.00002       284.87466       101434.87       7268.5925     -0.60925000       1.3787500      0.54725000       338.91200       3.0951907     0.024113379
       1001.0000       284.81904       101440.95       7264.2009      -1.0125000       1.3925000      0.64450000       338.38300       3.1362938     0.030172894
       1004.0000       284.80644       101440.32       7264.5226      -1.5907500       1.0877500      0.77100000       338.92000       2.4074480     0.026149415
       1008.0000       284.78270       101439.50       7259.6609     -0.91750000       3.0785000     -0.67825000       338.55800       2.6245754     0.026387723
       1011.0000       284.74791       101446.80       7252.7158     -0.27175000       2.8097500      0.17575000       339.50000       3.8450118     0.024850159
       1014.0000       284.70514       101447.71       7237.3516      0.56225000       2.4322500     -0.25900000       338.06000       3.2887714     0.025010329
       1018.0000       284.64126       101446.15       7209.9834      0.30225000       2.8775000    -0.070250000       338.72300       3.0679752     0.025486843
       1021.0000       284.59805       101427.96       7185.4986      0.71300010       3.4062500     -0.19400000       338.43700       2.5225774     0.029380744
       1024.0000       284.55554       101426.68       7159.2877     -0.43750000       2.3650000      0.19250000       338.15000       2.0640043     0.021875815
       1028.0000       284.49198       101429.11       7118.1302     -0.56575000       2.4715000     -0.17850000       337.54800       2.9941260     0.026829292
       1031.0000       284.33801       101446.80       7053.7525     -0.21125000       2.0742500     -0.29750000       337.59600       2.4940026     0.022204783
       1034.0000       284.31246       101447.69       7024.6515     -0.15700000       1.7655000      0.22600000       338.96400       2.3874135     0.020332042
       1038.0000       284.31975       101446.11       6993.6205     -0.61475000       1.7202500     -0.35800000       337.85700       2.5013377     0.028351258
       1041.0000       284.41589       101439.90       6971.5366    -0.030000000       1.4570000     -0.20800000       338.32600       2.0632810     0.021665691
       1044.0000       284.44054       101440.51       6957.1227     0.012500000      0.93775000      0.27325000       339.02900       2.6314098     0.022723958
       1048.0000       284.48095       101441.28       6946.6895     0.046000000       2.2420000      0.14525000       339.53600       2.0505598     0.024969235
       1051.0000       284.57088       101433.92       6946.4168     -0.57325010       1.4747500      0.33900000       339.57800       2.6977711     0.025572035
       1054.0000       284.61184       101433.03       6953.2579      0.33525000       1.2325000      0.65250000       339.55200       3.3527522     0.025054406
       1058.0000       284.65244       101434.65       6971.8311       1.0142500       2.1372500    -0.087000000       339.30700       2.8357840     0.023661654
       1061.0000       284.61284       101452.75       6998.1467      0.80950000       3.2802500   -0.0047500000       338.81100       2.4048651     0.019913025
       1064.0000       284.63819       101454.21       7019.6416      -1.1280000       2.1295000      0.70225000       341.73000       2.0998367     0.022685327
       1068.0000       284.68590       101451.92       7054.1317     -0.86150000       3.0212500     -0.29325000       337.85400       2.1485271     0.025718832
       1071.0000       284.77123       101434.97       7107.6192     -0.52825000       3.8082500     -0.40050000       338.69000       2.1585746     0.026947298
       1074.0000       284.80612       101433.42       7134.6624     -0.77000000       2.5905000      0.53925000       340.64500       2.0352729     0.025450291
       1078.0000       284.84573       101433.43       7165.5082      0.52350000       3.7420000    -0.051250000       338.18900       2.0723244     0.023956554
       1081.0000       284.89050       101433.02       7175.6450     -0.74950000       2.8132500      0.30225000       339.95900       2.1132325     0.023978295
       1084.0000       284.91278       101433.29       7197.8677      -1.6952500       2.7292500     -0.60575000       339.00100       2.1210964     0.024634555
       1088.0000       284.92837       101435.81       7227.5996     -0.21925000       3.0037500    -0.097000000       338.39500       2.0508158     0.026237954
       1091.0000       284.91285       101454.98       7247.7218      -1.0515000       1.5872500      0.19325000       341.44400       1.9834458     0.016100612
       1094.0000       284.90606       101454.93       7266.4329      -1.8817500       1.2895000      0.10725000       338.43900       2.0376634     0.027111394
       1098.0000       284.89004       101449.26       7291.2775      -2.4917500       1.1635000     0.035500000       339.97500       1.9137833     0.022023495
       1101.0000       284.87404       101424.46       7331.2152      -3.2755000       1.9735000     -0.23775000       339.17600       1.9619630     0.022070184
       1104.0000       284.85522       101421.75       7343.1826      -1.9710000       1.3445000      0.18200000       339.36700       2.0546736     0.019845215
       1108.0000       284.82329       101421.75       7348.4655      -4.0375000       1.0890000     -0.16975000       339.00400       1.9873392     0.026623844
       1111.0000       284.72766       101421.88       7326.8460      -1.7402500      0.58225000      0.25150000       340.20900       1.9682713     0.024116405
       1114.0000       284.72491       101422.32       7326.2311      -2.0802500      0.86475000      0.10025000       340.47600       1.9658477     0.029634395
       1117.0000       284.73987       101424.97       7325.0287      -2.0450000       1.4792500     0.038250000       340.20600       1.9993385     0.025844697
       1121.0000       284.79300       101454.53       7297.6266      -2.4260000      0.53650000    -0.030250000       338.56700       1.9180655     0.028110937
       1124.0000       284.83079       101456.86       7301.1379      -1.9197500      0.47600000     -0.16275000       339.93000       1.9681461     0.020647174
       1127.0000       284.88186       101454.77       7311.3943      -2.5142500       1.5080000     -0.24875000       338.11300       1.9221465     0.021719751
       1131.0000       284.99193       101425.17       7327.6655      -3.6127500       1.5555000     -0.34975000       337.73300       1.9639700     0.026694560
       1134.0000       285.08353       101422.61       7357.5661      -2.8527500       1.6302500     -0.22450000       338.01500       1.9809398     0.020116851
       1137.0000       285.18464       101422.28       7397.1214      -2.4270000       1.6872500     -0.35050000       338.39700       1.9691085     0.024563214
       1141.0000       285.37853       101422.17       7484.6499      -2.5502500       1.0490000     -0.21700000       339.27300       1.9581177     0.023578458
       1144.0000       285.46144       101422.57       7534.8534      -1.8135000      0.18975000      0.35150000       340.77600       1.9844899     0.018798280
       1147.0000       285.53533       101425.22       7587.8071      -4.7462500       1.6027500      0.32050000       340.28900       2.0143651     0.021528507
       1151.0000       285.74027       101451.70       7709.7822      -3.2365000       1.4745000      0.16475000       337.89700       1.9704880     0.020452000
       1154.0000       285.76433       101455.42       7754.1144      -2.1347500       1.8712500     -0.36150000       337.65300       1.9185096     0.028737612
       1157.0000       285.74291       101455.50       7785.8237     -0.93125000       2.4455000      0.38925000       339.92600       1.9578330     0.023902717
       1161.0000       285.52266       101437.69       7808.6789      -1.5302500       1.2455000      0.20825000       339.31200       1.9558346     0.023682919
       1164.0000       285.45646       101434.83       7813.0558      -1.8360000       1.3215000     -0.39525000       339.35100       1.9447992     0.020804325
       1167.0000       285.38584       101432.42       7804.7938      -1.6535000      0.50200000     -0.62725000       337.77200       1.9415943     0.022827976
       1171.0000       285.11971       101422.79       7729.8377     -0.71250000      0.17850000      0.31025000       339.43700       1.9289787     0.027318826
       1174.0000       285.08618       101422.02       7710.4460     -0.85000000      0.77950000     0.097500000       338.63200       1.9087694     0.026468117
       1177.0000       285.09804       101423.52       7693.0691      -1.2260000      0.74800000    -0.012750000       339.33100       1.9571682     0.024708995
       1181.0000       285.28346       101441.20       7658.6385      -2.8602500       2.0580000     -0.48875000       339.02200       1.9188942     0.019889753
       1184.0000       285.33936       101442.68       7644.2732      -2.0837500      0.16450000      0.18450000       340.63900       1.9531469     0.023373253
       1187.0000       285.40427       101442.34       7635.0258      -3.3652500       1.8535000     -0.21400000       338.32100       1.9746421     0.022176965
       1191.0000       285.66642       101436.50       7664.8632      -2.0532500       1.5517500     0.066750000       339.23600       1.9503865     0.020034284
       1194.0000       285.70852       101435.83       7653.3375      -2.1000000       1.8175000     -0.63700000       338.00200       1.9267217     0.029365515
       1197.0000       285.70953       101434.75       7635.6694      -3.8180000       1.9675000      0.65100000       338.82100       1.9262440     0.024625790
       1201.0000       285.51623       101423.09       7615.6463      -2.6775000       1.2162500     -0.41775000       338.72400       1.9499218     0.016890814
       1204.0000       285.49319       101422.34       7583.1551      -1.1717500      0.72125010      0.31125000       340.42000       1.9197664     0.027016944
       1207.0000       285.47456       101423.81       7541.3597      -1.2500000      0.86925010      0.17925000       339.26100       1.9106179     0.023851710
       1211.0000       285.39582       101441.32       7420.1407      -1.5485000      0.53350000      0.43700000       340.19700       1.9049046     0.022958930
       1214.0000       285.37468       101442.82       7380.6206      -2.2950000      0.22700000      0.11800000       339.68500       1.9266737     0.025553185
       1217.0000       285.37125       101442.54       7348.6889      -2.1552500     -0.82700000      0.53200000       339.95500       1.9381779     0.023200550
       1221.0000       285.45009       101438.32       7277.1475      -3.0172500     -0.18950000      0.34850000       339.17300       1.9335106     0.023943931
       1224.0000       285.49303       101436.99       7269.9208      -2.1775000       2.0675000       1.0965000       341.94300       1.9285583     0.017524611
       1227.0000       285.54065       101434.72       7281.9048      -2.9677500       1.0102500      0.17750000       340.20700       1.9325249     0.021913377
       1231.0000       285.61382       101417.02       7369.8148      -1.9605000      0.94325010    -0.054500000       339.56900       1.9408675     0.025599261
       1234.0000       285.64995       101416.37       7407.6356      -2.0297500      0.89650010     0.041500000       340.53100       1.9136735     0.023461045
       1237.0000       285.68610       101418.88       7450.6148      -3.1785000       1.0635000      0.39775000       340.40500       1.8727145     0.022248407
       1241.0000       285.79838       101437.16       7546.5768      -1.5360000       1.0415000      0.11925000       339.77400       1.9220640     0.021901756
       1244.0000       285.82605       101441.37       7596.2330      -3.0067500     -0.39925000     -0.30350000       339.43800       1.9358100     0.017895940
       1247.0000       285.83550       101445.07       7641.9938      -1.9500000      0.42725000      0.26075000       341.08600       1.9299162     0.024664226
       1250.0000       285.75184       101460.16       7680.4677      -1.7690000     -0.38225000     0.081500000       340.48400       1.9319312     0.024815083
       1254.0000       285.74405       101460.91       7728.5482      -2.3630000       1.9335000   -0.0055000000       339.88200       1.9290925     0.023668686
       1257.0000       285.74339       101456.83       7760.8113      -2.5022500      0.48150000     0.051750000       339.82700       1.9331174     0.023343675
       1260.0000       285.74316       101427.37       7789.5310      -3.4905000       1.6050000     -0.36600000       339.95800       1.9506401     0.020830302
       1264.0000       285.74328       101421.87       7824.9192      -4.1210000      0.86800000      0.11175000       338.73500       1.9662212     0.024979897
       1267.0000       285.74876       101420.87       7847.9027      -2.3930000      0.33100000      0.15500000       339.66900       1.9408745     0.025491572
       1270.0000       285.78990       101422.43       7865.6670      -2.7315000       1.0505000      0.36775000       339.86100       1.9479760     0.026253871
       1274.0000       285.80597       101422.45       7886.9880      -3.8310000       1.2827500     -0.12325000       338.52200       1.9520644     0.020080937
       1277.0000       285.81275       101425.09       7900.0383      -5.1080000       2.1915000     -0.13300000       337.93000       1.9051938     0.021019422
       1280.0000       285.85649       101449.64       7940.1378      -4.1260000      0.82325010      0.36550000       337.74500       1.9610104     0.023350964
       1284.0000       285.82493       101455.33       7935.0159      -3.0297500      0.96275000     -0.38775000       338.59800       1.9494865     0.020514259
       1287.0000       285.78013       101455.35       7917.2769      -4.1175000       1.3767500     -0.33825000       338.32400       1.9549296     0.020218243
       1290.0000       285.67729       101440.05       7871.2681      -2.4267500      0.80200000      0.42300000       338.53000       1.9561689     0.021366872
       1294.0000       285.60574       101435.30       7830.8946      -2.9217500     0.042500000      0.27625000       338.63200       1.9529261     0.022207076
       1297.0000       285.54689       101431.73       7793.5888      -3.0392500       1.8285000      -1.5415000       337.59700       1.9585937     0.024538888
       1300.0000       285.37660       101419.08       7682.6147      -2.0995000       1.1822500     -0.49375000       338.87600       1.9103927     0.023683413
       1304.0000       285.31281       101416.72       7640.2034      -3.6000000       2.7470000    -0.082750010       337.63900       1.9124749     0.022945711
       1307.0000       285.29596       101418.05       7624.6981      -4.0982500      0.46000000     -0.69275000       339.05300       1.9253855     0.025549814
       1310.0000       285.43505       101433.11       7669.5134      -4.6970000       2.1165000     -0.46125000       338.36900       1.9407234     0.019676550
       1314.0000       285.41889       101436.24       7656.5388      -4.6867500       1.5807500     -0.15725000       338.17600       1.9359298     0.020718053
       1317.0000       285.39096       101437.54       7645.7149      -3.1732500       1.9532500     -0.54325000       337.91200       1.9938864     0.023222570
       1320.0000       285.38573       101444.52       7686.3933      -5.1787500       2.4740000      0.17000000       338.01600       1.9559087     0.025802627
       1324.0000       285.32962       101443.72       7661.2928      -3.1855000       2.0827500     0.098500010       338.41800       1.9536210     0.022721417
       1327.0000       285.26122       101439.97       7623.4597      -2.9880000       1.2660000      0.57075000       339.46700       1.9483291     0.020680050
       1330.0000       285.02078       101417.60       7503.5879      -2.6625000      0.81950000     -0.50675000       338.36000       1.9462522     0.020528439
       1334.0000       284.91507       101411.85       7437.1771      -2.9852500       1.6517500     -0.13650000       338.04300       1.9325193     0.020939674
       1337.0000       284.86283       101410.22       7392.9366      -2.1440000       1.6620000     0.027750000       338.08700       1.9333976     0.019008491
       1340.0000       284.83468       101410.46       7322.7977      -1.5282500       1.1397500      0.10250000       338.38900       1.9771827     0.023745357
       1344.0000       284.81896       101412.02       7281.2638     -0.68975000      0.92900000      0.56150000       338.65200       1.9471184     0.023596068
       1347.0000       284.83298       101415.76       7265.2935      -2.4885000       1.0490000     0.039500000       337.78600       1.9546437     0.021343343
       1350.0000       284.97169       101438.38       7293.9721     -0.60775010       1.4302500     -0.21475000       337.76700       1.9274487     0.022282016
       1354.0000       285.01140       101443.87       7296.3937     -0.58075000       1.0447500     0.074250010       338.19900       1.9197296     0.017333593
       1357.0000       285.03083       101444.82       7302.1933      -1.8320000      0.60700010      0.63125000       338.34300       1.9334760     0.014956275
       1360.0000       285.05962       101437.99       7314.2603     -0.98125000      0.97950010      0.49875000       339.15100       1.9313281     0.020694622
       1364.0000       285.06752       101436.35       7336.3078      -2.5767500       1.0080000      0.10700000       338.86600       1.9794549     0.011167041
       1367.0000       285.05765       101434.05       7356.2280      -3.1765000       1.0302500     -0.17975000       339.15500       1.9286689     0.019681394
       1370.0000       284.98876       101419.02       7372.0296      -3.1820000     -0.36175000    -0.099750000       338.04200       1.9816516     0.022771605
       1374.0000       284.94848       101416.58       7404.8046      -3.2617500      0.79825000    -0.052750000       338.01200       1.9612058     0.017517694
       1377.0000       284.91848       101417.92       7434.6810      -2.1997500      0.27800000     0.085250010       338.82700       1.9434424     0.025404445
       1380.0000       284.90366       101430.41       7503.7652      -3.6342500      0.16650000     -0.30750000       338.05700       1.9445575     0.020142264
       1383.0000       284.86857       101433.92       7532.4616      -4.2225000      0.32550000     0.070750010       338.75000       1.9472488     0.019912815
       1387.0000       284.81484       101438.59       7561.2691      -3.7840000     -0.44025000     -0.31475000       338.72800       1.9651591     0.019461483
       1390.0000       284.79909       101454.43       7608.5652      -3.5077500     0.012750000     -0.42625000       338.24200       1.9388108     0.016272173
       1393.0000       284.74188       101455.62       7610.3843      -3.4602500      0.45750000     -0.13000000       337.76000       1.9513206     0.022653815
       1397.0000       284.64493       101451.70       7588.4909      -4.4837500     -0.17175000    -0.056000000       338.31600       1.9289779     0.021578937
       1400.0000       284.51701       101430.90       7534.1329      -2.1465000     -0.23350000      0.39675000       338.27500       1.9585637     0.024593265
       1403.0000       284.43332       101426.00       7493.8718      -3.1032500      0.84000000     0.044750000       337.71800       1.9607468     0.024472090
       1407.0000       284.32086       101420.80       7426.7336      -2.0265000     -0.35375000      0.23075000       338.53400       1.9593193     0.021110443
       1410.0000       284.14530       101406.47       7309.3461      -2.7527500     -0.41275000     0.026500000       338.04700       1.9377261     0.013617147
       1413.0000       284.08031       101404.53       7255.5633      -3.1447500     -0.27350000      0.41525000       338.49000       1.9477576     0.017296487
       1417.0000       284.03572       101408.24       7197.7738      -2.5032500      0.43850000     -0.21825000       338.99300       1.9545215     0.023208906
       1420.0000       284.03220       101433.60       7144.7988      -3.2532500      0.49375000      0.44475000       338.06200       1.8934411     0.022399934
       1423.0000       284.05113       101440.54       7121.5944      -2.9792500     -0.52650000     -0.12850000       338.15700       1.9604200     0.016463833
       1427.0000       284.11840       101447.59       7112.8301      -2.5360000       1.3505000      0.42050000       338.24500       1.9346308     0.020240407
       1430.0000       284.31716       101457.52       7146.3835      -3.2535000      0.38400000     -0.13350000       338.34300       1.9586937     0.017152049
       1433.0000       284.38991       101459.85       7163.3677      -1.3450000       2.7120000      0.88000010       338.34700       1.9685398     0.017121991
       1437.0000       284.47313       101458.14       7197.2566      -2.3115000       2.0627500      0.64350000       338.14800       1.9059473     0.020881094
       1440.0000       284.59147       101439.67       7256.9223      -2.8650000      0.50100000     -0.18575000       338.01100       1.9544572     0.017783383
       1443.0000       284.63156       101435.30       7293.4160      -2.3240000      0.99775000     -0.48600000       337.98100       1.9603104     0.020189320
       1447.0000       284.64260       101430.84       7341.9164      -2.1362500      0.56100000     -0.89800010       337.89500       1.9360073     0.020218003
       1450.0000       284.57366       101423.92       7414.9650      -2.4795000      0.73325000     -0.58750000       337.48100       1.9409679     0.020706810
       1453.0000       284.53351       101422.36       7437.5360      -2.2280000      0.97125010     0.016000000       338.34700       1.9318829     0.020031560
       1457.0000       284.45897       101423.79       7448.1563      -1.3390000      0.92400000      0.69400000       338.54400       1.9825847     0.015801232
       1460.0000       284.31477       101436.38       7426.7413      -1.6410000      0.85225000     0.046500000       338.12500       1.9343103     0.020640792
       1463.0000       284.25251       101440.10       7420.0319      -1.0490000      0.53625010    -0.016000000       338.42300       1.9579420     0.021338496
       1467.0000       284.18424       101444.31       7400.5478      -2.4657500     -0.32400000     -0.22250000       338.05700       1.9460234     0.023493755
       1470.0000       284.11400       101455.58       7337.9825      -3.4835000       1.0185000     -0.74850000       337.73000       1.9276776     0.024389285
       1473.0000       284.08161       101455.48       7313.3460      -2.2680000      0.29075000     0.046000000       338.15700       1.9343586     0.025489321
       1477.0000       284.06595       101450.52       7288.1012      -1.2602500      0.49800000      0.12200000       337.97200       1.9328061     0.027330228
       1480.0000       284.11988       101428.89       7276.8831      -3.3022500      0.26800000     -0.88350000       337.96100       1.9478312     0.022744758
       1483.0000       284.13698       101424.45       7269.5137      -2.5842500      0.67500000    -0.095500010       337.52600       1.9386244     0.018673889
       1487.0000       284.16666       101420.60       7266.4630      -2.6350000      0.75775000     -0.22425000       338.11100       1.9818162     0.018936794
       1490.0000       284.25270       101412.21       7283.5568      -1.5877500       1.1655000      0.75225000       338.86500       1.9702850     0.018764538
       1493.0000       284.26676       101410.49       7283.9223      -1.9182500      0.78775010    -0.035750000       338.59400       1.9786977     0.019347081
       1497.0000       284.26438       101413.19       7284.0428      -1.0627500      0.74200000     -0.26625000       338.39700       1.9686366     0.018697157
       1500.0000       284.25013       101434.03       7312.4889      -1.9980000       2.1382500     -0.20700000       338.10800       1.9518203     0.019476055
       1503.0000       284.22835       101440.32       7306.5312      -1.5430000       1.2047500       1.0225000       338.48800       1.9311534     0.023436525
       1507.0000       284.17826       101446.60       7284.7741      -1.6932500      0.87200000      0.37100000       338.87300       1.9424601     0.019575139
       1510.0000       284.05051       101452.60       7231.0472      -2.8672500       2.2292500     -0.40800000       337.89500       1.9539973     0.022067881
       1513.0000       284.00042       101453.64       7206.8439      -1.6350000       2.2052500    -0.059500000       337.85200       1.9235217     0.020784409
       1516.0000       283.95972       101452.39       7182.7313     -0.93225000       1.4840000      0.11325000       338.55900       1.9951843     0.017304177
       1520.0000       283.87665       101440.04       7121.5971      -2.0535000      0.14300000     -0.16450000       338.47400       2.0008492     0.018786575
       1523.0000       283.86716       101436.46       7100.8173      -2.7715000      0.22475000    -0.059250000       338.85800       2.0029134     0.022116135
       1526.0000       283.87981       101432.88       7088.3025      -3.6770000      0.66800000      0.11700000       337.93400       1.9803524     0.018807182
       1530.0000       284.01459       101421.69       7106.9741      -3.7257500       1.6765000     -0.22550000       337.95400       2.0127997     0.015434630
       1533.0000       284.04518       101418.42       7106.4446      -3.0315000      0.10450000     -0.34000000       338.16000       1.9749939     0.019025170
       1536.0000       284.07155       101416.97       7107.1833      -3.2715000       1.3725000     -0.93850000       337.84200       1.9662270     0.022850727
       1540.0000       284.10801       101420.90       7091.2213      -4.0287500      0.55875000     -0.35350000       337.83200       1.9752725     0.018591812
       1543.0000       284.14522       101423.19       7106.3644      -2.8247500       2.1635000     0.030000000       338.24700       1.9356501     0.020511370
       1546.0000       284.17795       101426.38       7129.4149      -4.0112500       1.6252500     -0.36025000       337.61700       1.9550861     0.022260018
       1550.0000       284.16493       101440.48       7160.2794      -3.7062500       2.1705000     -0.32500000       337.85600       1.9518166     0.018954284
       1553.0000       284.18153       101442.65       7197.0989      -2.7105000       1.6387500      0.12150000       338.36900       1.9827144     0.016996528
       1556.0000       284.20700       101442.98       7244.8237      -1.3602500       1.3722500      0.76200000       338.78000       2.0260424     0.014956728
       1560.0000       284.32978       101441.14       7387.0068      -1.5065000       1.1475000      0.11750000       338.25600       2.0023457     0.016018704
       1563.0000       284.36154       101439.08       7445.0535      -1.9572500       2.3830000    -0.054750000       338.20300       1.9646807     0.018248332
       1566.0000       284.38003       101435.24       7495.6112      -2.4030000       1.5225000     -0.31900000       338.00500       1.9583356     0.018928593
       1570.0000       284.37070       101412.18       7579.4705      -2.9552500       1.7240000     -0.75325010       338.01500       1.9601765     0.020670608
       1573.0000       284.36636       101407.56       7608.9399      -3.3165000       1.4452500     -0.18600000       338.22300       1.9785498     0.017888986
       1576.0000       284.35314       101405.60       7622.4570      -2.4975000       1.1455000     -0.43375000       338.42100       1.9635481     0.020649448
       1580.0000       284.27639       101409.22       7574.8766      -3.6915000       1.4950000    -0.070250000       338.48100       1.9967867     0.017595201
       1583.0000       284.25164       101411.29       7564.6586      -2.7897500       1.3710000     -0.22000000       337.62300       1.9773772     0.018068080
       1586.0000       284.23130       101415.23       7551.0792      -3.6397500      0.49275000     -0.37975000       337.77300       1.9587576     0.018718182
       1590.0000       284.22424       101436.71       7514.5571      -1.6480000      0.85550000      0.34625000       338.29500       1.9632096     0.019788457
       1593.0000       284.20604       101441.90       7489.8829      -2.4927500       1.2640000     -0.29600000       337.62100       1.9777931     0.017057106
       1596.0000       284.18785       101444.84       7465.4262      -2.9980000      0.24400000     -0.51725000       337.57400       1.9967375     0.018276576
       1600.0000       284.17996       101445.67       7456.6116      -2.5447500   -0.0052500000     -0.60175000       337.54400       2.0106161     0.017424047
       1603.0000       284.16281       101444.27       7430.0386      -2.0647500     -0.44425000     -0.11500000       337.73400       1.9618234     0.019406840
       1606.0000       284.14126       101440.60       7396.8348      -1.9765000    0.0017500000      0.15050000       337.99300       1.9817124     0.018800687
       1610.0000       284.07556       101419.08       7311.9735      -2.4795000      0.81400000   -0.0040000000       337.76500       1.9887173     0.013370337
       1613.0000       284.05105       101414.03       7273.8431      -2.8582500       1.2240000     -0.38075000       337.72400       1.9844638     0.016656462
       1616.0000       284.03096       101410.76       7238.4095      -1.5292500      0.36800000     -0.12125000       337.77600       1.9694931     0.016548086
       1620.0000       284.03916       101405.29       7190.7825      -2.2197500      0.77225010     -0.25325000       337.88600       2.0027239     0.015947307
       1623.0000       284.01588       101405.45       7156.8579      -2.7930000      0.97525010     -0.23500000       338.10300       2.0000234     0.016477567
       1626.0000       283.98798       101408.36       7126.4397      -1.3812500       1.2295000     -0.11425000       338.33200       2.0201654     0.013763509
       1630.0000       283.93199       101428.52       7101.3849      -2.5002500       1.2105000     -0.78950010       337.78500       1.9855198     0.013791504
       1633.0000       283.90798       101434.72       7080.8339      -2.5812500      0.15550000     -0.23900000       338.27200       1.9510075     0.015723745
       1636.0000       283.88398       101440.03       7060.9838      -3.3627500       2.4872500      0.36450000       337.98600       2.0039765     0.015621948
       1640.0000       283.83288       101451.71       7032.3425      -3.0157500      0.61400000     0.030250000       338.20400       1.9531161     0.016508439
       1643.0000       283.80190       101454.04       7011.5701      -2.3847500       1.5345000      0.36350000       338.28600       1.9991152     0.017384495
       1646.0000       283.77556       101453.65       6992.1049      -3.1042500       1.5340000     -0.29450000       337.92500       1.9555867     0.015342259
       1649.0000       283.76967       101444.32       6968.4454      -1.9960000      0.12575000    -0.052500000       337.96700       1.9524119     0.015444455
       1653.0000       283.75374       101438.40       6952.1077      -2.5437500      0.88375000     -0.10925000       338.23300       1.9683651     0.015192710
       1656.0000       283.74180       101432.92       6943.2407      -4.0270000      0.76425000     -0.71575000       337.84700       1.9508231     0.015376647
       1659.0000       283.71525       101415.72       6923.5587      -3.5885000       2.0872500     -0.40775000       338.01100       1.9821067     0.013507703
       1663.0000       283.69744       101408.32       6920.5518      -2.6912500      0.44000000     -0.12400000       337.63700       1.9945152     0.011226510
       1666.0000       283.68923       101405.35       6926.4353      -2.6530000    -0.044500000     -0.33200000       337.68900       1.9735325     0.014239786
       1669.0000       283.68546       101404.60       6939.2910      -2.6250000      0.43775000      0.16225000       337.90500       1.9760817     0.013771713
       1673.0000       283.70035       101405.71       6978.4067      -2.9615000      0.79400000     0.029000000       337.92500       1.9809555     0.013028325
       1676.0000       283.70045       101409.39       6998.5759      -2.0335000      0.60250000    -0.069500010       337.95900       2.0095462     0.012325864
       1679.0000       283.70057       101415.37       7021.0397      -1.9640000       2.0965000     -0.19275000       337.92800       2.0362637    0.0084930761
       1683.0000       283.68256       101434.64       7057.4646      -2.3712500       1.2082500   0.00025000000       338.03400       1.9698575     0.013524631
       1686.0000       283.70213       101439.96       7086.7719      -2.1085000      0.87475000      0.65875010       338.38300       1.9867876    0.0083009783
       1689.0000       283.76106       101450.26       7121.2262      -1.6392500       1.1697500     -0.16325000       338.48800       1.9902525     0.010884798
       1693.0000       283.79362       101454.03       7162.8098      -1.1045000      0.70700000      0.57350000       339.03500       2.0098610     0.011074933
       1696.0000       283.81779       101453.68       7195.4581      -3.1715000       1.7697500     -0.48225000       338.23000       1.9925586    0.0079392208
       1699.0000       283.85571       101444.37       7234.5159      -2.6117500       1.1512500     -0.23800000       337.91600       1.9680574     0.014766250
       1703.0000       283.89744       101438.46       7283.1666      -1.5992500       1.0072500      0.40475000       338.67600       1.9505945     0.015146226
       1706.0000       283.92360       101433.00       7319.3522      -1.2982500       1.8285000     -0.34150000       338.63000       1.9636858     0.016772290
       1709.0000       283.94536       101426.66       7355.2567     -0.77050010       1.4085000      0.22125000       338.93300       1.9672310     0.015019001
       1713.0000       283.93631       101407.63       7409.3136      -2.2410000       1.6762500     -0.32775000       338.98400       1.9564686     0.013950912
       1716.0000       283.95834       101405.77       7433.1148      -2.7800000       2.2270000     -0.88225010       338.30100       1.9790157     0.010091806
       1719.0000       283.98505       101406.62       7452.1172      -2.0925000       1.9545000      0.32250000       338.54700       1.9623554     0.014280707
       1723.0000       284.04009       101411.80       7476.9741      -1.6727500       1.1565000     -0.19625000       338.84000       1.9630723     0.013982583
       1726.0000       284.07023       101415.72       7488.1534     -0.56600000       1.5105000      0.42825000       339.12000       1.9383002     0.015339591
