MIRICO/SHELL project - Processed LDS file generated on
Mon Jul 31 15:01:12 2017
Time stamp for record start
05/09/2017  11:26:22.0000
Nb of points in the record
         520
Beam position index
       3.0000000
Beam angle (degrees)
     -0.91900000
Open Path length (m)
       44.550000
****************** Temporal data record ************************
Elapsedtime_sec Temp_K Press_Pa Humidity_ppmv WindX_m/s WindY_m/s WindZ_m/s Speedofsound_m/s CH4vmr_ppmv CH4vmrerror_ppmv  
      0.00000000       283.83279       101447.71       7185.9147      -3.9552500       2.6065000     -0.42525000       337.43900       3.2570808     0.042068583
       3.0000240       283.85601       101446.41       7206.5942      -3.2215000       1.8825000     -0.64325000       337.99200       4.9166251     0.043701663
       6.0000077       283.87481       101447.83       7225.6333      -1.1000000       1.7360000     -0.35350000       338.85500       3.0075131     0.039664117
       9.9999860       283.89415       101465.34       7257.8433      -1.3722500       1.5850000     -0.10775000       339.47500       4.9049391     0.049122327
       13.000010       283.90532       101466.84       7272.1173      -3.5067500       2.0580000     -0.35525000       338.37600       3.7503111     0.044810025
       15.999994       283.91196       101466.99       7281.9651      -2.8377500       1.3757500     -0.13650000       338.50900       3.9078138     0.041018731
       20.000012       283.88730       101467.41       7265.2507      -2.0165000       2.0407500     -0.48250000       338.27900       3.5699675     0.049956801
       22.999996       283.89409       101467.23       7274.9610      -2.6137500       2.0660000     -0.11675000       338.23600       2.6608296     0.045007499
       26.000020       283.90543       101465.71       7288.1535      -1.9810000      0.97175000      0.40650000       338.80700       3.4420573     0.040495901
       29.999998       283.90001       101447.76       7302.1357     -0.64475010       1.1697500      0.19675000       339.03100       3.9107264     0.043957120
       33.000022       283.93233       101446.43       7323.3618     -0.75250010      0.82625000      0.15475000       339.21000       2.9455258     0.042434494
       36.000006       283.97792       101447.75       7350.4136    -0.080750000      0.54450010      0.64250000       339.38800       2.6074572     0.042729022
       40.000024       284.09554       101465.75       7408.2610      -1.9422500       1.8255000      0.27650000       338.34900       3.1453450     0.036752819
       43.000008       284.14908       101467.37       7445.1963      -1.5860000       1.3170000     -0.45775000       338.53700       4.6827707     0.044851684
       45.999992       284.20262       101467.67       7484.1410      -1.2270000       1.6977500    -0.052500000       338.76900       4.1147079     0.045267479
       50.000010       284.36295       101467.77       7576.5216      -1.2805000       2.7152500     -0.77775000       338.88600       7.9311104     0.049621999
       52.999994       284.38833       101467.55       7602.7399     -0.12500000       2.7340000      0.61925010       338.80200       2.8292638     0.041910340
       56.000018       284.38651       101465.92       7618.4246      -1.7950000       4.3002500      -1.0495000       338.06800       3.8563363     0.047558803
       59.999996       284.29350       101448.02       7636.2941      0.33475000       3.7150000     -0.48800000       338.61400       3.3486906     0.041706197
       63.000020       284.26193       101446.63       7629.9922     -0.97575000       1.8912500    -0.059500000       338.63200       4.6664558     0.047174074
       66.000004       284.22135       101447.93       7609.9419      -2.3610000       3.4097500       2.3720000       338.54500       4.4331381     0.046247290
       70.000023       284.08897       101468.25       7520.5704      -1.8290000       2.1077500      0.61350010       338.39300       3.9842870     0.043196469
       73.000006       284.03596       101468.57       7482.8852      -3.3740000       1.1842500     -0.55825000       338.11800       5.0414324     0.043179169
       75.999990       283.99226       101466.59       7444.9818      -2.1962500       2.1845000     -0.65525000       337.91700       5.4867983     0.045931557
       80.000009       284.00558       101455.87       7396.9433      -1.6922500       1.4967500     -0.52675000       337.64000       3.2050962     0.049200541
       82.999992       283.96233       101455.27       7352.8082      -1.8310000       1.5455000      0.19875000       338.48500       5.6087012     0.043522610
       86.000016       283.91021       101454.66       7306.8022      -2.4265000       2.3507500      -1.2015000       337.72600       6.5974563     0.045824673
       89.999995       283.76635       101441.22       7235.3195     -0.94100000       2.0922500     -0.35825000       338.36200       3.7980171     0.041676606
       93.000019       283.73292       101440.62       7194.5126      -2.7702500       2.1777500     -0.70725010       338.10000       6.5861565     0.049954486
       96.000002       283.71282       101443.22       7155.2787      -2.2810000       2.2797500     -0.16850000       337.73600       5.7619217     0.043835248
       98.999986       283.65632       101468.49       7071.9520      -2.3042500      0.72525000      0.67600010       338.76000       7.1893199     0.051524781
       103.00000       283.66462       101474.17       7040.8486      -2.6160000       1.9710000      0.18100000       338.35300       6.1833230     0.050976354
       105.99999       283.70244       101475.28       7035.3123      -3.8057500       1.1977500     -0.32850000       338.57100       4.3917512     0.049045547
       109.00001       283.89960       101464.03       7090.5841      -2.9552500       2.2902500     -0.92450000       338.39800       4.3407082     0.036923541
       112.99999       283.97265       101464.88       7097.0601      -1.0015000       1.5277500      0.79875000       339.00000       3.1912886     0.040462335
       116.00001       284.01108       101466.06       7102.3447     -0.51175000       1.9872500      0.24025000       338.47200       2.7936926     0.040341904
       119.00000       284.03760       101466.19       7130.2656      -1.1770000      0.86700000      0.30000000       339.02100       3.3674288     0.043342255
       123.00002       284.06902       101464.62       7145.4280     -0.86000000       3.2107500      0.64200000       338.60200       3.4316613     0.047278808
       126.00000       284.07707       101463.96       7150.7005      -3.0415000      0.79975000     -0.31875000       339.00500       3.6121335     0.045315222
       129.00002       283.99560       101471.94       7102.1014      -2.1857500       2.1710000     -0.49500000       338.67700       3.8182569     0.046010223
       133.00000       283.98748       101472.71       7107.4056      -1.3760000       1.5430000      0.84700010       339.16000       3.4690307     0.039106075
       135.99999       283.99170       101471.22       7121.8028      -2.4240000       2.8920000     -0.52750000       338.15200       3.5548295     0.040577462
       139.00001       284.06272       101454.54       7178.5729      -1.9080000       2.5205000     -0.13200000       337.92600       4.9407833     0.045645419
       142.99999       284.06267       101452.16       7204.8184      -1.2567500       2.8757500     -0.18325000       338.05400       3.9410034     0.043912444
       146.00001       284.05207       101453.01       7222.8248      -1.6292500       1.8632500     0.088250000       338.14800       2.9737849     0.042671325
       149.00000       284.04974       101468.62       7275.3646      -1.1427500      0.83225010      0.11175000       338.79700       3.3882612     0.042557293
       153.00002       284.01762       101467.87       7285.9601     -0.81925000       2.0260000     -0.15600000       338.23700       2.8897395     0.040465623
       156.00000       283.97777       101465.22       7279.4744     -0.94625000       1.4015000      0.40500000       338.98100       3.1073218     0.043983627
       159.00002       283.85055       101455.93       7224.7053      -1.3287500       2.0962500     -0.45925000       337.74200       2.9110470     0.047345801
       163.00000       283.78574       101455.07       7199.7557     -0.58850000       4.0530000     -0.14675000       338.37900       3.1695633     0.036839391
       165.99998       283.74806       101454.48       7180.2823     -0.53025000       2.9735000      0.28650000       338.34200       3.1135298     0.043958782
       169.00001       283.70512       101442.45       7139.5076     -0.76350000       3.1072500     -0.56775000       338.46000       3.6139195     0.044463871
       172.99999       283.68141       101440.87       7113.1020     -0.67575000       2.7255000      0.29400000       338.71300       2.9166438     0.046758041
       176.00001       283.67912       101443.29       7099.1564     -0.37375000       3.0125000     -0.59775000       337.62300       3.7070488     0.043869181
       178.99999       283.71852       101471.43       7110.5705     -0.42925000       2.5925000    -0.071750000       337.70200       3.3769103     0.040874571
       183.00001       283.74262       101475.33       7099.2661     -0.84700010       2.9917500     -0.29625000       338.00800       3.4470635     0.049647067
       186.00000       283.76617       101474.04       7089.4656     -0.69075010       2.0712500    -0.071250010       338.66900       3.1232935     0.049051222
       189.00002       283.82409       101454.26       7080.6966      -2.2297500       1.5645000      0.23975000       339.17100       4.3281483     0.046227389
       193.00000       283.85620       101453.53       7064.9810      -1.7770000       3.2102500     -0.21925000       338.26200       2.8379115     0.048505949
       196.00002       283.87503       101454.57       7051.2076     -0.93250010       3.2570000     -0.20675000       338.28900       3.2281622     0.042179097
       199.00001       283.89020       101456.67       7023.8951     -0.70150010       2.7710000     -0.46500000       338.20400       3.3145677     0.044337875
       202.99999       283.90630       101454.30       7005.5760     -0.63500010       3.1612500     -0.52550000       338.12100       3.6204705     0.047120167
       206.00001       283.91305       101453.54       6994.1392     -0.84375010       2.4390000      0.15475000       338.32200       2.9012680     0.041478776
       208.99999       283.88598       101463.95       6972.9257      -1.1265000       2.4040000     0.020750000       339.01600       2.4482135     0.039326830
       213.00001       283.89411       101467.89       6968.3509      -2.7212500       1.7627500     0.070000000       339.25300       3.7389405     0.043937636
       216.00000       283.90539       101468.79       6971.4816      -1.7237500       1.7237500     -0.70475010       337.87600       3.3988064     0.043796304
       219.00002       283.91981       101456.58       6984.0937      -1.8032500       1.8005000      -1.0012500       337.95000       3.7130373     0.044085410
       223.00000       283.94359       101453.38       7000.5667      -1.2285000       2.5750000     -0.11025000       338.70700       2.9927678     0.041084135
       226.00002       283.96658       101452.53       7017.9413      -2.7380000       1.8137500     -0.39900000       338.28600       4.5533735     0.044602131
       229.00001       284.00841       101463.61       7053.1987      -1.4812500       1.7807500      0.53925000       339.25600       5.4839568     0.051674784
       231.99999       284.03830       101463.28       7076.7202      -1.2642500       1.5732500    -0.046500000       338.40600       3.6692393     0.037884740
       236.00001       284.07841       101460.00       7108.5865      -2.3430000       1.8270000     0.084500010       340.11500       2.9344053     0.041865739
       238.99999       284.10953       101443.19       7134.5861      -1.8177500       1.4637500     -0.50450000       337.52700       3.9442804     0.038791101
       242.00002       284.13975       101442.26       7159.4084      -1.8862500       1.6717500     -0.42425000       337.90700       3.5463634     0.045598269
       245.99999       284.18008       101444.51       7192.3757     -0.83700000       1.2290000      0.26450000       338.83700       2.1757225     0.039580500
       249.00002       284.22519       101457.71       7238.3734      -1.7277500       1.4175000     0.069000010       337.64600       5.3838293     0.034523361
       252.00000       284.25036       101457.37       7254.7836      -1.6537500       1.3280000     -0.29225000       337.47000       5.8771274     0.057826058
       256.00002       284.27662       101455.43       7265.7160     -0.99725000       2.2887500     -0.51975000       338.79800       5.1393678     0.053193707
       259.00000       284.26203       101453.99       7265.4852     -0.75925000       1.5090000     0.010250000       339.28700       5.5800925     0.037764596
       261.99999       284.28516       101455.87       7263.8251     -0.98075000       1.0975000     0.089000000       339.90800       3.9054508     0.037924277
       266.00001       284.32288       101457.01       7251.2949      -1.7365000       1.4345000     -0.33775000       337.82000       4.2560023     0.033006050
       268.99999       284.32248       101446.54       7184.6273      -1.9190000       1.2997500      -1.0505000       337.70700       4.3108284     0.035824121
       272.00001       284.36239       101443.26       7172.6979     -0.13350000       1.6965000      0.49825000       339.82600       4.0002672     0.029611198
       275.99999       284.43731       101441.77       7169.2989     -0.90575000       2.1030000      0.27800000       337.99100       3.6190475     0.040270436
       279.00002       284.52607       101452.48       7143.0033     -0.93150000       1.7727500    -0.069500010       338.40000       2.9974981     0.035898515
       282.00000       284.60927       101455.67       7164.8279     -0.96450010       2.2232500     -0.11525000       338.21200       3.1164712     0.036711751
       286.00002       284.73428       101458.53       7222.7852     -0.55800000       3.6825000      0.10350000       338.48400       2.8032699     0.029146571
       289.00000       284.96691       101454.72       7358.5686     -0.70775000       3.0140000     0.049500000       338.21700       3.7641568     0.037345219
       291.99999       285.03351       101454.65       7416.0108     -0.20275000       3.1140000      0.12825000       338.93800       2.6713544     0.033313450
       296.00000       285.07215       101455.27       7486.5772     -0.37300000       2.7892500     -0.21000000       337.78000       3.0195411     0.034192397
       298.99999       285.06820       101463.78       7607.3240     -0.68275000       2.4427500     -0.70975010       338.56000       2.4808810     0.027366398
       302.00001       285.05507       101463.47       7642.8503     -0.69200000       2.1450000      0.12675000       339.35500       2.4530927     0.032422772
       305.99999       284.98937       101460.30       7650.4122      0.45900000       2.2925000      0.23825000       339.66800       2.5811324     0.023399630
       309.00001       284.76569       101442.94       7570.5735      -1.4172500       2.9735000     -0.25575000       337.91100       8.5848392     0.044944198
       312.00000       284.66891       101441.97       7537.9192     -0.76400010       2.7830000     -0.41800000       338.34700       3.9520743     0.036531742
       316.00002       284.55363       101444.14       7481.6057     -0.49250000       4.2962500     -0.62300000       338.29300       3.3645109     0.028228652
       319.00000       284.44874       101457.03       7376.5142     -0.22750000       3.3310000      0.57150000       338.88800       3.7112577     0.031260538
       322.00002       284.39200       101456.54       7327.2544      0.43050000       3.0967500     -0.30350000       338.56400       2.1290946     0.027423285
       326.00000       284.34421       101454.52       7273.5553     -0.65150000       2.3545000     -0.30050000       339.33000       2.3367230     0.029992125
       328.99999       284.36873       101455.44       7259.0044      -1.2650000       1.5767500     -0.17000000       340.21100       2.7159967     0.038099461
       332.00001       284.34982       101456.92       7225.7447     -0.58600000       1.4960000      0.84650000       340.35800       2.5327610     0.020925139
       335.99999       284.33164       101456.80       7184.1109      -2.2867500       1.2002500      0.65475000       339.92000       4.0272466     0.029404045
       339.00001       284.36975       101444.93       7167.5668      -1.8597500       2.0282500      0.24000000       339.83700       5.9601783     0.023927845
       342.00000       284.36542       101439.88       7142.0247      -1.9987500       1.2485000      0.99000010       340.64300       5.2820460     0.016895962
       346.00001       284.34566       101435.27       7105.1576      -2.6907500       2.3382500      0.29000000       340.18400       4.2948068     0.029961579
       349.00000       284.24728       101438.73       7040.9871      -2.7052500       2.3197500     -0.63100000       337.83200       2.5287242     0.026805198
       352.00002       284.23327       101439.92       7018.2238      -2.1682500       2.1700000      0.53525000       339.64400       4.1904365     0.022423529
       356.00000       284.23527       101441.52       7001.2402      0.37575000       5.8062500      0.20000000       338.89700       3.5208977     0.018067183
       359.00002       284.26180       101441.96       7018.7077     -0.90325000       3.0097500       1.4547500       339.16900       4.2283669     0.034233343
       362.00001       284.27851       101440.80       7013.5069      -2.8650000       4.8907500     -0.82950000       338.92400       2.8997540     0.019645539
       364.99999       284.30457       101439.66       7010.1967      -3.3520000       5.4167500      -1.0310000       338.14200       2.6700860     0.022059834
       369.00001       284.44195       101437.37       7030.0382      -1.0980000       3.2272500     0.018750000       339.47900       3.2224996     0.012619289
       371.99999       284.46886       101439.15       7031.4227      -2.4060000       2.5417500      0.43050000       339.99500       5.1018971     0.020316615
       375.00002       284.47776       101441.39       7028.5371      -65.536000      -65.536000      -65.536000       307.23200       3.7545651     0.015184800
       379.00000       284.40714       101444.07       6982.7887      -2.4645000       2.2267500      0.24500000       338.24700       2.9364014     0.013164008
       382.00002       284.40093       101444.63       6978.6864      -1.3300000       1.7112500      0.61025010       339.79500       3.4096046     0.024593455
       385.00000       284.39489       101445.63       6981.2462      -1.9907500       4.0357500     -0.66150000       337.99000       3.1129908     0.022604792
       389.00002       284.33910       101454.03       6995.0072      -1.2830000       2.6252500      0.00000000       339.31100       3.4562930     0.021532241
       392.00001       284.33125       101456.60       7009.3344      -2.5712500       2.1945000     -0.24875000       337.80400       2.3488446     0.013512141
       394.99999       284.33668       101457.83       7029.9801      -1.1460000       3.3815000      0.19900000       338.34300       2.4842521     0.021846319
       399.00001       284.45296       101450.13       7098.0628      -2.5607500       2.7317500      0.80500010       339.51000       3.6680512     0.020959379
       401.99999       284.46723       101449.45       7126.5905      -2.5685000       2.9372500       1.2072500       338.67800       2.4713040     0.015692694
       405.00002       284.46822       101449.67       7152.3275      -2.0197500       1.5255000     -0.52100000       339.16600       2.7374857     0.027062609
       408.99999       284.43900       101455.21       7195.3566      -2.1082500       2.7255000     -0.16375000       339.34800       2.8911002     0.027561381
       412.00002       284.42257       101455.90       7212.6064     -0.79875000       3.1152500      0.21400000       340.21300       3.1571713     0.023552895
       415.00000       284.39680       101456.15       7223.0741     -0.83175000       3.5345000     -0.32175000       339.00700       2.8608351     0.028267930
       419.00002       284.27266       101454.48       7207.3652      -1.5130000       2.9985000      0.61525010       339.72000       2.6019317     0.025800238
       422.00000       284.24015       101455.09       7208.8494     -0.36050000       2.9587500      0.18425000       340.58000       2.7227958     0.026709580
       424.99999       284.22119       101455.71       7209.6939      -2.5887500       3.2275000      0.15925000       338.62000       2.8510074     0.020103609
       429.00001       284.21583       101458.89       7206.4976      -1.5282500       3.4830000    -0.097000000       337.46700       3.3949052     0.026419109
       431.99999       284.22524       101457.26       7202.9016      -1.3465000       1.3000000     -0.23800000       338.91800       3.4112008     0.030467734
       435.00001       284.24818       101454.73       7199.3301      -1.5352500       3.1427500     -0.20225000       338.52500       5.8446290     0.031204681
       438.99999       284.31615       101444.79       7184.1301      -1.9902500       4.7137500     -0.16525000       338.53500       5.3596030     0.025438677
       442.00002       284.36832       101444.03       7187.9733      -1.3200000       3.1430000     -0.15825000       338.82000       4.0036495     0.027636553
       445.00000       284.42936       101444.16       7195.3523      -1.6722500       2.3347500     -0.15850000       339.35900       3.1330922     0.021124386
       449.00002       284.53720       101447.77       7195.2011      -1.1087500       1.4747500    -0.062250000       338.96800       2.3208874     0.027818008
       452.00000       284.61457       101446.03       7209.8501     -0.77600000       3.6825000     -0.36075000       338.89000       3.2721780     0.033874680
       454.99999       284.69698       101444.31       7232.3511      -1.3495000       1.4070000      0.84050010       339.83800       3.8241142     0.028230026
       459.00000       284.84419       101443.04       7281.8370      -1.3217500       2.1352500     0.017250000       338.64500       2.6360138     0.023852701
       461.99999       284.92953       101444.93       7323.6071      -2.7380000       2.1980000     -0.16250000       339.25700       2.8334334     0.033537697
       465.00001       285.01038       101446.81       7371.5446      -1.6620000       1.6870000     -0.32825000       339.41200       2.7493868     0.030121409
       468.99999       285.14071       101447.71       7453.0656      -3.3702500       2.2727500     -0.34600000       338.93400       2.5298023     0.027500317
       472.00001       285.20358       101445.90       7510.6290      -1.1797500       1.4232500      0.52025000       339.63000       2.9702774     0.036417948
       475.00000       285.25250       101444.08       7571.6058      -1.4332500       2.8910000      0.47250000       338.69000       2.3334440     0.030833840
       479.00002       285.23866       101443.09       7692.0239      -2.8657500       1.2335000     -0.56850000       338.11000       2.6773127     0.030409365
       482.00000       285.27961       101444.93       7752.1447      -3.3202500       3.1680000      0.32575000       338.79300       3.2141803     0.030917005
       485.00002       285.32497       101446.77       7805.3808      -2.0727500       1.3722500    -0.039250000       338.31300       3.8982774     0.038041688
       489.00000       285.44448       101447.68       7892.4460      -1.9150000       1.3685000     -0.34525000       339.10700       3.3191117     0.035926018
       491.99999       285.46456       101445.89       7923.3255      -1.4977500       1.2175000      0.32050000       339.64900       3.5506303     0.034666289
       495.00001       285.47136       101444.10       7939.0074      -2.5537500       1.7060000      0.16825000       339.21200       2.8504424     0.031407315
       497.99999       285.46486       101442.32       7939.4384      -1.7790000       2.6097500     -0.37775000       339.03600       3.6962251     0.028458466
       502.00001       285.51181       101443.18       7924.8716     -0.98675010       2.7052500     0.049000000       340.05000       2.8134080     0.028720647
       505.00000       285.46091       101446.99       7887.0069     -0.60900000       3.6595000      0.13575000       339.38000       3.9581707     0.033910486
       508.00002       285.37779       101451.69       7831.8192      -1.1307500       3.0435000      0.33550000       338.79500       3.0037387     0.034058499
       512.00000       285.10011       101456.86       7697.7439      -1.5992500       3.1287500     0.046000000       337.95400       2.4896533     0.029813680
       515.00002       285.03672       101455.49       7639.9956      -1.4500000       4.0605000      0.16450000       338.27900       5.9682477     0.039147361
       518.00001       285.00540       101453.00       7561.9631     -0.84475000       3.6087500     -0.22575000       339.21700       4.5648180     0.035577883
       521.99998       284.94270       101455.72       7479.4416      -2.1057500       1.7225000      0.17900000       340.17000       2.9544774     0.031863781
       525.00001       284.91162       101456.75       7424.6952     -0.68050000       1.9060000      0.17425000       339.91600       3.2897261     0.034339156
       527.99999       284.96991       101451.18       7381.1771     -0.51550000       1.0862500     0.039000000       339.71800       3.7090163     0.028281763
       532.00001       284.96574       101445.23       7330.7148     -0.62225000       2.3602500      0.14375000       339.47100       4.3666566     0.036536111
       534.99999       284.95227       101441.80       7297.8091      -1.6232500       3.7047500     -0.46675000       338.79800       2.8892566     0.031417376
       538.00002       284.92993       101439.26       7269.1783     -0.72850000       1.5447500     -0.69375000       338.68800       3.8608723     0.042446636
       542.00000       284.82371       101444.82       7224.7908      -1.1890000       3.3010000      0.42300000       341.19100       2.7214213     0.027802964
       545.00002       284.83319       101446.60       7208.3457     0.031250000       4.0887500      0.23650000       338.92400       3.2705085     0.036232088
       548.00000       284.86081       101448.36       7199.2711     -0.28125000       3.0585000     -0.36175000       338.45700       2.5818316     0.033403343
       552.00002       284.93523       101445.83       7208.4878      0.20750000       2.9480000     -0.53825000       337.39300       3.0354987     0.033777761
       555.00001       284.96292       101443.99       7211.8556      0.92825000       3.0600000     0.025000000       337.42200       3.0730353     0.037028126
       557.99999       285.05520       101442.23       7229.3573      0.56200000       2.6565000     -0.46675000       337.53000       3.2505967     0.033960022
       562.00001       285.10965       101444.64       7240.6592     0.092000010       2.6512500    -0.090750000       337.56400       5.1310783     0.036277995
       564.99999       285.13445       101446.47       7250.2798    0.0017500000       2.7155000     -0.19425000       337.50600       4.0356291     0.037463723
       568.00002       285.07031       101445.22       7261.0068       1.0395000       2.0240000     -0.26825000       338.90700       2.6872776     0.036761546
       572.00000       285.08247       101444.02       7280.4562     -0.16125000       2.6980000      0.61825000       338.95000       3.1259589     0.030095865
       575.00002       285.10190       101444.16       7296.3690     -0.33350000       2.9615000    -0.083500010       337.54800       3.4690461     0.036966059
       578.00000       285.16023       101452.78       7304.3469      0.26325000       2.5782500     -0.35700000       338.95200       3.9739229     0.047271962
       582.00002       285.19199       101456.55       7328.9601     -0.26000000       2.1952500     -0.19275000       339.56400       3.3953160     0.034127762
       585.00001       285.21581       101457.82       7351.9452      0.19050000       1.9095000      0.16350000       339.51200       3.9541857     0.038017811
       587.99999       285.23963       101457.76       7378.8303     -0.20950000       2.6652500     -0.33800000       338.40900       3.8409124     0.036868642
       592.00001       285.30581       101450.00       7433.4835     -0.11975000       2.1472500       1.3332500       339.75900       5.1896049     0.039537812
       594.99999       285.32220       101449.19       7458.3636      -1.0362500       3.3475000      0.34275000       339.32900       3.4619869     0.036325539
       598.00002       285.32953       101448.83       7481.4880      -1.2010000       3.4227500     -0.47225000       338.31800       3.8297212     0.042274251
       601.99999       285.30031       101450.45       7528.5697     -0.35500000       2.8275000     -0.23275000       338.74600       3.7314594     0.036746317
       605.00002       285.30038       101450.48       7533.4747     -0.59675000       1.7395000     -0.47600000       338.46900       3.0231613     0.040461664
       608.00000       285.31449       101448.80       7499.9958     -0.23600000       1.9677500     -0.25050000       338.27400       3.2249030     0.038205371
       612.00002       285.30857       101449.40       7492.7978     -0.70825000       2.4360000     -0.23950000       338.17600       3.1742552     0.029928474
       615.00000       285.29887       101450.39       7486.3586      0.15775000       2.9387500      0.29100000       338.92200       2.7231030     0.037218546
       617.99999       285.35961       101457.79       7495.0663     -0.47975000       3.6055000     -0.46725000       338.07300       4.4866691     0.028173869
       622.00001       285.30769       101457.57       7467.1396      0.90725000       2.7962500    0.0092500000       338.58300       4.0999627     0.038655313
       624.99999       285.23773       101455.86       7439.8040      0.16900000       4.7170000     -0.32800000       338.46900       6.1668472     0.046534572
       628.00001       285.14118       101452.83       7407.0118      -1.2862500       3.5247500      0.29375000       339.58200       3.2273668     0.031851652
       631.00000       284.97703       101444.45       7395.1135      -1.5382500       2.8960000     -0.58825000       338.29800       2.9806626     0.032551370
       635.00002       284.84447       101444.48       7334.2837     -0.89000000       1.7640000     -0.25325000       338.60900       4.2605692     0.031595957
       638.00000       284.73886       101445.54       7275.7934      -1.8180000       1.4920000     -0.28575000       340.36500       2.7626880     0.033921365
       641.00002       284.51071       101447.51       7157.5819      -3.6370000       1.8507500     -0.47025000       338.39200       2.3789622     0.028984622
       645.00000       284.41810       101443.82       7086.2581      -3.2367500      0.59950000    -0.060250000       337.44900       2.4119991     0.021468109
       647.99999       284.43063       101437.80       6999.4379      -2.8467500       2.0890000     -0.53375000       337.49200       2.2648371     0.025206430
       651.00001       284.42135       101438.76       6964.8473     -0.76250000      0.95350000     -0.55025010       337.62100       2.7380442     0.033514629
       654.99999       284.43712       101440.80       6947.1526      -1.2447500     -0.24725000     -0.23350000       338.31500       3.6777904     0.039232095
       658.00001       284.50116       101444.33       6991.0202      -2.2037500     -0.43900000      0.17825000       337.67200       3.2402746     0.028578676
       661.00000       284.55041       101441.99       7004.4536      -3.3675000       1.6010000     -0.50475000       338.53700       2.8929672     0.039803450
       665.00001       284.62981       101438.86       7034.4041      -3.8257500     -0.58725010     -0.53875010       339.38000       2.1571813     0.032892003
       668.00000       284.74514       101436.47       7101.7758      -2.9032500      0.66650000     -0.25025000       338.49700       2.1081889     0.031773473
       671.00002       284.81293       101438.90       7143.8471      -1.5620000    -0.013000000      0.35700000       339.50600       2.1073151     0.021238850
       675.00000       284.89646       101442.16       7196.0497      -2.6797500      -1.0022500     -0.36775000       339.51000       2.1204874     0.030926365
       678.00002       284.95397       101444.61       7232.2336      -2.4082500     -0.52725010    -0.029750000       337.67000       2.1550882     0.026052853
       681.00001       285.00387       101440.39       7234.7023      -1.9825000      0.19500000    -0.014250000       339.71000       2.0354428     0.032702297
       684.99999       285.09216       101438.37       7297.7699      -2.0195000     -0.10525000     -0.28325000       338.12700       2.0651174     0.022944351
       688.00001       285.15867       101437.41       7354.5532      -2.2030000     0.073000010     -0.21025000       338.67800       2.0788636     0.024866102
       690.99999       285.20235       101445.03       7422.0363      -1.8107500      0.62175010     -0.21775000       338.86900       2.5042527     0.021843820
       695.00001       285.28671       101447.48       7510.8219      -2.0202500       1.1690000    -0.030250000       338.18400       4.6654911     0.028512266
       698.00000       285.46030       101441.03       7651.4135      -1.8045000       1.3352500      0.37100000       339.89200       4.0693117     0.023376716
       701.00002       285.51725       101439.16       7720.0745      -2.1742500       1.2325000     -0.81575010       338.37500       3.4159334     0.027010375
       705.00000       285.55036       101438.78       7788.5691      -2.4805000       1.2952500     -0.17950000       339.65900       2.6449648     0.029964574
       708.00002       285.43516       101450.44       7820.5963     -0.86750010       1.2600000     -0.27725000       338.47200       3.3604246     0.025002826
       711.00001       285.43889       101452.52       7847.8735      -1.0117500       3.3712500      0.41950000       339.02300       3.2869067     0.029372960
       715.00002       285.45071       101452.54       7861.4193     -0.68850000       2.0372500      0.22175000       339.95700       3.5637460     0.025780353
       718.00001       285.46472       101450.49       7854.4322     -0.69050000       1.3897500      0.26400000       339.59600       5.8257966     0.035361616
       720.99999       285.39068       101438.52       7767.4386      -1.9862500       1.2827500      0.71200000       340.02700       9.2936779     0.047845830
       725.00001       285.43985       101438.93       7762.5963      -2.1210000       1.2267500     -0.10175000       339.40600       4.5963093     0.027648424
       727.99999       285.50896       101440.80       7767.4331      -1.8730000       1.9465000      0.44975000       340.52500       4.6438019     0.028989823
       731.00002       285.72289       101447.56       7796.4255      -2.1980000       1.5770000     0.098500010       340.64000       3.4986486     0.026247790
       735.00000       285.80723       101445.15       7788.8288      -2.1740000       3.1222500      0.98050000       340.41600       3.8155383     0.025860018
       738.00002       285.92963       101437.83       7794.7051      -1.4115000       3.5610000      0.30050000       339.03700       2.2223981     0.025113751
       741.00000       285.95446       101438.78       7792.9322      -2.4522500       3.2477500     -0.29400000       338.55000       3.1070416     0.030019729
       745.00002       285.93100       101440.79       7780.4241      -1.2607500       2.9382500     -0.37525000       338.29100       4.4254447     0.032939567
       748.00001       285.86809       101444.12       7798.5252      -2.9222500       2.0115000     -0.34525000       337.90600       3.6630243     0.023926347
       750.99999       285.77800       101441.71       7756.1405      -1.0257500       1.9607500      0.19525000       339.23500       2.4211377     0.019694616
       755.00001       285.60275       101438.48       7673.8802     -0.85025010       2.4865000    -0.067500000       339.91900       4.0199801     0.029261805
       757.99999       285.25011       101436.41       7551.9613    -0.067250010       3.1752500      0.18950000       338.57400       2.9594737     0.025171485
       761.00002       285.08037       101438.82       7482.0199      -1.4252500       2.9282500     -0.39350000       339.41200       3.3344370     0.032622814
       764.00000       284.92834       101441.22       7408.4672      -1.4840000       3.2862500    -0.089250010       338.04300       2.8256049     0.028946061
       768.00002       284.75315       101444.41       7305.0462      -1.3832500       3.3240000      0.57500000       339.72500       3.5028339     0.030226893
       771.00000       284.58885       101438.40       7154.0764      -1.3807500       3.4190000     -0.27625000       337.40000       2.9519118     0.028694184
       773.99999       284.48255       101438.56       7079.1074      -1.5287500       2.2182500     0.083750000       338.83100       3.1591607     0.029220965
       778.00000       284.38273       101440.94       7001.2919      -1.1410000       3.1527500     -0.24550000       338.00600       3.1252034     0.032124072
       780.99999       284.37351       101457.77       6985.6307     -0.97200010       1.2695000     0.092250000       338.21100       2.8967337     0.027892417
       784.00001       284.37284       101458.84       6956.0991     -0.82275000       2.4217500      0.60850000       338.52200       2.6052644     0.022260015
       787.99999       284.42241       101441.41       6907.3913     -0.91825000       1.7737500     -0.19575000       338.15400       3.0031674     0.020472431
       791.00001       284.44946       101438.66       6892.2493      -1.1580000       2.1285000    0.0072500000       338.58600       4.3908021     0.023511457
       794.00000       284.49425       101437.73       6890.1265      -1.8845000       2.4422500     -0.32550000       338.05200       4.8901809     0.026689257
       798.00002       284.77589       101448.27       6951.1321      -1.2770000       3.0437500     -0.48350000       337.95700       5.1426415     0.032438130
       801.00000       284.83719       101447.51       6971.1014     -0.95675000       2.1462500      0.22875000       338.32800       6.9545558     0.035548293
       804.00002       284.85863       101445.87       6991.5254     -0.93825010       2.3682500      0.39575000       337.95400       5.0154168     0.033309808
       808.00000       284.82520       101442.30       7019.3177     -0.64175000       1.6907500    -0.096500000       338.41800       2.7987826     0.030257047
       810.99999       284.72773       101439.15       7082.3999     -0.73650000       1.1507500      0.12975000       339.02400       4.0394660     0.025210919
       814.00001       284.66170       101440.61       7083.9038     -0.89375010      0.84950010      0.10875000       339.19100       5.3149028     0.023640707
       817.99999       284.53730       101443.22       7064.1392     -0.92075000       1.3177500    0.0037500000       338.72600       2.7970818     0.025979997
       821.00001       284.25758       101438.71       7007.5933      -1.8357500       1.5225000     0.027000000       338.39200       3.3236043     0.031083092
       824.00000       284.18936       101438.79       6987.1216      -1.3767500       1.6857500     -0.13050000       338.65900       3.2574146     0.022276401
       828.00002       284.16195       101449.97       6898.4632      -2.6250000       1.9052500     -0.11875000       338.47100       5.3947219     0.034605309
       831.00000       284.15425       101454.92       6877.8429      -1.1745000       2.6657500     -0.39875000       338.57700       2.4985699     0.027169345
       834.00002       284.17362       101458.51       6872.8882      -1.4147500       1.9977500     -0.10925000       338.07100       2.8257002     0.021553862
       838.00000       284.36199       101454.77       6929.5524     -0.93125000       2.0115000    -0.046000000       339.04300       3.8899162     0.030730077
       840.99998       284.42586       101454.56       6949.6408      -1.1975000       1.4422500    -0.023750000       338.80000       4.3849706     0.025208567
       844.00001       284.48088       101454.79       6973.9286      -1.8232500       1.4410000     -0.31375000       337.39300       3.1919837     0.023588188
       847.99999       284.58478       101464.86       7063.4336      -1.1562500      0.80125000      0.34550000       339.37700       3.7118944     0.027889943
       851.00001       284.61972       101464.81       7094.7205     -0.32600000       1.7570000      0.22300000       338.29600       3.4980375     0.039199574
       853.99999       284.63249       101462.54       7115.1438      -1.9355000       1.2207500     -0.27175000       337.98500       3.0396908     0.027705159
       858.00001       284.61505       101456.08       7125.3306     -0.73600010       1.1672500    -0.025250000       339.95200       3.6497228     0.029549208
       861.00000       284.51755       101439.28       7101.2702     -0.60050000       2.1622500     -0.30650000       338.83300       4.0381526     0.029324979
       864.00002       284.49332       101437.80       7099.6478      -1.9212500       1.1377500    -0.042250000       338.98000       2.8882732     0.029086184
       868.00000       284.46062       101438.58       7092.4089     -0.76150010       1.0845000     -0.36275000       338.91700       4.1523717     0.037073762
       871.00002       284.39154       101440.85       7054.6509      -1.1965000       1.5705000     -0.39975000       338.74700       3.0901583     0.030466083
       874.00001       284.38012       101439.26       7054.2230     -0.57175000       1.4905000     -0.12250000       339.02400       2.6925770     0.033558287
       877.99999       284.43092       101442.27       7084.5616     -0.64700000       1.5645000     0.013500000       338.67900       2.9222070     0.026495518
       881.00001       284.44325       101445.15       7093.4596     -0.28475000       1.4605000      0.72300000       340.47000       2.2759104     0.022574289
       883.99999       284.45546       101447.13       7102.3422     -0.87900010       2.4807500     -0.16125000       337.73900       4.2313990     0.026136891
       888.00001       284.45532       101439.11       7117.0067     -0.70100000       2.4447500     -0.46650000       337.89000       2.7494182     0.025115975
       891.00000       284.47697       101437.59       7129.6791     -0.93750010       2.3380000     -0.11475000       338.89300       5.2745314     0.036320201
       894.00002       284.50305       101437.83       7141.3813      -1.2592500       2.7085000     -0.23825000       339.47800       5.3125520     0.034851843
       897.00000       284.53355       101439.84       7152.1060      -1.6335000       2.4332500      0.37725000       339.30200       3.7682974     0.031918658
       901.00002       284.58207       101458.88       7149.4351      -1.4737500       1.1292500     0.011250000       340.55200       3.6300114     0.030321656
       904.00001       284.60604       101458.65       7161.6709      -1.1627500       1.0737500     0.055250000       338.59600       4.6739187     0.026117952
       906.99999       284.63023       101455.69       7177.2746     -0.38050000       1.0315000      0.67225000       339.13600       2.7767202     0.030604078
       911.00001       284.73068       101439.06       7220.1500     -0.10950000       1.8402500      0.10050000       339.12800       2.1558099     0.029057692
       913.99999       284.72526       101438.61       7233.1739     -0.63650000       2.7635000     -0.32525000       337.38100       3.3106865     0.027226296
       917.00002       284.69733       101439.52       7243.2033      -1.5015000       1.7752500     -0.36550000       337.78800       2.6152511     0.026818024
       920.99999       284.56001       101440.89       7256.7497      -1.4767500       1.7810000     -0.27525000       337.55300       3.0777731     0.027539551
       924.00002       284.53196       101439.32       7260.6619     -0.64825000       2.0637500     -0.25175000       339.37700       3.4910396     0.033737793
       927.00000       284.50881       101438.19       7260.6050     -0.93775000       2.1900000     -0.18225000       337.40900       3.4856513     0.035336190
       931.00002       284.43270       101444.06       7239.8788     -0.72275000       2.2047500    -0.094500010       337.42400       2.6708578     0.031369327
       934.00000       284.42401       101446.79       7237.0572     -0.63850000       1.9022500     -0.13225000       337.42400       4.7774913     0.030742459
       936.99999       284.43303       101449.07       7235.1353     -0.49750000       1.9037500    -0.073000010       337.54900       2.8671035     0.032524524
       941.00001       284.56331       101446.39       7246.9899      0.11150000       1.6142500   -0.0022500000       337.54300       2.5167370     0.036009301
       943.99999       284.56856       101444.60       7236.0788     -0.61700000      0.63975000      0.63650000       338.46000       2.6125768     0.032332406
       947.00001       284.56052       101442.82       7220.5442     -0.71025000      0.73975000    -0.028000000       338.97800       3.3992221     0.033471262
       950.99999       284.50530       101448.80       7187.3824     -0.47975000       1.6065000     -0.61275010       338.14300       6.1237359     0.037470327
       954.00002       284.49923       101447.25       7172.9673     -0.47875000      0.89700000    -0.032750000       338.94800       5.6356493     0.038206581
       957.00000       284.49299       101443.85       7157.9445     -0.57500000       1.5087500      0.29200000       338.57800       4.0215919     0.033418291
       961.00002       284.43345       101423.13       7113.3030     -0.83475010      0.94550000    -0.064250000       339.04300       3.2833553     0.053403349
       964.00000       284.43414       101421.45       7102.4546      -2.8235000       2.3095000      0.19550000       338.49000       3.2652849     0.028327022
       966.99999       284.44838       101422.47       7097.8353      -1.2327500       3.7832500     -0.70200000       338.03600       2.0353738     0.025418040
       971.00000       284.51974       101433.17       7107.9422      -1.2790000       3.1992500     -0.48275000       338.55500       1.9826186     0.037301289
       973.99999       284.55807       101435.80       7117.3570      -1.2672500       2.8157500      0.41350000       338.75900       4.0221502     0.025456077
       977.00001       284.60077       101438.86       7131.3290     -0.63025000       1.8105000     -0.44275000       339.11800       3.2026606     0.026040900
       980.99999       284.67240       101453.62       7163.5594     -0.82400010       2.4757500     -0.23425000       338.62500       3.8022475     0.025334481
       984.00001       284.71406       101454.10       7180.8176     -0.70175000       2.2957500     -0.81750010       337.89500       3.7089705     0.036073546
       987.00000       284.75573       101451.92       7199.5108    -0.034750000       2.3115000     -0.51025000       339.61400       5.4559249     0.037914605
       991.00002       284.86349       101433.48       7248.6021     -0.55925000       2.3145000     -0.23400000       337.76800       4.0244129     0.033783513
       994.00000       284.87811       101433.27       7261.4514     -0.87200000       1.7457500     -0.17075000       338.49600       2.4415365     0.030882186
       997.00002       284.87466       101434.87       7268.5925     -0.58125000       1.4242500     -0.11875000       338.94400       3.8049698     0.038057762
       1001.0000       284.81533       101440.74       7264.6863      -2.3485000       1.2710000      0.65775000       339.97000       1.9568276     0.029661631
       1004.0000       284.80125       101440.11       7263.8736      0.42225000       2.2317500      0.30225000       340.68900       2.0666353     0.033000799
       1007.0000       284.78270       101439.50       7259.6609     0.032750000       3.5567500     -0.20225000       339.13700       2.7959425     0.033097436
       1011.0000       284.73414       101447.30       7248.0887     -0.96150000       2.7442500     0.086250010       339.26400       2.8077531     0.028589716
       1014.0000       284.68990       101447.62       7231.2444     -0.35225000       2.5370000      0.59825000       339.53900       4.1733763     0.030436043
       1017.0000       284.64126       101446.15       7209.9834      0.13175000       2.6470000     -0.41350000       338.67000       4.5197039     0.029511712
       1021.0000       284.58437       101427.24       7177.2082     -0.26850000       3.3245000     0.094250000       338.93200       2.7336280     0.029188368
       1024.0000       284.54039       101426.85       7149.6606    -0.048750000       2.1562500    -0.078250010       338.47600       3.3171042     0.031154312
       1027.0000       284.49198       101429.11       7118.1302     -0.50875000       2.6997500     0.062500000       337.51400       4.5475865     0.033258689
       1030.0000       284.33801       101446.80       7053.7525    -0.084000010       2.2497500     -0.24800000       337.46400       3.4710244     0.027305850
       1034.0000       284.30985       101447.59       7016.0701      0.29625000       1.6660000     0.088250000       339.04300       2.2252120     0.029835833
       1037.0000       284.31975       101446.11       6993.6205     -0.37625000       1.2672500      0.56100000       338.44500       3.1153792     0.039944971
       1040.0000       284.41589       101439.90       6971.5366      0.31075000       1.3222500   -0.0035000000       338.20800       2.4061717     0.030655351
       1044.0000       284.44983       101440.71       6953.5726      0.50975000       1.0222500     -0.15100000       338.11300       2.8589010     0.032722728
       1047.0000       284.48095       101441.28       6946.6895      0.17150000       2.4342500     -0.40875000       337.96500       2.8937143     0.037685656
       1050.0000       284.57088       101433.92       6946.4168     -0.37750000       1.1975000      0.25350000       339.17600       3.7579821     0.032522485
       1054.0000       284.62349       101433.13       6956.8843      0.94375000       1.8150000      0.17050000       339.63900       3.4532755     0.033937846
       1057.0000       284.65244       101434.65       6971.8311      0.99850000       2.1565000      0.37875000       339.49600       2.9783301     0.032139862
       1060.0000       284.61284       101452.75       6998.1467      0.83525000       2.8820000      0.29900000       339.09500       2.1629728     0.023830692
       1064.0000       284.64862       101454.10       7027.6369      -1.0807500       2.0587500      0.37175000       342.17500       2.4996674     0.031460134
       1067.0000       284.68590       101451.92       7054.1317     -0.46475000       2.9972500    -0.085000000       339.67500       3.0047041     0.035322838
       1070.0000       284.77123       101434.97       7107.6192       1.1105000       3.0187500    -0.065250000       338.96300       2.1356589     0.029648377
       1074.0000       284.81677       101433.20       7142.9344     -0.21775000       2.6382500      0.13850000       340.48400       2.1388231     0.031602163
       1077.0000       284.84573       101433.43       7165.5082      0.69175000       3.8422500      0.14950000       339.12500       2.3878871     0.023106880
       1080.0000       284.89050       101433.02       7175.6450      -1.0410000       3.0580000      0.44150000       341.08200       2.3099137     0.029336793
       1084.0000       284.91819       101433.69       7205.2916      -1.1052500       1.9097500    -0.037250000       339.19500       2.1361089     0.032597704
       1087.0000       284.92837       101435.81       7227.5996     -0.81825010       2.1332500     -0.18025000       339.57000       1.9981763     0.039131006
       1090.0000       284.91285       101454.98       7247.7218     -0.87800000       1.7495000      0.43975000       341.59300       2.0255526     0.024765527
       1094.0000       284.90280       101454.11       7272.6568      -2.1215000       1.5902500     -0.44425000       338.55400       2.0802889     0.027268850
       1097.0000       284.89004       101449.26       7291.2775      -2.5055000       1.0980000    -0.067500000       340.15600       1.9677579     0.030764954
       1100.0000       284.87404       101424.46       7331.2152      -3.0577500       1.3287500     -0.10100000       340.08900       2.0082123     0.028130068
       1104.0000       284.84797       101421.36       7345.6461      -1.3342500       1.2320000     0.038250000       339.74800       1.9998766     0.034220689
       1107.0000       284.82329       101421.75       7348.4655      -3.6067500       2.0482500     -0.21325000       338.96400       1.9929773     0.031620882
       1110.0000       284.72766       101421.88       7326.8460      -1.3750000       1.4367500     0.063000000       340.47000       2.0273516     0.031183761
       1114.0000       284.72793       101422.96       7325.8965      -2.4620000       1.0970000     -0.60375010       339.15100       1.9404221     0.030402707
       1117.0000       284.74878       101426.35       7324.4926      -1.7012500       1.1990000      0.41800000       340.47700       1.9783089     0.031165261
       1120.0000       284.79300       101454.53       7297.6266      -2.5907500       1.6095000     -0.25950000       338.75400       1.9923281     0.029671894
       1124.0000       284.84634       101456.66       7303.8066      -1.4225000      0.86700000      0.46800000       340.91700       1.9914826     0.023822837
       1127.0000       284.90184       101453.09       7316.3151      -2.5665000       1.4735000     -0.46725000       337.79900       1.9860434     0.028065478
       1130.0000       284.99193       101425.17       7327.6655      -2.9235000       1.0402500     -0.14600000       337.86200       1.9645391     0.023815899
       1134.0000       285.11617       101422.25       7369.6708      -2.9560000       1.2435000     -0.23200000       338.05200       1.9408734     0.030377968
       1137.0000       285.22046       101422.67       7412.4797      -3.1242500       1.7220000     -0.22425000       338.18500       1.9989030     0.033053765
       1140.0000       285.37853       101422.17       7484.6499      -2.2585000       1.3610000     -0.29200000       339.04800       1.9416381     0.034988584
       1144.0000       285.48707       101423.20       7552.1977      -2.4447500     -0.22375000      0.11625000       338.29100       2.0266720     0.035347778
       1147.0000       285.55796       101426.61       7606.0724      -3.4615000       2.7087500      0.48525000       340.50000       2.0422855     0.028190847
       1150.0000       285.74027       101451.70       7709.7822      -2.8490000       1.4520000     -0.10250000       337.77600       1.9839581     0.032065771
       1154.0000       285.76224       101455.85       7766.1033      -2.5692500       1.7080000    -0.061000000       337.69100       1.9683633     0.026798182
       1157.0000       285.72566       101454.72       7793.5301     -0.74675010       2.9832500    -0.039500000       338.04600       2.0074535     0.031892000
       1160.0000       285.52266       101437.69       7808.6789     -0.82850000       1.5630000      0.36800000       339.43700       1.9564020     0.037304184
       1164.0000       285.43341       101433.98       7811.6993      -1.6255000      0.82950000     -0.53025000       339.71800       1.9168038     0.028088754
       1167.0000       285.36131       101431.71       7799.2558      -2.0560000    -0.021000000     -0.98000000       337.98900       1.9613985     0.034356602
       1170.0000       285.11971       101422.79       7729.8377     -0.52150010     -0.11025000      0.70575000       341.01800       1.9645009     0.036631226
       1173.0000       285.08618       101422.02       7710.4460      -1.0062500      0.86450000     -0.13900000       339.78000       1.9472164     0.029092030
       1177.0000       285.11209       101424.53       7687.6938      -1.9185000       1.2412500      0.48250000       338.82600       1.9377284     0.034214965
       1180.0000       285.28346       101441.20       7658.6385      -2.2330000       3.2695000      -1.5190000       339.50600       1.9322693     0.034192945
       1183.0000       285.33936       101442.68       7644.2732      -2.3210000       1.4975000      0.77450000       341.07700       1.9969276     0.031095295
       1187.0000       285.42791       101441.83       7633.0773      -3.3755000       2.1315000     -0.40375000       337.84800       1.9708862     0.026858289
       1190.0000       285.66642       101436.50       7664.8632      -1.8502500       1.5357500      0.19200000       339.52900       1.9632067     0.025182653
       1193.0000       285.70852       101435.83       7653.3375      -2.0420000       1.5092500     -0.19625000       338.63500       1.9642482     0.029843746
       1197.0000       285.70074       101434.30       7628.4432      -2.6087500       1.6720000     -0.47550000       337.96700       1.9390534     0.036125618
       1200.0000       285.51623       101423.09       7615.6463      -1.9010000       1.3672500    -0.073500000       338.66800       1.9658147     0.032359312
       1203.0000       285.49319       101422.34       7583.1551     -0.72700010       1.5055000      0.51600000       340.73800       1.9842552     0.030088905
       1207.0000       285.46934       101424.79       7525.3631      -1.3017500      0.91700010      0.13875000       339.76300       1.9536498     0.037406845
       1210.0000       285.39582       101441.32       7420.1407      -1.8007500       1.2437500    0.0062500000       339.70200       1.9493262     0.033024482
       1213.0000       285.37468       101442.82       7380.6206      -1.3315000      0.58550000      0.11625000       340.18900       1.9743054     0.027828652
       1217.0000       285.37404       101442.05       7339.7110      -2.4587500     0.047500000     -0.17900000       338.67800       1.9245577     0.031621891
       1220.0000       285.45009       101438.32       7277.1475      -3.9245000      0.36950000     -0.21425000       339.05500       1.8963069     0.031794775
       1223.0000       285.49303       101436.99       7269.9208      -2.9442500       1.0660000    0.0042500000       339.15100       1.9227645     0.029176889
       1227.0000       285.55757       101433.76       7290.1973      -2.5225000       1.5652500     -0.29725000       340.39700       1.9528239     0.031874771
       1230.0000       285.61382       101417.02       7369.8148      -1.5002500       1.3107500      0.14850000       339.85600       1.8893461     0.025019467
       1233.0000       285.64995       101416.37       7407.6356      -1.8410000       1.0090000     -0.30850000       341.05600       1.9113382     0.028140566
       1237.0000       285.69815       101420.41       7466.0932      -2.9045000       1.2182500    -0.080500010       339.78000       1.9643337     0.028574659
       1240.0000       285.79838       101437.16       7546.5768      -2.5347500      0.98425010      0.26325000       338.83700       1.9027477     0.029201094
       1243.0000       285.82605       101441.37       7596.2330      -2.9647500     -0.24975000       1.5612500       341.22700       1.9138002     0.036353148
       1247.0000       285.83460       101446.20       7656.3556      -3.7010000      0.69800000     -0.32275000       340.16200       1.9178196     0.030788396
       1250.0000       285.74915       101461.01       7693.0349      -1.2060000       1.0385000      0.45500000       341.53900       1.9370722     0.032298116
       1253.0000       285.74405       101460.91       7728.5482      -2.1925000       1.2737500    -0.071500000       340.04500       1.9978118     0.036725162
       1257.0000       285.74416       101454.58       7770.8496      -2.4432500      0.25900000     -0.27550000       339.23800       1.8972226     0.030564685
       1260.0000       285.74242       101425.55       7798.8883      -4.4315000       2.6917500     -0.37100000       339.85000       1.9617153     0.031234801
       1263.0000       285.74328       101421.87       7824.9192      -4.0220000       1.1225000     -0.45850000       338.48600       1.9654556     0.032267342
       1267.0000       285.75162       101421.13       7854.8889      -2.5775000      0.39475000       1.2452500       340.30000       1.9756519     0.031267715
       1270.0000       285.79467       101422.06       7871.4157      -4.1027500       1.3845000     -0.18350000       339.01100       2.0486300     0.036545281
       1273.0000       285.80597       101422.45       7886.9880      -5.0315000       1.6017500     -0.59175000       338.20000       1.9618822     0.034507274
       1277.0000       285.81401       101426.47       7903.8258      -4.2690000       1.8760000     -0.11725000       338.82900       1.9971601     0.033008488
       1280.0000       285.85162       101451.67       7940.8468      -4.6297500      0.67500000      0.20900000       338.02400       1.9606003     0.028904254
       1283.0000       285.82493       101455.33       7935.0159      -2.5260000      0.57475000      0.21775000       338.65400       2.0886539     0.044990444
       1287.0000       285.76117       101454.55       7908.7292      -4.3020000       1.1452500    0.0025000000       338.41500       1.9737448     0.027594124
       1290.0000       285.66015       101438.87       7862.1858      -2.5412500      0.87425010     -0.24425000       338.85300       1.9468069     0.026870820
       1293.0000       285.60574       101435.30       7830.8946      -3.8062500       1.0930000     -0.34000000       338.02600       1.9549232     0.025347947
       1297.0000       285.52629       101430.53       7779.8298      -3.8930000       1.7460000      0.15350000       338.38400       1.9872803     0.030296080
       1300.0000       285.35623       101418.04       7669.6680      -2.6230000       2.1697500     -0.41375000       338.69600       1.9520548     0.032787844
       1303.0000       285.31281       101416.72       7640.2034      -3.7600000       2.4277500     -0.37475000       337.80400       1.9706594     0.027055151
       1306.0000       285.29596       101418.05       7624.6981      -3.7052500       2.9247500     -0.36400000       338.84100       1.9593299     0.038179311
       1310.0000       285.43327       101434.04       7666.4264      -5.0080000       1.7035000     -0.43650000       337.86800       2.0054282     0.026917362
       1313.0000       285.41889       101436.24       7656.5388      -4.4585000       2.4082500     0.010750000       337.91200       1.9241791     0.027290734
       1316.0000       285.39096       101437.54       7645.7149      -3.5880000       3.1742500     -0.26850000       337.69500       1.9525183     0.027484492
       1320.0000       285.37546       101444.77       7682.8496      -5.0410000       1.5325000     -0.26250000       338.23900       1.9964151     0.025332934
       1323.0000       285.32962       101443.72       7661.2928      -3.1672500       1.4940000    -0.043250000       338.25000       1.9784216     0.023266528
       1326.0000       285.26122       101439.97       7623.4597      -2.2082500      0.63325010      0.10175000       339.29900       1.9413181     0.028715430
       1330.0000       284.99049       101415.78       7486.1783      -1.4475000       1.4815000      0.65000000       338.21800       1.9497107     0.030531734
       1333.0000       284.91507       101411.85       7437.1771      -2.7080000       1.8402500     -0.52825000       337.71700       1.9555828     0.025335837
       1336.0000       284.86283       101410.22       7392.9366      -1.9797500       1.5125000     -0.47550000       337.74000       1.9570766     0.024432934
       1340.0000       284.82706       101410.48       7310.2324      -2.3030000       1.7472500     0.051750000       338.93500       2.0219793     0.021349162
       1343.0000       284.81896       101412.02       7281.2638      -1.5875000       1.6137500     -0.48075000       337.81300       1.9507768     0.024438134
       1346.0000       284.83298       101415.76       7265.2935      -1.8210000      0.94100000    0.0030000000       337.74600       1.9153712     0.025331210
       1350.0000       284.98309       101440.21       7294.0125     -0.46050000       1.4902500     -0.23825000       337.79500       1.9591681     0.028254003
       1353.0000       285.01140       101443.87       7296.3937      -1.0895000       1.1517500    -0.056000000       338.50200       1.9545435     0.025921617
       1356.0000       285.03083       101444.82       7302.1933      -1.6012500      0.97950010      0.21700000       338.63700       1.9820580     0.027208533
       1360.0000       285.06385       101437.73       7319.2838      -2.1520000       1.2310000     -0.11875000       338.80200       1.9637810     0.030893210
       1363.0000       285.06752       101436.35       7336.3078      -2.2182500       1.5067500      0.16625000       339.09300       1.9356345     0.036120713
       1366.0000       285.05765       101434.05       7356.2280      -4.1015000       1.2867500     -0.54800000       337.71800       1.9918446     0.027994264
       1370.0000       284.97866       101417.95       7379.4638      -3.4272500       1.2060000      0.60875000       338.63200       1.9668775     0.025883586
       1373.0000       284.94848       101416.58       7404.8046      -2.8142500      0.78175000      0.16275000       338.21600       1.9544892     0.026164339
       1376.0000       284.91848       101417.92       7434.6810      -1.6390000      0.19300000      0.42725000       338.71500       2.0109423     0.027494640
       1380.0000       284.89246       101431.58       7514.0061      -3.8572500       1.3027500     -0.36600000       338.12800       1.9710173     0.027201557
       1383.0000       284.85588       101435.09       7540.6764      -3.7890000     -0.21275000     -0.26200000       338.24700       1.9885116     0.021638467
       1386.0000       284.81484       101438.59       7561.2691      -3.5622500     -0.30400000    -0.091500010       338.29900       1.9328998     0.030610673
       1390.0000       284.78150       101455.22       7610.9173      -4.9285000     -0.73500000     -0.20625000       337.64000       1.9896423     0.020796986
       1393.0000       284.71986       101455.23       7607.5068      -2.9977500     -0.65550010      0.26300000       337.92000       2.0147651     0.029455351
       1396.0000       284.64493       101451.70       7588.4909      -2.7715000     -0.33450000      0.54025000       338.39300       1.9717045     0.024962332
       1400.0000       284.48917       101429.18       7521.6847      -2.5175000    -0.050750000    -0.083500010       338.37700       2.0121280     0.032939044
       1403.0000       284.40529       101424.56       7478.5181      -3.3792500      0.44025000     0.080750000       337.79300       1.9592215     0.035440578
       1406.0000       284.32086       101420.80       7426.7336      -1.9030000     -0.55825000      0.25925000       338.22900       1.9784934     0.023090363
       1410.0000       284.12063       101405.37       7290.4088      -3.4302500     -0.40325000      0.28225000       337.93900       1.9186405     0.033382586
       1413.0000       284.06465       101404.78       7239.6389      -4.0540000      0.84525000     -0.47575000       338.19500       1.9660617     0.026615432
       1416.0000       284.03572       101408.24       7197.7738      -3.4030000       1.1307500     0.014250000       338.12600       1.9637803     0.024325095
       1420.0000       284.03551       101436.07       7135.4727      -2.1865000     0.088000010      0.13050000       338.28300       1.9410573     0.030726806
       1423.0000       284.06344       101442.54       7117.0333      -3.0855000    -0.027000000     0.034750000       338.25800       1.9830530     0.021782502
       1426.0000       284.11840       101447.59       7112.8301      -3.0222500       1.3547500     -0.19950000       338.25300       1.9479120     0.022441945
       1430.0000       284.34239       101458.64       7151.2513      -3.1097500       1.0562500     -0.65125000       338.26100       1.9783447     0.022080046
       1433.0000       284.41220       101459.94       7170.6263      -2.6147500       2.5742500      0.23750000       338.49200       1.9415510     0.030366838
       1436.0000       284.47313       101458.14       7197.2566      -2.9137500       1.2220000     -0.34275000       338.04200       2.0003305     0.021576958
       1439.0000       284.59147       101439.67       7256.9223      -3.1255000      0.44575000     -0.13775000       337.98700       2.0193116     0.021497154
       1443.0000       284.63886       101434.04       7305.5678      -3.7587500       1.6037500     -0.77675000       337.98900       1.9600281     0.020338707
       1446.0000       284.64260       101430.84       7341.9164      -2.7450000      0.99650010     -0.21025000       338.22000       1.9870516     0.022937783
       1449.0000       284.57366       101423.92       7414.9650      -2.4815000      0.71675000     -0.34925000       337.99700       1.9781029     0.028923250
       1453.0000       284.51713       101422.34       7442.2771      -2.4885000       1.0250000     -0.54575000       337.59100       1.9741207     0.026526444
       1456.0000       284.45897       101423.79       7448.1563      -2.2952500      0.86400000     -0.28925000       338.48000       1.9530024     0.027642186
       1459.0000       284.31477       101436.38       7426.7413      -1.9892500      0.82800010     -0.15250000       338.05200       2.0077098     0.031675680
       1463.0000       284.23386       101441.23       7416.2815      -1.5835000       1.0600000     -0.11275000       338.04700       1.9783784     0.025374843
       1466.0000       284.18424       101444.31       7400.5478      -1.3715000     -0.10175000      0.47700000       338.25100       2.0112215     0.021360002
       1469.0000       284.11400       101455.58       7337.9825      -2.2547500      0.14175000      0.46125000       337.84700       1.9465999     0.032006361
       1473.0000       284.07474       101454.75       7306.2244      -1.8242500      0.89750000     -0.14650000       338.21600       1.9814038     0.028868659
       1476.0000       284.06595       101450.52       7288.1012     -0.84175000      0.88975010      0.72625010       338.16000       2.0049335     0.029540367
       1479.0000       284.11988       101428.89       7276.8831      -3.2482500       1.5560000     -0.18750000       337.56600       1.9715907     0.033167876
       1483.0000       284.14366       101423.27       7268.0247      -2.6150000      0.75925000     0.028000000       337.58600       1.9621122     0.028008136
       1486.0000       284.16666       101420.60       7266.4630      -2.3527500      0.69575010     -0.21000000       338.13700       1.9993365     0.025462497
       1489.0000       284.25270       101412.21       7283.5568      -1.7425000       1.4142500     0.037750000       338.43900       2.0121807     0.026449825
       1493.0000       284.26843       101410.63       7283.9912      -1.3597500      0.23300000      0.37700000       338.58400       2.0052351     0.022113770
       1496.0000       284.26438       101413.19       7284.0428      -1.8155000      0.92725000     -0.24300000       338.31600       1.9898223     0.027816429
       1499.0000       284.25013       101434.03       7312.4889      -1.7830000       1.7425000      0.32800000       338.36000       2.0151379     0.024264349
       1503.0000       284.21808       101442.11       7302.5689      -2.5465000       2.0017500      0.49175000       338.59800       1.9928283     0.025538583
       1506.0000       284.17826       101446.60       7284.7741      -1.3892500       1.1477500      0.49050000       338.88000       2.0013845     0.024032115
       1509.0000       284.05051       101452.60       7231.0472      -2.9282500       2.0380000     -0.37475000       337.83200       2.0077245     0.023439585
       1513.0000       283.98581       101453.47       7198.7963      -2.8882500       2.0760000     -0.30425000       337.89000       1.9833133     0.030671647
       1516.0000       283.94824       101451.47       7174.7133     -0.94400010       1.0877500     0.026500000       338.81400       1.9779670     0.026168138
       1519.0000       283.87665       101440.04       7121.5971      -1.2582500     -0.13425000      0.20400000       338.82100       1.9753091     0.026572277
       1523.0000       283.86892       101435.27       7095.7311      -1.9347500     -0.16775000     0.086500000       339.05700       2.0309478     0.027677312
       1526.0000       283.88895       101431.68       7085.9558      -3.3642500       1.7375000     -0.59150000       338.21100       1.9894900     0.024805897
       1529.0000       284.01459       101421.69       7106.9741      -2.5422500       1.9025000      0.36150000       338.09000       2.0287039     0.025044318
       1533.0000       284.05444       101417.74       7106.5489      -4.8670000       1.4957500     -0.21875000       337.57200       1.9947262     0.027806375
       1536.0000       284.07940       101416.90       7107.7147      -2.6302500      0.56900000     -0.24675000       337.86100       1.9839108     0.025453546
       1539.0000       284.10801       101420.90       7091.2213      -3.5535000      0.46350000      0.34300000       337.93800       2.0072855     0.026563495
       1543.0000       284.15663       101424.15       7113.1666      -3.5122500       1.2452500    -0.089750010       338.05000       2.0503053     0.028842867
       1546.0000       284.18786       101427.65       7138.8645      -4.0622500      0.73175000     -0.24575000       337.93900       2.0242183     0.029114327
       1549.0000       284.16493       101440.48       7160.2794      -3.6052500       1.9857500    -0.074250010       338.10300       1.9981421     0.023505014
       1553.0000       284.18904       101442.96       7211.7900      -2.2682500      0.64550000      0.92675010       338.86500       2.0274493     0.021674720
       1556.0000       284.21746       101442.68       7263.1749      -1.6650000       1.3162500      0.19800000       338.78000       2.0126016     0.026699236
       1559.0000       284.32978       101441.14       7387.0068      -1.9540000       1.5202500      0.34150000       338.37400       2.0628355     0.021431773
       1563.0000       284.36918       101437.99       7462.7452      -2.9942500       1.6942500     -0.19175000       337.93400       2.0242486     0.025510060
       1566.0000       284.38324       101433.57       7510.7758      -2.2825000       1.8267500     -0.23275000       338.34700       2.0110999     0.023759511
       1569.0000       284.37070       101412.18       7579.4705      -2.5305000       1.4417500     0.021000000       338.21200       2.0324562     0.025165776
       1572.0000       284.36636       101407.56       7608.9399      -3.4070000       1.4157500     -0.22300000       338.37500       2.0588218     0.024831113
       1576.0000       284.34677       101405.54       7623.4164      -2.7942500      0.98425010   -0.0080000000       338.41100       2.0115338     0.026170302
       1579.0000       284.27639       101409.22       7574.8766      -3.5292500      0.91225000     -0.47250000       338.05200       2.0262313     0.024750182
       1582.0000       284.25164       101411.29       7564.6586      -3.0417500      0.97825000      0.26175000       337.90900       2.0338397     0.028831453
       1586.0000       284.22551       101416.95       7545.8082      -3.5510000      0.80950000     -0.59050010       338.00400       2.0369768     0.023677799
       1589.0000       284.22424       101436.71       7514.5571      -2.2015000      0.71275000     -0.23750000       338.53100       2.0032403     0.025659190
       1592.0000       284.20604       101441.90       7489.8829      -1.8692500       1.7095000      0.54125010       337.71400       2.0494501     0.024764743
       1596.0000       284.18178       101445.32       7457.3219      -2.2095000     -0.33725000      0.13025000       337.69000       2.0431817     0.022944110
       1599.0000       284.17996       101445.67       7456.6116      -3.2197500      0.68100010     -0.18150000       337.77300       2.0105430     0.024225756
       1602.0000       284.16281       101444.27       7430.0386      -2.3112500      0.33550000      0.53875010       338.07900       2.0732184     0.023885648
       1606.0000       284.13310       101438.88       7384.3007      -3.6045000      0.32750000     -0.30925000       337.71200       2.0363207     0.023865208
       1609.0000       284.07556       101419.08       7311.9735      -1.5972500    -0.083250000      0.17000000       337.97300       2.0595293     0.028384727
       1612.0000       284.05105       101414.03       7273.8431      -2.6045000       1.3302500     -0.52025000       337.66700       2.0143411     0.021896311
       1616.0000       284.02525       101410.06       7227.1924      -1.4232500       1.0407500     -0.30100000       337.70400       2.0138040     0.027338025
       1619.0000       284.03916       101405.29       7190.7825      -2.3695000       1.2390000     -0.33150000       338.26200       2.0621494     0.023049027
       1622.0000       284.01588       101405.45       7156.8579      -1.8667500       1.0532500      0.11800000       338.36300       2.0606981     0.022299371
       1626.0000       283.97765       101409.94       7117.0789      -1.7487500       1.4442500     0.067750010       338.31900       2.0202952     0.030779756
       1629.0000       283.93199       101428.52       7101.3849      -1.1070000       1.4660000      0.53150000       338.15300       2.0121014     0.027825794
       1632.0000       283.90798       101434.72       7080.8339      -2.7282500      0.15900000     0.014500000       338.34900       1.9854065     0.025951288
       1636.0000       283.87599       101441.60       7054.5224      -4.3067500       1.6280000     -0.32725000       338.00600       2.0385318     0.025373902
       1639.0000       283.83288       101451.71       7032.3425      -3.8252500       1.0212500     0.040250000       338.26600       2.0100099     0.024128907
       1642.0000       283.80190       101454.04       7011.5701      -3.2957500       1.9315000      0.99600010       338.13700       2.0692853     0.023367023
       1646.0000       283.76781       101452.92       6985.9049      -2.7055000       1.9392500     -0.18050000       337.92000       2.0719770     0.027086852
       1649.0000       283.76569       101442.98       6963.8765      -2.9625000       1.1077500     -0.32150000       337.95100       1.9985496     0.026554143
       1652.0000       283.75374       101438.40       6952.1077      -2.9995000      0.91650000    -0.019750000       338.40200       2.0124094     0.029536971
       1656.0000       283.73782       101430.90       6940.9287      -3.8467500      0.28125000     -0.59900000       337.77400       1.9912228     0.027102990
       1659.0000       283.71006       101413.50       6921.6431      -3.6215000       1.1722500    -0.014000000       338.20500       2.0339579     0.023070654
       1662.0000       283.69744       101408.32       6920.5518      -2.2485000     -0.16125000     -0.25525000       338.04700       2.0370030     0.019044719
       1666.0000       283.68748       101404.85       6929.9457      -2.6242500     -0.38500000     0.029500000       337.93000       1.9999624     0.023626313
       1669.0000       283.70027       101404.32       6960.5333      -2.4650000     -0.21250000     0.032250000       337.88300       2.0382354     0.026513685
       1672.0000       283.70035       101405.71       6978.4067      -2.7002500      0.91625010     0.091750000       338.13200       2.0112598     0.024200450
       1676.0000       283.70049       101411.13       7005.8089      -2.5685000       1.0215000     -0.22850000       338.33500       2.0005215     0.022834560
       1679.0000       283.67201       101428.43       7030.2445      -3.1115000       1.8375000    -0.076750000       338.34800       2.0496971     0.025623537
       1682.0000       283.68256       101434.64       7057.4646      -2.0855000       1.0820000    -0.084500010       338.22900       2.0640698     0.021482839
       1686.0000       283.71065       101441.54       7097.0124      -2.5007500       1.3567500     -0.20325000       337.92200       2.0755765     0.022222655
       1689.0000       283.76924       101451.66       7131.4143      -1.6797500       1.5800000      0.35200000       338.59000       2.0144089     0.022282886
       1692.0000       283.79362       101454.03       7162.8098      -1.1942500      0.92275010     0.046500000       339.00600       2.0430100     0.024311619
       1696.0000       283.82580       101452.95       7206.6202      -3.2110000       1.1960000     -0.18975000       338.13300       2.0595230     0.025808474
       1699.0000       283.86688       101443.04       7246.7195      -2.4237500       1.2235000      0.21125000       338.26400       2.0252317     0.026180829
       1702.0000       283.89744       101438.46       7283.1666      -2.0957500       1.0505000     -0.11950000       338.67200       2.0165672     0.026276173
       1705.0000       283.92360       101433.00       7319.3522      -2.2077500       1.4127500     -0.53400000       338.39800       2.0024135     0.030656474
       1709.0000       283.91897       101412.21       7380.7261     -0.77050010       1.6692500      0.33650000       339.45500       2.0143595     0.029342664
       1712.0000       283.93631       101407.63       7409.3136      -1.4465000       2.1320000     0.047250000       338.44400       1.9531613     0.026385126
       1715.0000       283.95834       101405.77       7433.1148      -2.8077500       1.9640000     -0.11350000       338.74600       1.9778268     0.028251992
       1719.0000       284.00995       101409.68       7460.3908      -2.6967500       1.6765000     -0.11500000       338.26900       2.0282948     0.026680196
       1722.0000       284.04009       101411.80       7476.9741     -0.59025000       1.7610000     -0.11300000       338.84000       2.0056204     0.032965459
       1725.0000       284.07023       101415.72       7488.1534     -0.97700010       1.8775000    -0.062500000       338.48400       2.0668852     0.024062010
