MIRICO/SHELL project - Processed LDS file generated on
Tue Aug 01 00:16:58 2017
Time stamp for record start
05/09/2017  11:26:23.0000
Nb of points in the record
         519
Beam position index
       5.0000000
Beam angle (degrees)
       8.5300000
Open Path length (m)
       83.010000
****************** Temporal data record ************************
Elapsedtime_sec Temp_K Press_Pa Humidity_ppmv WindX_m/s WindY_m/s WindZ_m/s Speedofsound_m/s CH4vmr_ppmv CH4vmrerror_ppmv  
      0.00000000       283.84102       101446.98       7192.9890      -3.7962500       1.6477500   -0.0032500000       338.99800       2.4619761    0.0080383312
       3.0000240       283.86277       101446.58       7213.1236      -1.6515000       1.4840000    -0.067250010       338.26400       2.5732271    0.0064503695
       6.0000077       283.88010       101448.90       7231.6126      -2.3230000       1.7692500      0.35575000       338.32900       2.9824356    0.0075343351
       10.000026       283.89838       101465.99       7263.0923      -3.0090000       2.1745000     -0.71850000       337.88300       2.7664698     0.012154230
       13.000010       283.90803       101467.04       7275.8924      -3.4215000       1.6667500     -0.32775000       339.12500       2.4025285    0.0061670467
       15.999994       283.91317       101466.73       7284.2621      -1.0622500       1.7725000     -0.13975000       338.87000       2.5786611    0.0080579870
       20.000012       283.88906       101467.50       7268.1013      -2.8472500       1.6935000    -0.069000010       338.26500       2.6579908    0.0072208815
       22.999996       283.89737       101466.87       7278.9709      -1.7337500      0.78300010      0.25725000       338.36500       3.8373824     0.011960235
       26.000020       283.91021       101464.91       7293.3271      -1.9852500       1.3750000     -0.34275000       338.55500       2.8546037    0.0097943603
       29.999998       283.90931       101447.02       7308.5668     -0.65025000      0.72175000      0.30150000       339.36300       2.3787049    0.0096631921
       33.000022       283.94605       101446.57       7331.7291     -0.67225000      0.69125000      0.19925000       339.42900       2.6076584    0.0073638060
       36.000006       283.99606       101448.77       7360.7353     -0.76400010       1.8295000      0.65100000       339.21400       3.7980810    0.0075053426
       40.000024       284.11339       101466.44       7420.3508      -1.8262500       3.0807500      0.10500000       338.36000       2.8083039    0.0075733020
       43.000008       284.16693       101467.62       7457.9536      -1.7325000       2.1352500      0.32125000       338.69500       3.1483472     0.010732665
       45.999992       284.22047       101467.47       7497.5727      -1.1290000       1.2245000     -0.45500000       338.53600       4.7678986    0.0096245741
       50.000010       284.37443       101467.85       7586.4248      -1.4787500       2.3040000      0.25500000       339.31300       2.2240955    0.0077604604
       52.999994       284.39074       101467.16       7609.1435      -1.0180000       1.0575000      0.61950000       339.18100       2.3733904    0.0071755985
       56.000018       284.37986       101465.07       7621.2959     -0.91800000       4.1382500     -0.84250000       338.16200       2.3662037    0.0086916490
       59.999996       284.28398       101447.26       7635.7260     -0.68600000       4.4807500    0.0070000000       337.98000       3.9040548     0.010099522
       63.000020       284.24941       101446.76       7624.8320     -0.98400000       2.4442500       1.1257500       339.20300       2.9330611    0.0071960320
       66.000004       284.20581       101448.97       7600.2206      -3.2775000       1.9295000     -0.83700000       338.45800       2.8594229    0.0093116373
       69.000028       284.08897       101468.25       7520.5704      -1.5582500     0.089750010      0.72925000       338.66900       2.5480563     0.010562481
       73.000006       284.02036       101468.16       7470.2759      -3.3560000      0.91250000     -0.28800000       338.34800       3.6175952     0.012965241
       75.999990       283.97976       101465.42       7432.2951      -1.4592500       2.1697500     0.026250000       338.35700       2.5328352    0.0072421939
       79.000014       284.00558       101455.87       7396.9433      -1.3292500       2.1462500      0.50800000       338.75800       3.6640863    0.0096772720
       82.999992       283.94594       101455.06       7337.6783      -1.9990000       3.3690000    -0.072500010       338.52900       4.3469414     0.010316593
       86.000016       283.89087       101454.46       7291.0604      -2.0412500       1.6602500     -0.42825000       337.88600       4.2856959     0.012149965
       89.000000       283.76635       101441.22       7235.3195      -1.8825000       1.2115000     -0.26600000       338.67100       3.4394573    0.0098612338
       93.000019       283.72474       101441.13       7181.2636      -2.1502500       2.2302500     -0.54775010       338.22700       3.2473601     0.010515523
       96.000002       283.70908       101444.80       7142.5369      -1.8272500       1.7972500     -0.13100000       337.71200       3.1563033    0.0099626676
       99.000026       283.65388       101470.36       7061.6232      -1.3752500       1.1105000      0.44275000       338.11700       2.6163550     0.012911860
       103.00000       283.67422       101474.84       7037.3131      -2.9680000       2.3627500     -0.80250000       337.87700       2.5269777    0.0075008517
       106.00003       283.72107       101475.05       7036.8463      -3.2550000       2.5120000     -0.58100000       338.11900       2.6653952    0.0067212902
       109.00001       283.92020       101464.17       7092.1493      -1.4235000       2.0430000     -0.29800000       338.25800       2.9064356    0.0090287342
       112.99999       283.98702       101465.22       7098.7774     -0.25750000       2.6992500      0.48825000       337.88900       2.1359216    0.0072383397
       116.00001       284.02077       101466.56       7104.1978     -0.86275010       1.8190000      0.44475000       339.12000       3.0474101     0.011261067
       119.00000       284.04767       101465.72       7134.9254     -0.51375000       2.8765000      0.46200000       338.99200       2.1460126    0.0076500060
       123.00002       284.07318       101464.35       7147.7674      -1.4530000       1.8850000     -0.56050000       338.12700       2.7817596    0.0061646134
       126.00000       284.07680       101463.84       7151.2935      -2.4887500       1.4202500    -0.028250000       338.10500       2.5217184    0.0073480710
       129.00002       283.99210       101472.43       7101.9402      -1.4595000       1.9712500      0.63750000       339.28700       2.6995293    0.0084606795
       133.00000       283.98791       101472.41       7111.2113      -1.2042500       2.2487500      0.82425000       339.82700       2.8669388    0.0071130519
       136.00003       283.99506       101470.33       7128.5916      -1.8050000       2.4127500     -0.94775000       337.72200       4.0321331     0.011057797
       139.00001       284.06421       101453.57       7185.3697      -1.1972500       3.0142500     -0.20650000       337.87200       2.7556499    0.0081503359
       143.00003       284.06014       101452.20       7210.9829      -1.3970000       3.2060000     -0.14350000       337.75400       2.6189465    0.0085500157
       146.00001       284.04653       101453.80       7228.4992      -1.5762500       1.6455000     -0.28075000       337.86800       2.1174674     0.010724539
       149.00000       284.04396       101468.73       7280.0773     -0.35600000       1.3040000      0.47175000       338.69500       2.5773123     0.011161216
       153.00002       284.00584       101467.19       7285.1706     -0.79975000       1.3702500    -0.059500000       339.01900       2.2307252    0.0088626884
       156.00000       283.96148       101463.94       7274.5726     -0.72225000       1.7130000      0.35225000       338.94800       2.1115596    0.0073852754
       159.00002       283.83279       101455.71       7218.5785      -1.6682500       2.6165000     -0.20050000       338.18700       2.7457008     0.011436544
       163.00000       283.77214       101454.87       7193.3362     -0.46300000       3.7222500     -0.11950000       338.40900       2.3584519    0.0092875948
       166.00002       283.73758       101454.29       7173.6478     -0.25775000       3.2810000      0.34550000       338.74500       3.0023805     0.013258349
       169.00001       283.69698       101441.54       7132.0646     -0.51675000       3.4162500     -0.53725000       337.62400       2.2973648     0.010259405
       173.00003       283.67917       101441.33       7107.8978     -0.29250000       3.8592500      0.46175000       338.42800       2.6788393     0.011652043
       176.00001       283.68130       101444.79       7095.6165      -1.1277500       2.6610000     -0.41775000       337.51500       2.3124368    0.0093387435
       178.99999       283.72376       101473.01       7107.9306     -0.42925000       2.5925000    -0.071750000       337.70200       3.1533860     0.012350637
       183.00001       283.74995       101475.30       7096.1268      -1.1122500       2.3397500     -0.32250000       338.05300       2.8717687     0.011616850
       186.00000       283.77507       101472.80       7085.9416      -2.1302500       1.8990000     -0.37225000       338.40300       3.4852285     0.011546580
       189.00002       283.83286       101453.85       7077.0532      -1.3627500       1.4672500       1.1742500       339.18700       3.2018374    0.0090201136
       193.00000       283.86298       101453.72       7060.5781     -0.74400000       3.1995000     -0.38475000       338.11600       2.3004547     0.011502900
       196.00002       283.88031       101455.21       7046.2414     -0.45800000       2.2407500     -0.15500000       338.18600       1.9574177     0.010237931
       199.00001       283.89498       101455.93       7018.9888     -0.28800000       2.9827500     -0.14750000       338.46800       3.6351956    0.0092926618
       203.00003       283.90906       101453.95       7001.5431      -1.4357500       2.1242500     -0.34200000       337.95600       3.0828126    0.0087016841
       206.00001       283.91429       101453.48       6990.7692     -0.61325000       2.5150000     -0.33025000       338.61100       2.8042876     0.018598347
       208.99999       283.88727       101465.23       6970.8450      -1.7735000       1.1775000    -0.084000010       339.46000       2.6843303     0.011556382
       212.00002       283.89411       101467.89       6968.3509      -2.6135000       1.9542500     -0.29000000       338.25100       2.9581279    0.0088421656
       216.00000       283.91013       101468.70       6973.7765      -2.6565000       1.4542500     -0.29525000       337.74000       3.6154885    0.0089306444
       219.00002       283.92502       101455.56       6987.4971      -1.6957500       1.7290000     -0.40025000       337.92000       2.2349913    0.0075895859
       222.00000       283.94359       101453.38       7000.5667      -2.8872500       1.9335000     -0.44250000       337.47700       3.7435542    0.0089754809
       226.00002       283.97523       101452.54       7024.6934      -2.0670000       1.5585000     -0.13700000       338.42000       2.9906405     0.010746412
       229.00001       284.01835       101463.70       7061.0034      -1.5662500       1.1580000      0.41775000       338.55500       2.3527526    0.0074153499
       232.00003       284.04830       101462.76       7084.6328      -2.2160000       2.3155000     -0.15925000       338.41400       2.4417898    0.0061969853
       236.00001       284.08848       101458.68       7116.6437      -2.0162500       1.6877500     -0.90275000       337.69400       2.7464276     0.011415031
       238.99999       284.11960       101442.63       7142.8692     -0.83925000       1.5702500    -0.018250000       337.63000       4.5516513    0.0099659117
       242.00002       284.14983       101442.44       7167.6641      -1.2150000       1.9245000     -0.31600000       338.54600       2.3220374    0.0091749095
       245.99999       284.19016       101445.70       7200.5941      -2.0740000       1.6002500     -0.30275000       338.12800       2.8635773    0.0083441434
       249.00002       284.23410       101457.70       7244.6229      -1.5652500      0.82925000    -0.042750000       338.01200       3.2367867     0.012014856
       252.00000       284.25771       101457.04       7258.6920      -1.3257500      0.60225000      0.35625000       338.23500       2.7599465     0.011840957
       256.00002       284.28187       101454.67       7266.4873      -1.1582500       2.3375000     -0.11400000       338.86600       4.4053279     0.010935196
       259.00000       284.26925       101454.72       7265.6651     -0.91800000      0.91825000     0.033500000       339.54800       2.7051130    0.0071261201
       262.00003       284.29385       101456.30       7261.8017      -1.0795000       1.1482500    -0.044750000       340.23000       3.6371487     0.018206923
       266.00001       284.33354       101457.05       7246.3061     -0.94925000       2.6077500     -0.24050000       337.73500       2.9614261    0.0073113609
       269.00003       284.33423       101445.24       7179.7561      -3.3052500       2.1695000     -0.21725000       338.32500       2.9687118    0.0074960377
       272.00001       284.37879       101442.58       7170.5090      -1.1712500      0.93500010     -0.18750000       337.83300       2.5780647    0.0083560073
       275.99999       284.45993       101441.91       7170.6818      -2.4810000       1.9125000     -0.73625000       337.98100       2.2796601    0.0066323354
       279.00002       284.55280       101453.64       7148.2384      -1.6437500       1.2435000     -0.15750000       338.49800       2.5571385    0.0097130059
       282.00000       284.63901       101456.54       7176.2027      -1.2117500       2.6632500      0.16125000       338.81700       3.0684613    0.0086033506
       286.00002       284.76804       101459.00       7242.5079     -0.99425010       3.8642500      0.43600000       338.69900       2.7601914    0.0085418244
       289.00000       284.99269       101454.64       7378.1305      -1.2660000       3.3987500     -0.19850000       337.90500       1.9987873    0.0084416332
       292.00003       285.04855       101454.73       7434.3154     -0.26000000       3.4995000     -0.23025000       337.78700       2.1646687    0.0097988012
       296.00000       285.07285       101455.55       7503.0811     -0.35450000       3.1140000     -0.22875000       337.91200       2.3987344     0.010809900
       299.00003       285.06727       101463.88       7622.0014      0.12850000       2.8082500      0.51000010       339.12800       2.3730104    0.0060583594
       302.00001       285.04381       101462.98       7649.0102     -0.52650000       1.6022500     -0.20400000       338.50100       2.3453209    0.0089379947
       306.00003       284.96435       101459.02       7645.1961      -1.1740000       1.7550000     -0.14325000       338.62000       5.0547212     0.010384232
       309.00001       284.73245       101442.37       7560.6148      -1.0302500       2.2325000     -0.14600000       338.65000       3.1342034    0.0061014718
       312.00000       284.63862       101442.14       7525.1967     -0.16450000       3.0080000      0.15375000       340.13800       3.5996319     0.013218012
       316.00002       284.52727       101445.30       7465.2864     -0.84300010       4.5455000      0.10850000       338.93100       2.5170965    0.0094435539
       319.00000       284.42783       101456.96       7359.2280     -0.33000000       4.0090000     -0.34475000       338.39000       2.3257267    0.0086732634
       322.00002       284.37706       101456.18       7312.5564     0.042250000       2.7790000     0.017750000       338.96700       1.9548379    0.0087790802
       326.00000       284.33725       101453.78       7262.2369     -0.62200000       2.3155000     -0.45250000       339.29600       2.1306032    0.0093256173
       329.00003       284.36192       101456.08       7247.7218      -1.0212500       2.1332500    0.0055000000       340.59100       2.8981081     0.011269737
       332.00001       284.34452       101457.12       7215.0477     0.025250000       1.5855000      0.60500000       341.11100       2.5528580     0.010943584
       336.00003       284.32835       101456.40       7174.1795      -2.0502500       1.8497500      0.45100000       340.23200       2.2355900     0.010134173
       339.00001       284.36930       101443.10       7159.2567      -3.2540000      0.55000000     -0.32400000       339.97200       2.6955211     0.012784806
       342.00000       284.36198       101438.50       7133.1059      -1.2572500       1.6972500      0.52500000       340.58400       2.4434815     0.011501990
       345.00002       284.34566       101435.27       7105.1576      -1.5127500       2.7270000      0.16500000       339.93500       2.0518240    0.0098676492
       349.00000       284.24113       101439.13       7032.4406      -1.8485000       3.5082500     0.054750000       337.98900       2.5676824    0.0084020562
       352.00002       284.23155       101440.32       7012.5492      -2.0240000       1.8192500       1.0637500       340.07100       3.0007274    0.0074344401
       355.00001       284.23527       101441.52       7001.2402      -2.0630000       6.5380000      -1.0072500       337.51700       2.9992720     0.013048231
       359.00002       284.26633       101441.58       7016.7628      -1.3222500       6.4565010       1.1020000       338.41500       2.8016135    0.0066335336
       362.00001       284.28615       101440.42       7012.1945      -2.6357500       7.2515000     -0.61725000       338.52800       1.9451501    0.0085879753
       364.99999       284.31535       101439.29       7009.5097      -3.1597500       2.7645000      0.87350000       338.98100       2.8266059    0.0087070144
       369.00001       284.45292       101437.91       7030.9755      -1.5757500       4.0370000     -0.24625000       339.14200       2.3906600    0.0076466350
       371.99999       284.47383       101439.85       7030.9343      -2.0747500       3.4112500       1.0385000       338.46600       2.8264966     0.011106262
       375.00002       284.47672       101442.24       7026.6298      -1.5962500       3.4960000      0.31800000       338.43500       2.3853845    0.0074106076
       379.00000       284.40505       101444.21       6980.6806      -1.3857500       1.4287500      0.36975000       339.81000       2.4071974    0.0096274810
       382.00002       284.39889       101444.92       6978.7999      -1.1067500       1.6330000      0.33825000       339.69800       2.7495240     0.011204160
       385.00000       284.39292       101446.05       6983.5785      -2.0715000       2.5275000     -0.69650000       338.49400       2.7433483    0.0079070780
       389.00002       284.33501       101455.03       6999.0837      -1.5755000       3.4672500      0.52175000       339.25100       2.5714058    0.0090522116
       392.00001       284.33158       101457.16       7015.5118      -1.3855000       3.5082500     -0.13700000       337.98900       2.0012656    0.0063705629
       395.00003       284.34145       101457.95       7038.2756      -1.2837500       3.2622500      0.21600000       338.68000       2.1680568    0.0076317072
       399.00001       284.45919       101449.81       7107.8781      -2.4155000       2.9895000      0.88300000       338.87700       2.2390826    0.0069215557
       401.99999       284.46903       101449.43       7135.4828      -1.8320000       3.2992500     -0.34650000       338.92500       2.1004369    0.0072926881
       405.00002       284.46560       101449.94       7160.2744      -1.1692500       3.0915000      0.68475000       339.83700       2.4604660     0.010621956
       408.99999       284.43457       101455.48       7201.8587      -2.7940000       2.6837500     -0.87850000       338.27700       2.1344242    0.0077199801
       412.00002       284.41502       101456.03       7216.8501     -0.73200010       3.5472500    -0.093500000       338.24900       2.1244878     0.013243841
       415.00000       284.38613       101456.13       7225.0539      -1.9410000       3.2142500     -0.68200000       339.05400       3.5352024     0.010593674
       419.00002       284.26032       101454.68       7207.9340      -1.9325000       1.9172500     -0.21400000       340.86100       2.1761356    0.0066463047
       422.00000       284.23232       101455.30       7209.1999     -0.60425000       3.0190000      0.11250000       340.20600       2.0933201     0.011165186
       425.00003       284.21788       101455.92       7209.8395      -1.6027500       3.6675000      0.46825000       339.55000       2.4385641    0.0075459324
       429.00001       284.21746       101458.45       7205.2943      -3.1240000       2.5780000      -1.2040000       337.38600       2.3252101    0.0065207902
       431.99999       284.23138       101456.52       7201.7101      -1.2067500       1.3875000     -0.17250000       339.45100       2.9275123    0.0093258358
       435.00001       284.25883       101453.69       7198.1381      -1.4302500       3.0760000     0.072250000       337.94400       3.2223944    0.0098460033
       438.99999       284.33255       101444.44       7185.0181     -0.88300000       4.8282500    -0.032500000       338.35900       2.7204022    0.0086850072
       442.00002       284.38768       101443.97       7190.0403      -1.4205000      0.93350010     0.018250000       339.97200       1.9979918    0.0060184461
       445.00000       284.45168       101444.40       7198.5974      -2.0710000       1.4922500     -0.11875000       339.13300       2.4113091    0.0068998773
       449.00002       284.56243       101447.19       7199.2177     -0.91600010       3.1482500      0.47300000       339.65200       1.9614785    0.0074170810
       452.00000       284.64148       101445.46       7216.4729      -1.0847500       1.8935000      0.11650000       339.77200       2.2110799    0.0077678110
       455.00003       284.72558       101443.75       7241.6150      -1.2655000       2.1045000      0.28225000       339.31500       2.6970907    0.0081793916
       459.00000       284.87314       101443.67       7295.0815      -2.2237500       2.9297500      0.63850000       338.80600       2.1523886    0.0079942192
       462.00003       284.95698       101445.55       7338.8965      -1.2705000       1.7155000      0.25400000       339.49900       1.9965148    0.0070535087
       465.00001       285.03633       101447.44       7388.9106      -2.0695000       1.3645000     -0.50675000       339.76500       2.1525060    0.0098131005
       468.99999       285.16322       101447.11       7471.8717      -2.0432500       3.1770000     -0.58450000       338.93700       2.2976641    0.0071904051
       472.00001       285.22144       101445.30       7530.5774      -3.0275000       2.3985000      -1.1772500       338.06400       1.8946197    0.0077824109
       475.00000       285.26571       101443.47       7592.6810      -2.8407500       1.0932500     -0.25950000       338.84400       2.0223613    0.0061209938
       478.00002       285.23866       101443.09       7692.0239      -1.3400000       2.4917500     -0.97825000       338.92600       2.1644807    0.0064696272
       482.00000       285.29424       101445.54       7770.6567      -2.7752500       3.1740000     -0.92050000       337.85200       2.0543690    0.0089556134
       485.00002       285.34106       101447.38       7821.5891     -0.82700000       2.2365000     -0.62950000       339.49100       2.5079536    0.0098870660
       488.00001       285.44448       101447.68       7892.4460      -3.8437500       2.4275000     -0.72850000       338.08400       2.2533465    0.0085409269
       492.00003       285.46830       101445.29       7930.2455      -3.9262500       2.6085000     -0.62100010       337.64100       2.6852226    0.0096842814
       495.00001       285.47067       101443.51       7940.8464      -1.3380000       1.4160000     -0.30875000       339.10500       2.7984760    0.0081479439
       497.99999       285.53050       101440.27       7945.1833      -1.4570000       3.5962500    -0.083500010       339.44200       2.1070706    0.0063256200
       502.00001       285.49843       101444.35       7914.1911      -1.0977500       2.3482500      0.60225000       340.01000       3.5853532     0.010599395
       505.00000       285.43679       101448.45       7870.5215      -1.8807500       2.6612500      0.60050000       340.29400       2.4509858     0.010956198
       508.00002       285.18154       101457.35       7755.6925      -1.7250000       1.5005000       1.0070000       339.38100       2.4117073    0.0087790911
       512.00000       285.07697       101456.50       7678.4755      -1.3570000       2.9065000     -0.43250000       338.44400       3.6322748    0.0083183999
       515.00002       285.01961       101454.83       7620.7787      -1.5507500       3.3832500     -0.19050000       338.23100       2.4367721    0.0082259311
       518.00001       284.98745       101453.83       7540.2951     -0.96075000       1.9945000      0.43250000       339.95900       2.1509248     0.010838147
       522.00003       284.93082       101456.16       7460.5208     -0.53400000       2.5507500      0.17475000       339.37800       2.1648868     0.010909962
       525.00001       284.90430       101456.90       7407.7792      -1.1062500       4.4555000      0.79875000       339.60900       2.1683945    0.0075393214
       527.99999       284.97034       101449.54       7367.8618      -1.1950000      0.85125010      0.23050000       338.34800       2.3836534     0.010584615
       532.00001       284.96224       101443.99       7319.2729     -0.80500010       3.1670000     0.049250000       338.65100       2.2916349    0.0092687913
       534.99999       284.94581       101440.86       7287.7896      -1.7417500       3.1372500     -0.70025000       339.07600       4.0967082    0.0094157997
       538.00002       284.83235       101443.02       7248.6701      -2.7945000       1.8922500     -0.31950000       339.09000       2.4320304    0.0076178759
       542.00000       284.82485       101445.41       7218.4866     -0.14375000       4.2150000     -0.40375000       337.79100       2.3681178    0.0060354775
       545.00002       284.84038       101447.19       7204.5046     -0.69625000       2.3702500     -0.13125000       339.66200       2.4024319    0.0087390810
       548.00000       284.91202       101447.68       7209.1223    -0.064250000       3.4285000     -0.26075000       337.40300       2.3556901    0.0078998521
       552.00002       284.94396       101445.22       7209.1652       1.2517500       3.7170000     -0.54275000       337.50900       2.3530372    0.0087669783
       555.00001       284.97315       101443.37       7213.8696      0.87075010       2.3990000     -0.11975000       337.47300       1.9701338    0.0076009292
       557.99999       285.07111       101442.82       7232.0232     -0.11250000       3.3082500    -0.063250010       338.27800       3.2680261    0.0075112513
       562.00001       285.11944       101445.25       7243.7554     0.052750000       2.3510000     -0.36000000       337.49000       2.7941443    0.0084373189
       564.99999       285.13966       101447.09       7253.7088     -0.31300000       2.6490000    -0.065000010       338.64000       2.0323542    0.0077184605
       568.00002       285.07188       101444.77       7265.6817     -0.59625010       2.1267500   -0.0092500000       338.26900       2.9887189    0.0092477097
       572.00000       285.08797       101443.97       7285.6332    -0.060250000       2.8860000   -0.0082500000       338.11700       3.2073160    0.0093260534
       575.00002       285.11033       101444.41       7301.9286     -0.60075000       2.5935000     -0.11350000       337.52000       2.2435771    0.0089300210
       578.00000       285.16817       101453.95       7309.8557     -0.43725000       2.3005000     -0.34550000       338.34000       2.3269115    0.0095446506
       582.00002       285.19993       101457.12       7336.1897     -0.12425000       2.1857500   -0.0037500000       339.38000       2.9467017    0.0068591245
       585.00001       285.22375       101457.95       7360.4727      0.14675000       2.1267500     -0.10875000       338.43400       3.4551449    0.0087757246
       588.00003       285.28038       101451.27       7406.8821     -0.25425000       2.1137500     -0.73200010       339.17200       2.6982007     0.010588045
       592.00001       285.31228       101449.68       7441.9698      0.71675000       3.0865000      0.11425000       338.85000       3.3213500     0.011779918
       594.99999       285.32565       101449.02       7466.2685     -0.95425000       2.0387500      0.22900000       339.23400       3.0899192    0.0089664725
       598.00002       285.30024       101450.41       7514.0787     -0.54975000       3.3005000    -0.068500000       337.89100       2.9504820    0.0083272710
       601.99999       285.30033       101450.46       7531.2698     -0.63425000       2.3310000     0.021750000       338.90700       3.0552586    0.0070147118
       605.00002       285.30040       101450.49       7532.9793      -1.6487500       2.3747500     -0.13075000       338.41300       2.2400239    0.0072082349
       608.00000       285.31376       101448.87       7498.3454     -0.67000000       2.6612500     -0.32925000       338.55600       2.3070815    0.0075386124
       611.00003       285.30857       101449.40       7492.7978     -0.12725000       1.5315000     0.082750010       339.06300       2.7245696    0.0084344146
       615.00000       285.29464       101450.82       7484.0144      -1.2345000       1.5447500      0.44125000       340.26200       2.7131616     0.011439492
       618.00003       285.35106       101457.95       7489.0011     -0.89825000       1.8472500    -0.051750000       338.04300       3.4111794     0.013200283
       621.00001       285.30769       101457.57       7467.1396     -0.37750000       3.9952500     0.037750000       337.57700       4.3279767     0.012162347
       625.00003       285.20850       101455.00       7429.4789      0.49025000       3.5415000     -0.12075000       339.12500       2.9430777    0.0096513553
       628.00001       285.03976       101445.02       7418.0291     -0.94625000       2.0465000      0.31350000       338.85000       2.0984708     0.011387834
       631.00000       284.94478       101444.31       7381.7694      -1.2867500       2.8255000     -0.59275000       338.41500       2.9373456    0.0067338606
       635.00002       284.80986       101444.74       7315.9983      -1.6052500       1.6425000     -0.34125000       339.90600       2.7038362    0.0098781773
       638.00000       284.57804       101449.05       7197.4903     -0.96675000       1.9167500      0.36075000       340.80700       2.2358201    0.0094019413
       641.00002       284.48231       101446.66       7138.6995      -2.9095000       1.0615000      0.55800000       340.68500       2.4312510    0.0081486759
       645.00000       284.40371       101442.77       7070.1556      -3.3427500       1.8560000     -0.12400000       338.49700       2.2339684    0.0086726900
       648.00003       284.42552       101438.06       6985.8693      -2.5447500       1.4150000     -0.44425000       337.43800       2.8192626     0.011668240
       651.00001       284.42228       101439.19       6957.3839      -65.536000      -65.536000      -65.536000       307.23200       3.9789949    0.0073560892
       655.00003       284.44609       101441.45       6947.7937      -2.1770000     -0.17650000     -0.49375000       338.40600       3.4626648    0.0077282869
       658.00001       284.51660       101443.55       6994.6427      -1.9045000      0.98250010     0.057250000       337.71300       3.3652857    0.0071755139
       661.00000       284.56879       101441.21       7010.6463      -2.0622500       2.5882500      0.23250000       339.14000       2.9408027     0.010469232
       665.00001       284.65211       101438.08       7044.0597      -3.1462500      -1.0805000      0.62850000       340.66500       2.6263372    0.0085111229
       668.00000       284.76823       101437.28       7116.0744      -2.0030000       1.0845000     -0.16475000       338.20200       2.4344240     0.010342351
       671.00002       284.83455       101439.72       7157.3177      -1.7025000      0.14475000      0.54925000       340.24900       2.2225951    0.0097037785
       675.00000       284.91612       101442.98       7208.3959      -3.3162500     -0.10000000     -0.22700000       338.13000       2.0779957    0.0075983987
       678.00002       284.95990       101441.73       7208.5155      -3.0992500     -0.58825000     0.078000000       338.02400       2.2133698    0.0092785236
       681.00001       285.02590       101439.81       7249.1265      -2.4952500     -0.23600000     -0.34875000       339.81000       2.2662745    0.0055644029
       685.00003       285.11430       101438.00       7315.7885      -1.9130000    0.0050000000     0.014500000       338.47100       2.2476588     0.012035362
       688.00001       285.16316       101443.20       7381.5413      -2.7010000      0.42300000     -0.16450000       338.01200       2.8752263    0.0098920113
       690.99999       285.22269       101445.80       7443.2527      -1.8807500      0.95250000     -0.16425000       338.80500       4.2058049    0.0092061131
       695.00001       285.30905       101447.84       7534.6637      -2.7557500       1.5482500     -0.14200000       338.63900       3.5235255     0.010336196
       698.00000       285.48234       101440.26       7675.9217      -2.6957500       1.5102500      0.27525000       338.17400       3.0498034    0.0092171619
       701.00002       285.53012       101438.84       7739.6918      -2.4930000       1.4867500     -0.24250000       338.22200       2.2000171     0.012576426
       705.00000       285.55099       101439.06       7801.5036      -2.0497500       1.9362500     -0.27650000       337.95000       2.7111867     0.017874961
       708.00002       285.43592       101451.33       7831.3189     -0.84775010       1.5822500     -0.66000000       338.21700       3.8379613     0.011022787
       711.00001       285.44111       101452.82       7853.7059      -1.7340000    -0.027750000      0.36275000       338.90600       2.8791942    0.0092214033
       715.00002       285.45489       101452.05       7860.7258      -1.6100000       1.6467500      0.35225000       339.27800       3.8375399     0.010926474
       718.00001       285.38452       101439.21       7774.7539     -0.52500000       1.7935000      0.12725000       339.75300       5.0662503     0.012035006
       720.99999       285.39836       101438.39       7765.0089      -1.3190000       1.3335000     -0.85025010       339.68800       2.7768082    0.0078537314
       725.00001       285.45981       101439.40       7763.4074      -3.1090000      0.23525000       1.3095000       340.33300       2.0467475    0.0076678505
       727.99999       285.67172       101448.17       7798.5470      -1.7187500       2.2680000      -1.1415000       339.99900       3.1842656     0.014159265
       731.00002       285.74623       101447.11       7794.9408      -1.6407500       3.2537500      0.13500000       340.39100       2.5377664     0.013552005
       735.00000       285.82456       101444.30       7786.2487     -0.86625000       3.6507500     0.016000000       340.45800       2.2038662    0.0075599571
       738.00002       285.94195       101438.09       7794.8431      -1.5152500       4.0002500      0.55250000       339.48900       2.1576869    0.0085188750
       741.00000       285.95466       101439.20       7790.8887      -1.7587500       3.9270000     -0.42300000       338.41000       2.6425476    0.0078160454
       744.00003       285.93100       101440.79       7780.4241     -0.48225000       3.7572500      0.23525000       339.39300       2.3685744     0.010862778
       748.00001       285.84199       101443.32       7786.2564     -0.94525000       2.7352500     -0.21225000       339.61400       2.1802773     0.010642931
       750.99999       285.74009       101440.90       7738.3121     -0.64050000       2.4050000     0.051750000       339.00000       2.3532820    0.0095857322
       754.00001       285.60275       101438.48       7673.8802      -2.2075000       1.2480000     -0.82550000       338.40200       2.0643385    0.0092341581
       757.99999       285.19157       101437.21       7529.0619     -0.72050010       3.9602500     -0.17375000       338.84700       2.3575108    0.0082606986
       761.00002       285.02773       101439.62       7457.8943      -1.7635000       3.7767500     -0.17350000       338.62300       2.5962206    0.0082431845
       764.00000       284.88159       101442.02       7383.1767      -1.1685000       3.3677500     -0.24950000       338.19100       2.0529107    0.0078106040
       768.00002       284.67469       101439.07       7212.1796      -1.7202500       3.8360000     -0.34550000       337.61600       2.0297717    0.0073237778
       771.00000       284.55042       101438.30       7127.4778      -1.5250000       2.9995000      0.49550000       337.90100       4.1718290     0.012062446
       774.00003       284.45310       101438.92       7057.3062      -1.3045000       2.9185000     -0.26450000       337.59900       2.2516098     0.010913113
       778.00000       284.38648       101455.55       7009.2900      -1.8527500       2.2555000     -0.55050000       338.56800       2.5708053     0.010089074
       781.00003       284.37078       101458.43       6974.9973      -1.1252500       1.5140000     0.032500000       338.75700       2.8698234     0.013722584
       784.00001       284.37763       101458.60       6947.8240      -1.7030000      0.92025010      0.97825000       338.71500       2.9068019    0.0086207094
       787.99999       284.42945       101440.29       6900.8967     -0.23475000       2.6935000      0.14075000       338.40200       2.2103974     0.011621317
       791.00001       284.46242       101438.15       6890.0950      -1.5155000       3.4927500      0.67025010       339.24700       3.1013450    0.0084833170
       794.00000       284.51312       101437.83       6892.3153      -1.0962500       2.1940000    -0.014250000       337.89400       3.2807114     0.011374537
       798.00002       284.80076       101448.12       6957.7407      -1.0210000       1.6540000     -0.47350000       337.84100       3.0473739    0.0084175186
       801.00000       284.84876       101447.06       6977.8588     -0.93900010       2.2832500      0.10425000       337.86000       2.2998338     0.012037829
       804.00002       284.85691       101445.12       6998.4269     -0.97850010       2.1717500      0.24350000       338.16600       2.1031507    0.0085298121
       808.00000       284.75877       101438.40       7073.6080      -2.2817500       1.4515000     -0.16625000       338.51500       2.5888466    0.0087931887
       811.00003       284.70832       101439.59       7084.4596      -1.7355000       1.8915000     -0.40750000       338.47000       2.7205180     0.011357798
       814.00001       284.63449       101441.20       7081.2905      -1.8500000       1.3762500     -0.74175010       338.99100       1.9767825    0.0071983396
       818.00003       284.32062       101439.41       7020.1386      -1.2790000       1.4482500     -0.25100000       338.86100       2.7870656     0.010894240
       821.00001       284.23133       101438.58       7000.9837      -1.6000000       1.8982500   -0.0057500000       338.68300       2.0677489    0.0079405827
       824.00000       284.17364       101439.12       6979.8766      -2.1667500       1.2132500     -0.43800000       339.95300       2.8159406     0.010765052
       828.00002       284.15638       101451.77       6889.8439      -3.2587500       1.1812500     -0.24625000       338.33100       2.5111265     0.010660124
       831.00000       284.15770       101456.27       6874.4537      -2.1740000       2.3270000      0.38050000       339.15100       1.9476115     0.011513189
       834.00002       284.18609       101459.40       6874.7115      -1.2415000       2.5067500     -0.48725000       338.26300       2.6825912     0.010394886
       838.00000       284.38427       101454.65       6935.7862      -1.3217500       2.6425000      0.20600000       337.88500       2.5653535    0.0082798130
       841.00002       284.44519       101454.59       6957.2672      -1.5452500       1.4437500      0.11750000       339.81000       2.5579576     0.014718561
       844.00001       284.49726       101454.96       6982.9675      -1.7090000       1.5420000     -0.15325000       337.40800       3.8829678     0.015668123
       848.00003       284.59889       101465.09       7075.0626      -1.6185000       1.1142500     -0.44125000       337.42100       2.5114113     0.010185771
       851.00001       284.62644       101464.30       7102.7406      -1.1495000      0.66425000      0.47650000       338.84000       2.4515119     0.011365480
       853.99999       284.63183       101461.30       7119.5209      -1.5112500      0.92050000     -0.23475000       338.79100       2.4456897    0.0083863678
       858.00001       284.53356       101441.26       7100.5308     -0.69425000       1.0855000      0.16975000       339.39600       3.2130753     0.012428181
       861.00000       284.50950       101438.59       7101.0930     -0.33100000       1.5000000    -0.036750000       339.05000       2.1779677     0.011140613
       864.00002       284.48519       101437.70       7098.3808      -1.4635000       1.3842500     -0.19900000       339.74600       3.0169117     0.012831537
       868.00000       284.40667       101442.17       7058.4601      -1.0210000       1.8475000      0.68875000       339.14100       2.8973600    0.0097898265
       871.00002       284.38623       101440.27       7053.8037     -0.57625000       2.4967500     -0.67850010       338.10700       2.4191602     0.011585304
       874.00001       284.37932       101438.83       7055.4898    -0.088250000       1.5545000     -0.40100000       339.25800       2.1860553    0.0088199512
       876.99999       284.43092       101442.27       7084.5616      0.26600000       1.5430000     -0.22725000       338.48000       2.4059379     0.013190380
       881.00001       284.44734       101445.91       7096.4222     -0.65800010       2.1850000     -0.27875000       339.21700       3.1301374    0.0094835116
       883.99999       284.45951       101447.59       7105.2996     -0.72850000       2.7457500     -0.32900000       337.90300       2.2842567     0.012222120
       887.00002       284.45532       101439.11       7117.0067     0.073750000       2.5120000      0.25225000       339.25900       3.2489663     0.013176942
       891.00000       284.48517       101437.47       7133.6879     -0.92200010       1.6602500      0.36875000       340.37400       3.1406811    0.0089495842
       894.00002       284.51272       101438.30       7145.0652     -0.99650010       2.4300000      0.38125000       339.22900       2.5142863    0.0085910276
       897.00000       284.54470       101440.90       7155.4620      -1.3827500       2.1325000     -0.65100000       338.44200       2.6034206     0.010729999
       901.00002       284.59004       101459.11       7153.1405     -0.99975000       1.7507500     -0.63325010       337.54900       2.7662115    0.0089155161
       904.00001       284.61408       101457.97       7166.4971     -0.99300000       2.4962500   -0.0025000000       339.74400       3.3176066     0.011700205
       907.00003       284.63834       101454.10       7183.2275     -0.30450000       1.6082500      0.22825000       340.09400       6.1717598     0.015332912
       911.00001       284.73137       101438.76       7224.8192      0.11675000       3.0557500    -0.051750000       339.09100       2.1037397     0.011035073
       913.99999       284.71845       101438.76       7236.8540     -0.63875000       2.4202500     -0.20025000       338.53800       2.0176866     0.013314760
       917.00002       284.59295       101442.89       7248.8284      -1.0152500       2.4482500     -0.12075000       337.50600       3.8046367     0.017620092
       920.99999       284.55011       101440.32       7258.4971      -1.1355000       1.7690000    -0.085250010       338.18500       2.3940188     0.014524716
       924.00002       284.52370       101438.90       7261.0823     -0.79675000       2.2570000      0.34075000       338.50600       2.8478448     0.014483084
       927.00000       284.45911       101440.88       7243.5944     -0.85325000       1.8482500    -0.050750000       338.02500       2.1106353     0.015338084
       931.00002       284.42783       101445.02       7238.8381     -0.86525010       1.8670000     -0.21050000       337.40600       3.0684041     0.010944487
       934.00000       284.42505       101447.60       7236.3171     -0.38875000       1.4855000      0.11875000       339.08000       2.0063072     0.010054179
       937.00003       284.54476       101448.19       7253.2459     -0.29875000       2.2540000     -0.24425000       337.52800       2.3213512    0.0078853073
       941.00001       284.56654       101445.80       7243.8686      0.23000000       1.5730000      0.41925000       337.97800       2.9089334    0.0090659010
       944.00003       284.56736       101444.01       7231.4124     -0.35175000       1.3182500     -0.11925000       338.56200       2.6478229     0.011198785
       947.00001       284.55489       101442.23       7214.3451     -0.92525010       1.4240000     -0.36350000       338.25700       2.9162738     0.010689765
       950.99999       284.50330       101448.48       7182.6450     -0.28025000       1.0997500     -0.45775000       338.18000       3.4442211    0.0087458999
       954.00002       284.49717       101446.32       7168.0272     -0.20300000       1.4285000      0.13225000       339.93600       2.4454968    0.0084951613
       957.00000       284.49087       101442.30       7152.8020      -1.1840000       1.1337500      0.74750010       339.65400       2.4588955     0.010937275
       961.00002       284.43217       101422.27       7108.9932     -0.69350000       1.8407500     -0.23425000       339.25200       2.6582611    0.0090004378
       964.00000       284.43738       101421.49       7100.2237      -1.5305000       3.5142500      0.14275000       337.79800       2.3046551     0.012775483
       967.00003       284.48581       101430.96       7103.0592     -0.91550000       2.8217500     -0.16100000       338.71800       1.8994298    0.0098766552
       971.00000       284.53203       101434.00       7110.5758     -0.89075010       2.2250000     0.051000000       337.62100       3.1962374     0.019633194
       974.00003       284.57181       101436.77       7121.5067      -1.1620000       2.1527500     0.085000000       338.96800       3.9533464     0.012718033
       977.00001       284.63073       101450.49       7147.7251     -0.73025010       2.3100000      0.77425000       340.27000       2.9358205    0.0074533805
       981.00003       284.68628       101454.08       7169.1535     -0.33550000       1.9707500      0.72350000       340.03400       2.8295491     0.012250164
       984.00001       284.72795       101453.67       7186.8886     -0.15025000       2.0445000     -0.19450000       338.05800       2.7816628    0.0075552108
       987.00000       284.76962       101450.60       7206.0628      0.12900000       1.9712500      0.70975010       340.16400       2.0759828    0.0086788018
       991.00002       284.87037       101433.21       7253.5174     -0.92525010       2.0355000     -0.29700000       338.02900       4.8134036     0.013275741
       994.00000       284.87897       101433.60       7264.4675     -0.57450000      0.51900010      -1.2527500       338.25100       2.1284808    0.0073488445
       997.00002       284.86949       101435.80       7269.6991     -0.65350000      0.41350000      0.70025000       340.08000       3.0087419     0.012674280
       1001.0000       284.81113       101440.53       7264.7935      0.41325000       1.4655000      0.72675000       340.99700       1.9254993     0.010395271
       1004.0000       284.79556       101439.91       7262.8469     -0.19075000       2.7132500    -0.015750000       339.09100       2.1181740     0.012803991
       1007.0000       284.77398       101445.19       7260.4820      -1.0760000       2.8090000     -0.21500000       339.24000       2.8458916     0.011606373
       1010.0000       284.73414       101447.30       7248.0887      0.14950000       3.2750000    -0.016250000       339.56400       2.8327967     0.012107007
       1014.0000       284.67418       101447.33       7224.6464     -0.22500000       3.9177500     0.092500000       338.81200       3.0258350     0.016049877
       1017.0000       284.62393       101430.29       7200.7336     -0.31775000       2.3570000      0.26850000       339.42100       3.0945531     0.010495198
       1020.0000       284.58437       101427.24       7177.2082     0.049750000       3.2235000     -0.11500000       337.42300       3.2297307    0.0083938875
       1024.0000       284.52475       101427.30       7139.5909     -0.76050000       2.0197500   -0.0090000010       338.81000       2.3054973    0.0096145754
       1027.0000       284.36981       101445.22       7075.9916     -0.44775000       2.3270000     -0.18525000       338.30100       2.6745739     0.010040004
       1030.0000       284.32654       101447.29       7043.4883    -0.048500000       2.0260000     -0.33050000       337.43300       2.2988721    0.0050871014
       1034.0000       284.31019       101447.29       7008.0413      0.37525000       1.6537500     0.058750000       338.67600       2.1471813    0.0095480154
       1037.0000       284.32896       101445.23       6987.2180     -0.23425000       2.1005000      0.24450000       338.77800       3.2396587     0.010667777
       1040.0000       284.42357       101440.11       6966.1048      0.59725000       1.3115000     -0.23950000       337.83800       2.2372970    0.0093242873
       1044.0000       284.45966       101440.90       6950.6502      0.30500000      0.61100000      0.56025000       339.83200       2.0130476     0.010595760
       1047.0000       284.49241       101441.46       6945.6523     -0.11275000       2.1227500     -0.30700000       338.10500       2.2771150     0.011781410
       1050.0000       284.58554       101433.42       6948.0268     0.035000000       1.1730000      0.23175000       339.57400       2.0627769    0.0060486760
       1054.0000       284.63414       101433.43       6961.1876      0.22200000       2.0552500     0.068500000       339.50600       3.2075427     0.010423574
       1057.0000       284.60091       101450.26       6985.8792      0.57900010       1.4590000     -0.28100000       339.01800       1.8749225    0.0083582261
       1060.0000       284.62029       101453.54       7004.8979    -0.076750000       3.1290000      0.12425000       340.84900       1.9276398    0.0088309221
       1064.0000       284.66005       101453.68       7036.0493      -1.2490000       4.2600000     -0.73025010       337.82600       1.9139424    0.0083436084
       1067.0000       284.74550       101436.74       7087.7467     -0.14500000       2.7737500     -0.49050000       338.97700       2.0479433     0.011443672
       1070.0000       284.78336       101434.30       7117.0038     -0.37325000       3.3350000      0.18825000       338.76000       2.0723823     0.010196288
       1074.0000       284.82692       101433.13       7150.8334     -0.50050000       2.8207500     -0.23675000       338.60100       2.0016305    0.0085443095
       1077.0000       284.85440       101433.81       7172.2822    -0.091000010       4.1435000      0.45275000       339.51600       1.9884080     0.010284302
       1080.0000       284.89893       101432.96       7183.0436      -1.3835000       3.5955000    -0.058750000       338.07300       1.9484720    0.0085558728
       1084.0000       284.92259       101434.24       7212.7222      -1.0087500       3.3870000      0.24600000       339.20600       1.9434835    0.0097300644
       1087.0000       284.92975       101436.82       7235.0436      -1.4207500      0.90825000       1.1162500       340.55300       1.9229652    0.0075504325
       1090.0000       284.91108       101455.36       7253.9649      -1.0495000       1.4655000      0.25375000       340.77000       1.9409808    0.0056686192
       1094.0000       284.89905       101452.90       7278.8725      -2.8447500       2.0632500     -0.31625000       338.97400       1.8761742    0.0080318924
       1097.0000       284.88413       101427.55       7319.4220      -2.7812500       1.7555000    -0.021250000       340.07200       1.9020622     0.016046480
       1100.0000       284.86825       101423.29       7335.9675      -1.6887500       1.0185000      0.42425000       341.17000       1.8968011     0.011444534
       1104.0000       284.84023       101421.23       7347.3474     -0.38875000       1.7207500   -0.0020000000       340.30900       1.8865450    0.0072297761
       1107.0000       284.73932       101422.82       7326.9292      -3.0367500       1.4960000     -0.64650010       338.99600       1.9300722     0.010236695
       1110.0000       284.72478       101421.78       7326.7058      -2.3667500       1.1552500     -0.12925000       339.42700       1.9457167     0.011677878
       1114.0000       284.73291       101423.84       7325.4961      -1.2172500      0.65950000       1.1035000       341.20300       1.9022221    0.0096092483
       1117.0000       284.77518       101450.51       7299.0305      -2.0130000      0.68525000      0.15650000       340.04500       1.8738299     0.012794999
       1120.0000       284.80412       101455.80       7298.0481      -1.9722500     -0.22825000      0.19500000       339.98400       1.8787064    0.0074716245
       1124.0000       284.86337       101455.96       7307.2251      -1.3497500       1.0870000      0.14450000       341.29000       1.8406108     0.014147681
       1127.0000       284.92328       101450.92       7321.9887      -2.2687500      0.70525000      0.59275000       340.85200       1.8946198    0.0082881660
       1130.0000       285.02141       101424.07       7336.5689      -2.1117500       1.3825000     -0.68275000       338.15600       1.9208900    0.0065097467
       1134.0000       285.14988       101422.14       7382.8539      -2.8755000       1.4557500     -0.22700000       338.05200       1.8748225     0.010074169
       1137.0000       285.25734       101423.30       7428.9363      -3.2532500       1.3017500    -0.050500000       340.33300       1.8667113     0.010800921
       1140.0000       285.40717       101422.05       7501.0807      -2.4995000       1.4945000     -0.28075000       338.83700       1.9278454    0.0086067742
       1143.0000       285.48707       101423.20       7552.1977      -1.8237500      0.48400000      0.82325010       339.99100       1.8792941     0.012887598
       1147.0000       285.69898       101447.19       7673.3803      -3.2052500       2.4637500     -0.20850000       337.93400       1.8593890    0.0093169705
       1150.0000       285.75334       101453.34       7725.9412      -3.2072500       1.7887500     -0.39200000       337.60700       1.8181274     0.011630953
       1153.0000       285.76224       101455.85       7766.1033      -1.5402500       1.1462500     -0.30500000       337.97400       1.9689820     0.010631363
       1157.0000       285.56433       101439.85       7798.6763      -1.2437500      0.61675000     -0.36250000       338.19400       1.9205943     0.010013502
       1160.0000       285.50108       101436.69       7811.5503      -1.5637500       1.4165000    -0.024000000       338.28300       1.9261097    0.0079534895
       1163.0000       285.43341       101433.98       7811.6993      -1.3080000      0.74875000      0.22000000       339.92400       1.9782309     0.014562686
       1167.0000       285.33629       101431.06       7792.3351     -0.87075010   -0.0040000000     0.077000010       338.09500       1.9207181    0.0063123019
       1170.0000       285.10349       101422.28       7723.1450      -1.0120000      0.31025000   -0.0032500000       338.85200       1.8505969    0.0085673819
       1173.0000       285.08509       101422.26       7704.4363     -0.60575000      0.63750000      0.57525000       340.47400       1.8094394    0.0099350415
       1177.0000       285.13117       101425.80       7682.5080      -2.0262500       1.5525000     -0.21725000       339.12700       1.9268349    0.0079292982
       1180.0000       285.30110       101441.89       7653.2800      -1.5690000       3.5172500      0.40275000       339.05100       1.9412842    0.0071843711
       1183.0000       285.36000       101442.77       7640.6231      -4.0707500       2.1650000     -0.47900000       338.28900       1.9003734    0.0081994412
       1187.0000       285.61552       101436.71       7669.0220      -3.2392500       1.3360000     -0.43875000       338.48400       1.9257496    0.0084591782
       1190.0000       285.68502       101436.32       7661.7165      -1.7222500       1.4282500      0.35975000       339.11400       1.8925394    0.0064806755
       1193.0000       285.71342       101435.52       7648.1215      -1.7275000      0.86400000     -0.38750000       338.41800       1.9082154     0.011691753
       1197.0000       285.53406       101424.82       7632.1250      -2.9220000       1.0192500     -0.55350000       337.89400       1.8264691     0.013912633
       1200.0000       285.50806       101422.60       7605.8510      -3.1417500       2.3535000      -1.0432500       339.24200       1.8817052    0.0071245727
       1203.0000       285.48649       101422.59       7570.2563      -2.2012500       1.8192500     -0.51900010       338.03200       1.9041784    0.0078271581
       1207.0000       285.41974       101439.34       7450.7672      -1.1060000       2.5457500      0.48425000       340.11600       1.8786521    0.0076141130
       1210.0000       285.38681       101442.02       7406.1167      -2.8477500      0.72950010      0.28675000       339.42800       1.8406257    0.0095985889
       1213.0000       285.37157       101442.92       7369.1396      -2.6132500     -0.88325010      0.52975000       339.78000       1.8934086    0.0066142559
       1217.0000       285.37879       101441.36       7331.5598      -4.1327500      -1.0425000      0.53275000       340.89800       1.8499407    0.0089756823
       1220.0000       285.46388       101437.98       7272.6131      -3.4482500    -0.033750000     -0.32175000       339.40700       1.8230031    0.0093062387
       1223.0000       285.50838       101436.34       7271.7733      -4.2397500      0.91300000     0.032750000       338.94700       1.8516597     0.010879697
       1227.0000       285.57500       101432.69       7300.6499      -2.2640000       1.6385000      0.66075000       340.36600       1.8172051     0.010006046
       1230.0000       285.62586       101416.45       7381.8508      -1.8042500       1.4267500      0.68375000       340.70700       1.9208872    0.0078344391
       1233.0000       285.66200       101416.85       7421.3870     -0.96100000      0.98100010     -0.30275000       340.13800       1.8700320    0.0066885800
       1237.0000       285.76980       101434.07       7511.3813      -2.4687500       2.4967500     -0.21325000       339.18300       1.8117528     0.012671740
       1240.0000       285.80963       101438.62       7563.5523      -2.2660000      0.33925000     -0.30650000       340.84800       1.8987829     0.011153201
       1243.0000       285.83123       101442.66       7611.9268      -3.2690000      0.74225000     -0.95425000       338.88600       1.8634438    0.0062463039
       1247.0000       285.75502       101458.86       7667.5336      -2.3135000      0.46050000     0.047500000       340.16500       1.8993867    0.0082700259
       1250.0000       285.74696       101461.42       7705.2361      -1.9377500       1.1172500      0.16200000       340.98300       1.9213619     0.011889372
       1253.0000       285.74334       101459.99       7739.6620      -3.1435000     -0.41300000     -0.16700000       340.78000       1.8198803     0.010387829
       1257.0000       285.74543       101451.89       7780.5308      -3.4690000      0.49225000     -0.17875000       339.34100       1.9032695     0.010812348
       1260.0000       285.74219       101424.02       7807.9050      -3.4717500       2.2962500      0.34075000       338.37300       1.8691029    0.0083155460
       1263.0000       285.74460       101421.24       7832.9184      -2.8227500       1.0675000      0.66000000       340.02500       1.8612107     0.010003876
       1267.0000       285.75499       101421.68       7861.5383      -3.2475000      0.72900000      0.52875000       339.38100       1.9022554     0.010346174
       1270.0000       285.79894       101421.94       7876.8858      -5.2970000       1.8887500     -0.72425000       338.78700       1.8990714    0.0069507018
       1273.0000       285.80874       101423.08       7891.6189      -4.9122500       1.1315000      0.13150000       338.38800       1.8976991    0.0083700899
       1277.0000       285.85935       101447.21       7938.1020      -4.9220000       1.9517500     -0.80800000       338.03700       1.9142685     0.013006066
       1280.0000       285.84474       101453.29       7940.2290      -3.7477500       1.7045000      0.79425000       338.39000       1.8742035     0.014327732
       1283.0000       285.81201       101455.74       7930.4232      -3.8670000       1.4837500     -0.44675000       337.84100       1.9367828    0.0078837422
       1286.0000       285.76117       101454.55       7908.7292      -4.6047500       1.0532500     -0.49175000       337.78900       1.9308247     0.010971980
       1290.0000       285.64250       101437.68       7852.4279      -2.6822500      0.59550010      0.20150000       338.97100       1.9256461     0.010340023
       1293.0000       285.58662       101434.11       7819.1237      -3.2960000     -0.11425000     -0.12400000       338.18100       1.8738390    0.0075531746
       1296.0000       285.52629       101430.53       7779.8298      -3.8925000       1.2100000     -0.70050000       337.98800       1.9306158     0.011092662
       1300.0000       285.33880       101417.31       7658.2875      -1.9615000       1.2450000      0.58475010       339.27200       1.8246857    0.0073888646
       1303.0000       285.30424       101416.86       7633.4893      -2.8925000       1.9600000      0.40225000       338.47600       1.8701196    0.0065208116
       1306.0000       285.29625       101419.08       7622.6162      -3.6135000       2.4950000     -0.44425000       338.03400       1.9188359    0.0078330958
       1310.0000       285.42998       101434.87       7663.2347      -5.0002500       1.8785000     -0.56550000       337.72300       1.8882302    0.0093399749
       1313.0000       285.41108       101436.77       7653.0350      -3.4002500       2.7702500      0.31075000       338.47900       1.9333009    0.0099740776
       1316.0000       285.37864       101437.77       7641.8979      -4.2755000       2.1515000    -0.078250010       337.86100       1.9455259    0.0091486606
       1320.0000       285.36269       101444.72       7677.4823      -3.9410000       1.4707500     -0.12600000       338.37000       1.8968710    0.0068058261
       1323.0000       285.30933       101442.77       7650.4809      -2.6020000      0.12175000     -0.17400000       338.60500       1.8797685    0.0071573813
       1326.0000       285.23341       101438.12       7607.2672      -3.1097500      0.91200010     -0.54425000       337.60600       1.9279065    0.0082301338
       1330.0000       284.96277       101414.21       7469.3085     -0.99325010       3.2000000       1.0170000       338.84600       1.8917363    0.0096261311
       1333.0000       284.89508       101411.05       7421.9069      -1.8910000       1.0087500      0.51000010       337.84500       1.9404709     0.010391879
       1336.0000       284.85058       101410.19       7379.2275      -1.5190000       1.2730000     -0.73875000       337.68600       1.9731944    0.0075842720
       1340.0000       284.82190       101410.75       7299.1252      -1.7832500       1.2802500     -0.48425000       337.94600       1.8661493    0.0094892183
       1343.0000       284.82117       101413.02       7274.5007      -2.1200000       1.2360000   -0.0050000000       338.34100       1.9393577    0.0085703950
       1346.0000       284.84257       101417.50       7262.8453      -2.0930000       1.4535000     -0.71450000       337.72300       1.9065486    0.0085919739
       1350.0000       284.99351       101441.73       7294.4285     -0.79825000       1.1460000      0.18200000       337.83600       1.8842055     0.014267617
       1353.0000       285.01886       101444.49       7297.9456      -1.4710000       1.5322500     0.073500000       338.59900       1.8657310     0.010922572
       1356.0000       285.03534       101444.53       7304.8903      -2.2942500       1.1515000     -0.13225000       338.77700       1.8607978    0.0087915354
       1360.0000       285.06657       101437.37       7324.6338      -2.5387500      0.85125010      0.31625000       338.71400       1.9024363     0.012228149
       1363.0000       285.06573       101435.68       7342.6289      -2.5482500       1.6502500     -0.20725000       339.05300       1.9252978    0.0089033852
       1366.0000       285.05136       101433.09       7363.5003      -3.3537500      0.38800000    -0.034750000       337.72400       1.9224508     0.011721884
       1370.0000       284.96858       101417.19       7387.4050      -3.1317500      0.94525000     -0.98275010       338.30800       1.8947573     0.012258098
       1373.0000       284.93846       101416.72       7414.2607      -3.3415000       1.5317500      0.20150000       337.95600       1.8978712     0.011836609
       1376.0000       284.90852       101418.97       7445.6425      -4.0900000       1.5155000     -0.27050000       337.46700       1.9294041    0.0078331484
       1380.0000       284.88076       101432.75       7523.5716      -3.9982500     0.019750000     -0.23175000       338.27600       1.8642276     0.011472752
       1383.0000       284.84269       101436.26       7548.2156      -3.5520000     -0.53525000     -0.36575000       338.73600       1.9035037     0.011385862
       1386.0000       284.80017       101439.75       7566.7842      -3.6347500     -0.73525010      0.16825000       337.95200       1.8420495     0.011996903
       1390.0000       284.76243       101455.61       7611.5225      -4.7045000     -0.71600000     -0.53875010       337.49100       1.8904331    0.0078052929
       1393.0000       284.69636       101454.45       7602.8948      -3.0800000      0.12225000     -0.39175000       338.25100       1.9392374    0.0092020039
       1396.0000       284.61700       101449.74       7578.7124      -3.2760000     0.058000000    -0.056750000       338.16600       1.8240917    0.0077012863
       1400.0000       284.46127       101427.54       7508.2625      -3.7110000    -0.089250010     -0.16700000       337.78300       1.8628681     0.011441421
       1403.0000       284.37721       101423.21       7462.2070      -3.5972500      0.64475010     -0.45625000       338.03300       1.9065492     0.010809401
       1406.0000       284.29260       101419.73       7407.5832      -1.9080000     -0.48925000      0.75750010       338.62000       1.9506798     0.011442360
       1410.0000       284.09897       101404.73       7272.4839      -3.2507500     -0.63000010    -0.035750000       338.04800       1.9408903     0.010541753
       1413.0000       284.05200       101405.48       7224.7042      -3.5395000     -0.84650000     -0.10100000       338.33500       1.8087246     0.010982020
       1416.0000       284.03208       101410.29       7185.7641      -3.8250000      0.92875000     -0.45125000       338.20500       1.8386177     0.010720101
       1419.0000       284.03551       101436.07       7135.4727      -2.9407500      0.12500000     -0.33200000       338.33300       1.8911038    0.0079459149
       1423.0000       284.07876       101444.38       7114.0533      -2.3375000     -0.15450000     -0.21900000       338.16200       1.8490320     0.010796745
       1426.0000       284.14273       101448.96       7114.5859      -2.6992500       1.0207500     -0.32200000       337.87700       1.8646828    0.0094156572
       1429.0000       284.34239       101458.64       7151.2513      -1.7167500      0.33600000    -0.019250000       338.61500       1.8454330    0.0087012364
       1433.0000       284.43349       101459.68       7178.6913      -2.0815000       1.3150000     -0.29775000       338.27700       1.8765197     0.010738812
       1436.0000       284.49147       101456.84       7207.7637      -2.6897500       1.4140000      0.38525000       338.42700       1.9068816    0.0067235439
       1439.0000       284.60786       101438.12       7269.0896      -2.3585000      0.24000000    -0.011750000       337.99300       2.0044302     0.013371265
       1443.0000       284.64314       101432.88       7317.7059      -2.4425000      0.76125000     -0.33400000       337.98200       1.8707028    0.0089790551
       1446.0000       284.63779       101429.96       7353.9741      -2.3682500      0.16100000   -0.0062500000       337.82200       1.9337809    0.0098408328
       1449.0000       284.56177       101423.15       7423.8794      -2.1610000       1.0515000     -0.20100000       337.84600       1.8728161     0.010762042
       1453.0000       284.49924       101422.57       7445.6268      -1.4912500      0.13625000    0.0027500000       338.20700       1.9599524    0.0074511153
       1456.0000       284.43658       101424.78       7447.3394      -1.4160000      0.73350010      0.45400000       338.49400       1.9187510    0.0093962664
       1459.0000       284.29296       101437.68       7425.2667      -1.2185000      0.92450000      0.46050000       338.79400       1.9628024     0.010676566
       1463.0000       284.21626       101442.31       7411.7816      -2.0797500       1.0345000      0.30700000       338.74100       1.9452410    0.0072870360
       1466.0000       284.16981       101445.23       7393.8203      -1.6675000     0.059250000      0.38825000       338.07500       1.8519045     0.010054052
       1469.0000       284.10124       101455.89       7329.2231      -2.2170000      0.24350000     -0.17450000       337.71000       1.9380432    0.0097389297
       1473.0000       284.06985       101453.68       7299.6445      -1.7002500      0.44250000    -0.044500000       338.08400       1.9182160    0.0095675658
       1476.0000       284.06695       101448.42       7283.1335      -1.5412500      0.63825010    -0.026250000       338.50900       1.8998705     0.011233409
       1479.0000       284.12509       101427.26       7273.9429      -3.0692500      0.68900000    -0.095250000       337.65000       1.9187956    0.0077187781
       1483.0000       284.15084       101422.23       7267.0198      -2.8427500      0.95875010      0.10525000       337.62800       1.8820068     0.012345931
       1486.0000       284.17531       101420.00       7266.9118      -1.3797500       1.0577500      0.27475000       338.55200       1.8667279    0.0096935278
       1489.0000       284.25890       101411.28       7283.7057      -1.5315000       1.4585000     -0.44200000       337.93400       1.8689157     0.012006820
       1493.0000       284.26859       101411.13       7284.0343      -1.6620000       1.0880000      0.31250000       338.43800       1.8844847    0.0099931634
       1496.0000       284.26001       101414.76       7284.0074      -2.6610000       1.4602500     -0.30400000       337.87500       1.9490791     0.012464804
       1499.0000       284.24437       101436.28       7311.4923      -2.2597500       1.4000000     -0.32750000       337.89900       1.8292235     0.011266121
       1503.0000       284.20631       101443.76       7297.6205      -1.6927500       1.8940000      0.77625010       338.58900       1.8908344     0.010310050
       1506.0000       284.16198       101447.79       7276.8809      -1.3885000       1.0152500      0.41950000       338.74000       1.9125781     0.010626475
       1509.0000       284.03277       101453.20       7222.9695      -2.2240000       2.2947500     -0.53675000       337.82500       1.8735197    0.0097553231
       1513.0000       283.97225       101453.06       7190.7588      -1.3730000       1.3150000     -0.21125000       338.26200       1.9009074    0.0095327171
       1516.0000       283.93780       101450.30       7166.7042      -1.5222500      0.88575010      0.42900000       338.88600       1.9043589    0.0091768418
       1519.0000       283.87103       101438.84       7113.7473      -2.9320000       1.5187500    -0.047250000       338.50100       1.9023894    0.0097438787
       1523.0000       283.87313       101434.07       7091.5602      -2.5300000     -0.58525000      0.11525000       337.93500       1.9091741    0.0091622599
       1526.0000       283.90055       101430.49       7084.5181      -2.6367500       1.8925000      0.37600000       338.37700       1.8531978     0.011368973
       1529.0000       284.02526       101420.40       7106.6580      -3.2815000     -0.56250000      0.12500000       338.34300       1.8677760    0.0081129164
       1533.0000       284.06323       101417.26       7106.7949      -3.2630000      0.88375000      0.26725000       337.67400       1.9379889    0.0080702057
       1536.0000       284.08678       101417.02       7108.3898      -3.6585000       2.3987500      0.46550000       337.90400       1.8563703     0.011241352
       1539.0000       284.12092       101421.56       7095.3939      -4.4112500       2.3382500     -0.11650000       337.82500       1.9333171    0.0089613979
       1543.0000       284.16754       101425.22       7120.8496      -2.2975000      0.85125010     0.023500000       338.37600       1.8897994     0.011431799
       1546.0000       284.19728       101429.02       7149.1990      -3.6052500      0.57025000     -0.17500000       337.86300       1.8996575     0.011278137
       1549.0000       284.16948       101441.41       7171.3471      -2.8657500       1.1540000     -0.17000000       338.03100       1.9026373    0.0099569983
       1552.0000       284.18904       101442.96       7211.7900      -2.1355000       1.8107500      0.59075000       338.60500       1.9022504    0.0079660020
       1556.0000       284.22891       101442.18       7282.7560      -1.9790000       1.3562500     -0.29725000       338.61700       1.9483753     0.013137963
       1559.0000       284.34184       101440.65       7407.1783      -3.2337500       2.0227500    0.0085000000       337.94100       1.9439077    0.0072904485
       1562.0000       284.36918       101437.99       7462.7452      -2.0827500      0.89450000     -0.15375000       338.22700       1.9330743    0.0088993837
       1566.0000       284.38498       101431.70       7525.0889      -2.1520000       1.7570000     -0.78450010       337.93100       1.9192685    0.0091745124
       1569.0000       284.37024       101410.35       7591.0641      -3.2640000       1.6107500    -0.051250000       338.06200       1.8849686    0.0078407881
       1572.0000       284.36294       101406.61       7615.2190      -1.8285000      0.58475010      0.37825000       338.40600       1.8999359    0.0073906970
       1576.0000       284.33941       101405.77       7622.6044      -2.0162500       1.5165000    -0.039500000       338.57000       1.9008061    0.0087985161
       1579.0000       284.26765       101409.70       7571.8452      -2.3207500      0.71925000    -0.036750000       338.92800       1.9358724    0.0077588805
       1582.0000       284.24437       101412.40       7560.5047      -4.3492500       1.2357500     -0.38350000       337.86000       1.9187693    0.0075880431
       1586.0000       284.22020       101418.88       7540.1656      -1.7350000     0.079500000      0.18675000       338.05600       1.9511532    0.0087929222
       1589.0000       284.21817       101438.69       7506.3082      -2.8642500      0.80325000     -0.52300000       338.40400       1.9286385    0.0084126901
       1592.0000       284.19998       101443.13       7481.7066      -2.3412500       1.1462500      0.23575000       337.91500       1.9383318    0.0080843606
       1596.0000       284.17572       101445.55       7449.2415      -2.5030000      0.18800000    -0.013250000       337.69300       1.9264659     0.010900540
       1599.0000       284.17473       101445.45       7448.4932      -3.1170000      0.96800010     -0.44575000       337.57400       1.9087053     0.010237238
       1602.0000       284.15612       101443.30       7419.7053      -3.2250000      0.93875000     -0.36200000       337.63800       1.9197580    0.0090613224
       1606.0000       284.12444       101436.90       7371.0374      -2.4525000    -0.019500000    -0.040250000       337.55700       1.9537823     0.010598161
       1609.0000       284.06690       101417.20       7298.9616      -2.3155000      0.77750000     -0.16475000       337.86500       1.9056801    0.0080539428
       1612.0000       284.04386       101412.75       7261.7335      -2.6772500       1.1495000     -0.54150000       337.81200       1.8558428    0.0093774807
       1616.0000       284.02003       101409.56       7216.2704      -1.5752500      0.38925000    -0.040750000       338.09200       1.8697793    0.0079277544
       1619.0000       284.03191       101405.04       7179.0845      -1.3235000     -0.20300000      0.43875000       338.27500       1.8865333     0.011067516
       1622.0000       284.00709       101406.11       7146.3290      -2.9642500       1.8222500     -0.24900000       337.66600       1.9346155    0.0095030086
       1626.0000       283.96681       101411.82       7108.1068      -2.8560000       1.6035000     -0.93700000       337.94200       1.9571848    0.0076408141
       1629.0000       283.92399       101430.69       7094.4564      -2.9060000     -0.20775000    -0.064500000       338.06000       1.9329352     0.010715532
       1632.0000       283.89998       101436.59       7074.1395      -3.1197500       1.3710000     -0.17350000       338.50600       1.8456810     0.012926242
       1636.0000       283.86800       101443.07       7048.1384      -2.6247500    -0.022750000     0.068750000       338.06600       1.9222999    0.0091447498
       1639.0000       283.82204       101452.79       7025.2723      -2.9472500       1.0100000    -0.055250000       338.55700       1.9087452    0.0075018994
       1642.0000       283.79260       101454.22       7004.9368      -3.4762500       1.4042500     -0.30100000       338.18900       1.9283960    0.0077570622
       1646.0000       283.76058       101451.88       6979.8484      -3.7982500       1.2307500     -0.29300000       337.81000       1.9290905    0.0099191468
       1649.0000       283.76170       101441.55       6959.6306      -3.7497500      0.80150000     -0.33575000       337.72300       1.9020751    0.0098901880
       1652.0000       283.74976       101436.67       6948.8300      -3.3077500      0.96550010      0.42100000       338.26600       1.8919596    0.0086044656
       1656.0000       283.73383       101428.78       6938.9380      -4.1875000     -0.42000000     -0.17875000       337.90100       1.8969971    0.0099407204
       1659.0000       283.70536       101411.53       6920.5038      -3.7830000      0.99325010    -0.091250000       338.25000       1.9206620    0.0085059589
       1662.0000       283.69421       101407.08       6921.7383      -2.1595000     -0.82350000      0.11175000       337.79100       1.9250371     0.013154453
       1666.0000       283.68622       101404.60       6934.2308      -2.9430000     -0.67925010      0.15800000       337.95900       1.8959823     0.011739369
       1669.0000       283.70029       101404.53       6966.2358      -1.5272500      0.36150000    -0.015250000       338.01900       1.9391419     0.011422152
       1672.0000       283.70038       101406.68       6984.8747      -2.8270000      0.10275000     -0.25125000       337.86700       1.8985054    0.0061069510
       1676.0000       283.70053       101413.13       7013.2969      -1.9875000       1.3320000      0.14575000       338.76500       1.9220433    0.0071662228
       1679.0000       283.67453       101430.60       7039.0889      -2.6395000       2.3065000      0.50825000       338.16200       1.9105056    0.0055611572
       1682.0000       283.68808       101436.52       7066.9996      -1.3175000       1.1607500    -0.072000000       338.21800       1.9214927    0.0080787000
       1685.0000       283.71065       101441.54       7097.0124      -2.5312500       1.7210000     -0.10450000       337.97300       1.9200476    0.0075210267
       1689.0000       283.77739       101452.75       7141.7407      -1.3807500      0.79625000      0.42575000       338.51400       1.9256646    0.0084245767
       1692.0000       283.80170       101454.21       7173.5530      -2.0170000       1.3187500    -0.091500010       338.62200       1.9471360    0.0096941126
       1695.0000       283.82580       101452.95       7206.6202      -2.7212500       1.0075000     -0.21650000       338.37300       1.9017726    0.0092477169
       1699.0000       283.87755       101441.61       7258.8962      -2.0837500      0.69750010     -0.36825000       338.48800       1.8809384    0.0078936170
       1702.0000       283.90665       101436.74       7295.2584      -1.5185000      0.69225000      0.30700000       338.80300       1.9737843    0.0093823775
       1705.0000       283.93135       101430.99       7331.3526      -1.2130000       1.5492500     -0.49325000       338.67000       1.9009873    0.0089812632
       1709.0000       283.92423       101410.38       7390.7868      -1.9317500       1.2810000    -0.016500000       338.86200       1.8680128     0.012546252
       1712.0000       283.94314       101406.71       7417.7796      -2.7725000       2.8512500      0.53175000       338.49800       1.9363424    0.0096544829
       1715.0000       283.96673       101405.75       7439.9830      -1.4417500       2.0867500      0.19750000       338.44300       1.9211920    0.0095408353
       1719.0000       284.01999       101410.18       7466.5170      -1.8575000       1.4602500     -0.16775000       338.45000       1.9416957    0.0081248118
       1722.0000       284.05013       101412.90       7481.3025      -1.4185000       1.6905000     -0.30650000       338.94700       1.8739174    0.0065304943
