MIRICO/SHELL project - Processed LDS file generated on
Mon Jul 31 23:42:37 2017
Time stamp for record start
05/09/2017  11:26:23.0000
Nb of points in the record
         519
Beam position index
       6.0000000
Beam angle (degrees)
       13.600000
Open Path length (m)
       58.300000
****************** Temporal data record ************************
Elapsedtime_sec Temp_K Press_Pa Humidity_ppmv WindX_m/s WindY_m/s WindZ_m/s Speedofsound_m/s CH4vmr_ppmv CH4vmrerror_ppmv  
      0.00000000       283.84102       101446.98       7192.9890      -3.1592500       2.0975000      0.14850000       338.35000       3.7761817     0.016509552
       3.0000240       283.86277       101446.58       7213.1236      -1.7440000      0.85750000      0.10150000       338.64200       3.6892173     0.011836125
       7.0000023       283.88489       101450.28       7237.4074      -1.8960000       1.4987500    -0.011000000       338.46100       3.3487661    0.0088911356
       10.000026       283.89838       101465.99       7263.0923      -3.0830000       2.4035000     -0.43875000       337.69600       2.8591548     0.014176686
       13.000010       283.90803       101467.04       7275.8924      -2.9330000      0.63525000     -0.69200000       339.15900       4.6333205     0.014040033
       17.000028       283.88530       101466.79       7260.7062      -1.4127500       2.3692500     -0.53950000       339.09100       3.5344158     0.011777727
       20.000012       283.88906       101467.50       7268.1013      -3.3342500       1.8962500     -0.30400000       338.67900       3.8372028    0.0081129655
       22.999996       283.89737       101466.87       7278.9709      -1.0412500       1.4752500    -0.084750000       338.55400       2.7340198    0.0066678112
       27.000014       283.88584       101450.11       7291.1983     -0.93150000       1.6240000     -0.10300000       339.19500       3.3197150     0.011378613
       29.999998       283.90931       101447.02       7308.5668      -1.0007500       1.7072500      0.58750000       338.90600       3.2820585    0.0077737383
       33.000022       283.94605       101446.57       7331.7291     -0.84675000       1.1710000     0.019250000       339.61600       3.8629068     0.010607213
       37.000000       284.05984       101463.93       7384.7429      -1.5465000      0.64100000     -0.47225000       339.01400       4.6628855     0.016144987
       40.000024       284.11339       101466.44       7420.3508      -1.6020000       1.6102500    -0.091000010       338.57700       3.8890077    0.0077909137
       43.000008       284.16693       101467.62       7457.9536      -1.9977500       1.9760000      -1.0147500       338.74600       3.2909402     0.018598434
       47.000027       284.23832       101467.13       7511.2314     -0.98950000       1.1962500     0.093000000       338.27700       3.4371118    0.0075390382
       50.000010       284.37443       101467.85       7586.4248     -0.67225000       2.7785000     -0.69025000       338.52500       2.7421493     0.013185926
       52.999994       284.39074       101467.16       7609.1435      -1.1682500      0.30725000      0.20825000       339.15100       2.7883177     0.014346588
       57.000013       284.37018       101464.06       7622.9845     0.029250000       3.7782500      0.17525000       337.79600       4.5731153     0.013961788
       59.999996       284.28398       101447.26       7635.7260      -1.0582500       4.4710000     -0.80850010       337.73800       3.4800150     0.011753911
       63.000020       284.24941       101446.76       7624.8320    -0.099250000       2.2555000      0.91550000       338.52000       2.7660875     0.014271620
       66.999999       284.12947       101466.76       7545.5794      -2.2047500       1.4107500      0.92425010       338.80900       2.8866733     0.012971460
       70.000023       284.07027       101468.61       7508.0320      -1.3137500      0.40275000      0.42975000       339.03700       3.1150718     0.013949326
       73.000006       284.02036       101468.16       7470.2759      -1.7367500       1.6710000     -0.37325000       338.62200       5.0107419     0.013517056
       77.000025       284.02949       101456.27       7425.3012      -1.5082500       1.6997500      0.30550000       338.59700       2.3127898    0.0099760150
       80.000009       283.99215       101455.67       7382.4427      -1.8097500       3.6975000      0.47725000       338.27500       3.7450797     0.016678538
       82.999992       283.94594       101455.06       7337.6783      -2.4835000       3.5865000      0.33425000       338.21900       4.4272741     0.015797259
       87.000011       283.87054       101454.26       7275.1185      -2.7745000       2.1602500     -0.52850000       338.01600       2.5663352     0.011064284
       89.999995       283.75373       101440.66       7221.5382      -1.2175000       1.6570000    -0.011000000       338.70000       4.3558139     0.018434730
       93.000019       283.72474       101441.13       7181.2636      -1.5647500      0.94550000      0.12875000       338.72400       3.0524489     0.016776444
       96.999997       283.70683       101446.73       7129.9579      -3.0692500       1.9785000     0.026000000       338.10700       4.3446507     0.011270070
       100.00002       283.65445       101471.93       7052.9999      -2.8155000       1.6405000     -0.35925000       337.87900       4.6570372     0.011440166
       103.00000       283.67422       101474.84       7037.3131      -3.5412500       3.2182500     -0.35450000       338.00500       3.0681403    0.0069988393
       107.00002       283.87745       101463.95       7089.0500      -3.5825000       1.9705000     -0.42600000       337.82700       2.6308545     0.013699185
       110.00001       283.93924       101464.35       7093.7485      -1.5775000       2.6542500     -0.22250000       338.67300       3.3421046    0.0090145195
       112.99999       283.98702       101465.22       7098.7774      -1.2325000       2.4385000      0.28200000       338.55800       3.2475190     0.012794348
       117.00001       284.02606       101466.71       7125.0278      -1.0102500       1.5680000     -0.39200000       339.19400       3.0544969     0.011349589
       119.99999       284.05626       101465.31       7139.0063      -1.0420000       2.3642500      0.71525000       338.57200       4.0188598     0.013735081
       123.00002       284.07318       101464.35       7147.7674      -1.9577500       1.3900000     -0.70225000       338.47700       3.3350775    0.0070991986
       127.00000       284.00008       101471.25       7103.2545      -2.5837500       2.1185000      0.47425000       337.99100       2.6048734     0.011744180
       130.00002       283.98958       101472.72       7102.7705      -1.8917500       2.7772500     -0.95775000       338.94800       3.1355196     0.010391812
       133.00000       283.98791       101472.41       7111.2113      -1.1865000       2.2927500      0.61625000       338.67600       2.6785018    0.0097842030
       136.00003       283.99506       101470.33       7128.5916      -1.6612500       4.0030000     -0.63175000       338.44300       3.1207766     0.012797032
       140.00001       284.06470       101452.85       7192.0105      -1.9035000       2.5855000     -0.27975000       337.93500       2.1407930     0.010946163
       143.00003       284.06014       101452.20       7210.9829      -1.7845000       1.7945000    -0.047500000       337.80100       3.5230164     0.011433399
       146.00001       284.04653       101453.80       7228.4992      -1.0690000       1.6267500     -0.18325000       338.20000       2.5368698     0.020993328
       149.99999       284.03668       101468.65       7283.4141      -1.2217500       1.7095000     -0.13900000       338.19000       2.0255010     0.014713565
       153.00002       284.00584       101467.19       7285.1706     -0.91775010       1.4167500    0.0055000000       339.26600       2.6477861     0.013889376
       156.00000       283.96148       101463.94       7274.5726      -1.7877500       3.0047500     -0.17875000       337.96400       2.0870627     0.011687192
       160.00002       283.81607       101455.50       7212.3774      -1.1327500       3.3172500     -0.64850000       338.26300       2.6090760     0.014136337
       163.00000       283.77214       101454.87       7193.3362      -1.4267500       4.2247500      0.25350000       338.33400       3.5060356     0.016684511
       166.00002       283.73758       101454.29       7173.6478     -0.52700000       3.7835000    0.0052500000       338.16100       2.8271585    0.0071535714
       170.00000       283.69032       101440.97       7125.1837     -0.18850000       3.5755000     -0.42075000       337.92000       2.1351508    0.0094037379
       173.00003       283.67917       101441.33       7107.8978     0.069500010       3.2572500      0.18500000       338.30700       2.8224215     0.012878602
       176.00001       283.68130       101444.79       7095.6165     -0.67500000       2.5745000      0.10700000       338.55900       3.4152632     0.013015452
       180.00003       283.72952       101474.18       7105.1671     -0.42925000       2.5925000    -0.071750000       337.70200       3.5053528     0.012192591
       183.00001       283.74995       101475.30       7096.1268     -0.71725000       2.6950000     0.082000000       338.34700       3.4167535     0.019302849
       186.00000       283.77507       101472.80       7085.9416     -0.44525000       1.5087500      0.44100000       338.75600       2.8685699     0.012599918
       190.00002       283.84114       101453.59       7073.2191     -0.52400000       1.1885000      0.30975000       339.33800       3.1551255     0.011930742
       193.00000       283.86298       101453.72       7060.5781     -0.93400000       2.9495000     -0.16175000       338.13800       2.2783908     0.011400052
       196.00002       283.88031       101455.21       7046.2414      -1.0050000       2.5855000    -0.050500000       338.25300       1.9835755    0.0092928185
       200.00000       283.89926       101455.29       7014.2996     -0.71825000       2.7765000    -0.040250000       338.57100       3.9012242     0.012323852
       203.00003       283.90906       101453.95       7001.5431      -1.2042500       2.7140000      0.59250000       338.66800       2.2709624     0.013997434
       206.00001       283.91429       101453.48       6990.7692      -1.3865000       1.8542500     -0.31050000       338.63100       2.4198061    0.0073190200
       210.00003       283.88906       101466.31       6969.3889      -2.3092500       1.3550000     -0.76550000       337.81300       2.6004784     0.010641471
       213.00001       283.89737       101468.39       6968.7692      -2.6370000       1.3755000     -0.10500000       338.37000       3.5367340     0.012940167
       216.00000       283.91013       101468.70       6973.7765      -2.4815000       1.8180000     -0.55350000       337.87600       3.1896807     0.011308715
       220.00001       283.93072       101454.69       6991.3766      -1.4172500       1.9195000      0.94300000       338.22300       2.3519446     0.013585274
       223.00000       283.95076       101452.95       7005.8787      -2.6265000       2.1757500    -0.081000000       337.72000       2.7148625    0.0059577073
       226.00002       283.97523       101452.54       7024.6934      -1.3357500       1.8935000     -0.80850010       338.45100       3.3743174     0.014799962
       230.00000       284.02832       101463.59       7068.8438      -2.5085000       1.7685000     -0.43000000       338.04800       3.4244362     0.014364185
       233.00002       284.05832       101462.04       7092.5812      -2.3847500       2.3880000      0.16200000       337.68900       3.3036138     0.010983167
       236.00001       284.08848       101458.68       7116.6437      -2.1030000       1.6490000     -0.56525000       337.51400       2.8230291     0.015313280
       240.00003       284.12968       101442.32       7151.1435      -1.1027500       1.2937500      0.15275000       338.03700       2.3358512     0.018570530
       243.00001       284.15991       101442.88       7175.9106      -1.3482500      0.99125000     -0.11775000       338.87300       2.4429362     0.014688089
       245.99999       284.19016       101445.70       7200.5941      -1.1305000      0.89100000     -0.10475000       338.66600       4.0156998     0.010378385
       250.00001       284.24249       101457.59       7250.0935      -1.7347500       1.2215000     -0.18800000       337.56600       3.1029682     0.015575720
       253.00000       284.26453       101456.61       7261.8175      -1.4432500       1.4545000    -0.093250010       338.33300       3.9506750     0.012027149
       256.00002       284.28187       101454.67       7266.4873     -0.98350010       1.9855000      0.11050000       338.72500       3.1667340     0.013073122
       260.00000       284.27696       101455.34       7265.1123     -0.71025000       1.0655000      0.22450000       339.40100       2.2831906     0.016567360
       263.00002       284.30304       101456.64       7259.0403      -1.0875000       1.1420000     0.057750000       340.55600       3.3658660     0.012514922
       266.00001       284.33354       101457.05       7246.3061     -0.86800000       2.0315000     0.095250000       338.59200       3.8544015     0.013177350
       269.00003       284.33423       101445.24       7179.7561      -1.9997500       1.4830000     0.062250000       338.77200       3.7928650    0.0092320215
       273.00001       284.39675       101442.11       7169.2129      -1.4930000       2.0460000     0.011000000       337.97200       2.6968932    0.0094630744
       275.99999       284.45993       101441.91       7170.6818      -1.8120000       1.6292500     -0.45250000       338.04800       3.4207417     0.011929120
       279.00002       284.55280       101453.64       7148.2384     -0.63300000       1.2185000    -0.085250010       338.62200       4.2502470     0.015696883
       282.99999       284.66976       101457.30       7189.6455     -0.34025000       2.2870000      0.60350000       338.82900       5.1147140     0.028408299
       286.00002       284.76804       101459.00       7242.5079     -0.70850000       3.4832500     -0.34100000       338.31700       2.2119542     0.018836361
       289.00000       284.99269       101454.64       7378.1305     -0.19200000       2.7490000    -0.033250000       338.29600       3.1609662     0.011852429
       293.00002       285.06000       101454.86       7452.1839     -0.40425000       3.2932500     -0.40475000       337.77100       3.5820795     0.014741283
       296.00000       285.07285       101455.55       7503.0811     -0.54875000       3.0110000     -0.27000000       337.85500       2.8843630    0.0082522902
       299.00003       285.06727       101463.88       7622.0014    -0.098250000       2.7732500    -0.081750010       338.11800       2.5427263     0.015466769
       303.00001       285.02910       101462.28       7652.3232      0.64050000       1.9985000      0.67425000       340.01200       2.5446896     0.012269240
       306.00003       284.96435       101459.02       7645.1961     -0.82900010       2.6362500      0.47125000       340.03500       6.0445787     0.010288826
       309.00001       284.73245       101442.37       7560.6148     -0.90825000       3.1047500     -0.54025000       338.72200       5.0047047     0.012866332
       312.99999       284.60930       101442.56       7511.5664     -0.22325000       2.1197500      0.32125000       339.22400       4.3964551     0.013422796
       316.00002       284.52727       101445.30       7465.2864     -0.44125000       4.0655000     -0.30650000       338.53500       3.4729150     0.010839572
       319.00000       284.42783       101456.96       7359.2280     -0.53850000       3.9867500     -0.83675000       338.48900       2.4378935     0.010882043
       323.00002       284.36412       101455.72       7298.7105     -0.24175000       2.6285000     -0.25650000       338.68200       2.3352125    0.0086738118
       326.00000       284.33725       101453.78       7262.2369     -0.56750010       2.3505000      0.20300000       339.55100       3.0151823     0.017485202
       329.00003       284.36192       101456.08       7247.7218     -0.62300000       1.6167500   -0.0047500000       339.26500       3.1660262    0.0095369084
       333.00000       284.33972       101457.16       7204.5438     -0.13675000       2.2930000      0.62600000       340.81300       5.0874660     0.014941782
       336.00003       284.32835       101456.40       7174.1795     -0.83975010       2.0590000      0.37650000       340.40100       2.4632029     0.016509674
       339.00001       284.36930       101443.10       7159.2567      -3.4502500      0.42425000     -0.38700000       340.22400       3.9755410     0.010556937
       342.99999       284.35754       101437.27       7123.9875      -2.5942500       2.1315000     -0.18550000       339.43900       2.7080211    0.0094074493
       346.00001       284.33823       101434.50       7095.4496      -3.2630000       2.5747500     -0.42875000       339.94100       2.9300653     0.011866221
       349.00000       284.24113       101439.13       7032.4406      -1.0327500       2.6967500      -1.0075000       337.73100       3.9329161     0.010806502
       353.00002       284.23132       101440.72       7007.8280      -2.5102500       4.4557500     0.014250000       338.50700       2.4365518    0.0085580572
       356.00000       284.23946       101441.92       6999.3717      -2.4770000       6.6212500     -0.38875000       337.39700       2.9332774     0.011173835
       359.00002       284.26633       101441.58       7016.7628      -1.6837500       6.7422500     -0.94150010       338.17700       2.3425548     0.021633966
       363.00000       284.29484       101440.04       7011.0913      -2.4400000       7.0492500     -0.20250000       338.08800       2.3124639     0.012834946
       366.00003       284.32716       101438.92       7009.0294      -3.9647500       3.8997500      -1.3757500       338.34600       2.6924928     0.011626792
       369.00001       284.45292       101437.91       7030.9755      -1.6982500       3.4530000     -0.54875000       338.60500       3.6473678     0.011022422
       373.00003       284.47680       101440.59       7029.9722      -2.0747500       3.4112500       1.0385000       338.46600       3.2998914    0.0084359741
       376.00001       284.47369       101443.13       7024.2509      -1.1970000       2.1610000       1.0907500       339.08600       2.1609154    0.0093738023
       379.00000       284.40505       101444.21       6980.6806     -0.97050010      0.77700000    -0.039250000       338.96400       2.5771255    0.0072618612
       383.00001       284.39688       101445.25       6979.6532      -2.7450000       2.4335000     -0.78675000       338.41700       2.3573637    0.0079027487
       386.00000       284.39097       101446.53       6986.6498      -2.1622500       2.7267500     -0.13350000       338.89000       2.2362732     0.011473571
       389.00002       284.33501       101455.03       6999.0837      -3.1052500       2.6127500     -0.97025010       338.96600       2.5538483     0.020519783
       393.00000       284.33339       101457.57       7022.3930      -1.9080000       1.5860000     -0.25525000       338.52100       2.0942959     0.018209483
       396.00002       284.34769       101457.92       7047.2813      -1.6457500       3.6465000    -0.060750000       338.71700       2.2294399     0.017964036
       399.00001       284.45919       101449.81       7107.8781      -3.1250000       2.5262500     -0.47950000       338.46400       2.3575695     0.012995418
       401.99999       284.46903       101449.43       7135.4828      -1.4065000       2.5562500     -0.56375000       339.27000       2.5974848     0.012462819
       406.00001       284.46151       101450.30       7167.9010      -1.6220000       2.3335000      0.80125000       340.05500       2.7041818    0.0070586151
       408.99999       284.43457       101455.48       7201.8587      -1.0642500       2.0425000     -0.43325000       338.70800       2.0436627    0.0094265070
       412.00002       284.41502       101456.03       7216.8501     -0.75275000       3.9755000     -0.29225000       338.85500       2.4194821     0.013129901
       416.00000       284.37443       101456.07       7226.2788      -1.2830000       3.0722500    0.0090000010       338.92700       2.1562297    0.0091083908
       419.00002       284.26032       101454.68       7207.9340      -1.8327500       2.6705000      0.45075000       341.18100       1.8647891     0.013379817
       422.00000       284.23232       101455.30       7209.1999      -2.2862500       1.8587500     -0.45125000       339.88700       2.1639351     0.010214801
       426.00002       284.21607       101456.13       7209.9185      -2.8105000       2.6940000     -0.65875010       339.21600       3.4997249     0.011990885
       429.00001       284.21746       101458.45       7205.2943      -3.5582500       2.5372500      -1.0272500       337.74600       2.5377275    0.0076536352
       431.99999       284.23138       101456.52       7201.7101      -1.3682500       2.6327500     0.037750000       339.33200       5.1126582     0.014403106
       436.00001       284.27098       101452.54       7196.9420      -1.3230000       3.7672500     -0.23550000       338.82800       2.3551433     0.011470989
       438.99999       284.33255       101444.44       7185.0181      -1.5685000       3.1642500      0.23200000       339.13200       2.5804406     0.015129749
       442.00002       284.38768       101443.97       7190.0403      -3.1875000       2.3992500       1.0405000       338.76200       2.1543713    0.0064764301
       445.99999       284.47498       101444.73       7202.2353      -1.6535000       2.1085000     -0.33200000       339.10300       2.5190617     0.017505392
       449.00002       284.56243       101447.19       7199.2177     -0.96450010       3.6820000     -0.24475000       338.34000       2.0236514     0.010876156
       452.00000       284.64148       101445.46       7216.4729      -1.7932500       2.0382500     -0.19500000       339.08000       2.6006090     0.015087713
       456.00002       284.75472       101443.18       7251.7673      -1.5647500       2.1697500      -1.3395000       338.82000       2.4265613    0.0091924860
       459.00000       284.87314       101443.67       7295.0815      -1.7677500       3.6670000     -0.44100000       338.93200       1.9287546     0.010419258
       462.00003       284.95698       101445.55       7338.8965      -1.9835000       1.2235000      0.33425000       339.55100       2.4030528    0.0084069251
       466.00001       285.06179       101448.07       7406.9756      -2.8755000       1.8760000     -0.28800000       339.45900       2.1835573    0.0081308461
       468.99999       285.16322       101447.11       7471.8717      -3.9750000       2.9900000     -0.34675000       338.85400       2.3152697     0.010321548
       472.00001       285.22144       101445.30       7530.5774      -1.4742500       3.2910000     -0.13625000       338.44600       2.0804231    0.0086427510
       475.99999       285.27737       101442.86       7614.1259      -2.7052500       1.2760000      0.47300000       339.02900       2.6253480    0.0063516836
       479.00002       285.25182       101443.70       7712.8273      -3.1450000       2.8540000     -0.42175000       338.90400       2.2919316     0.017738155
       482.00000       285.29424       101445.54       7770.6567      -2.1662500       2.4857500      -1.0350000       338.08400       2.7066116     0.010417733
       486.00002       285.35765       101448.00       7837.0260      -2.5582500       2.3775000     -0.22675000       339.36000       3.0388030     0.011433556
       489.00000       285.45265       101447.08       7904.4221      -3.3515000       2.9312500     -0.30975000       338.04200       2.5622324     0.016233011
       492.00003       285.46830       101445.29       7930.2455      -2.0355000       2.7472500     -0.59075000       338.68700       2.9388340    0.0083575349
       496.00001       285.46850       101442.91       7940.9900      -2.5350000       1.4147500     -0.44200000       338.93700       2.0866369    0.0077816735
       499.00003       285.52785       101441.14       7940.3730      -1.2682500       2.9087500     -0.58850000       339.55900       2.6555503    0.0080961095
       502.00001       285.49843       101444.35       7914.1911    -0.039000000       2.1250000      0.18900000       339.82600       2.4173758     0.010368962
       505.99999       285.40908       101450.02       7852.1218      -1.1045000       2.9610000    -0.044250000       337.77900       2.9628990    0.0071895222
       509.00002       285.15239       101457.28       7736.3507     -0.10900000       2.7590000      0.87875000       339.84300       2.4276462    0.0087093265
       512.00000       285.07697       101456.50       7678.4755      -1.5682500       3.0035000     -0.34375000       338.71700       2.7983302    0.0081244193
       516.00002       285.00450       101454.08       7601.5721      -1.4432500       3.3862500   0.00050000000       338.36500       2.8637781    0.0099698252
       519.00000       284.97101       101454.56       7519.3228      -1.1672500       1.1355000     -0.30525000       340.28200       2.9293895     0.012704460
       522.00003       284.93082       101456.16       7460.5208     -0.53700000       2.1350000      0.57025000       340.62900       2.7889762    0.0095549839
       526.00000       284.89850       101456.95       7391.5212      -1.1842500      0.94775000      0.42425000       340.51500       2.2926453     0.011581247
       529.00003       284.96980       101448.01       7355.0110     -0.57675000       1.5125000    -0.028250000       338.93000       3.2848413    0.0089694559
       532.00001       284.96224       101443.99       7319.2729      -1.5597500       2.7107500     0.025000000       338.71000       2.9827993     0.011318048
       534.99999       284.94581       101440.86       7287.7896      -1.6265000       3.0975000      0.59725000       340.07200       2.9954613    0.0098180324
       539.00001       284.82746       101443.62       7239.8795     -0.18975000       2.6292500      0.24275000       340.14800       2.1330354     0.012640262
       542.00000       284.82485       101445.41       7218.4866     -0.75025000       3.4557500     -0.23075000       338.76700       2.5808260    0.0070641863
       545.00002       284.84038       101447.19       7204.5046    -0.090500000       2.9817500      0.28500000       339.59400       2.9815129    0.0096452933
       549.00000       284.91926       101447.07       7208.4666      0.28725000       3.6607500     -0.22650000       339.02600       2.1708113    0.0097773198
       552.00002       284.94396       101445.22       7209.1652      0.76950000       3.3550000    -0.089000000       337.40600       3.1845339    0.0069279859
       555.00001       284.97315       101443.37       7213.8696      0.64925000       2.2560000      0.31875000       337.67000       4.1835204     0.010718338
       559.00003       285.08548       101443.43       7234.7945      0.32500000       2.5017500     -0.53525000       337.70600       4.8245647    0.0095283380
       562.00001       285.11944       101445.25       7243.7554      0.41700000       2.2410000     -0.28900000       337.43600       3.2032414     0.010740981
       564.99999       285.13966       101447.09       7253.7088     -0.34250000       3.1200000    -0.066250000       338.26200       2.1254016    0.0068896969
       569.00001       285.07443       101444.42       7270.4811     -0.42350000       2.4415000     0.046250000       338.28300       3.3135302     0.010149753
       572.00000       285.08797       101443.97       7285.6332     -0.52375000       3.4120000      0.19175000       337.70400       3.7605495     0.011281762
       575.00002       285.11033       101444.41       7301.9286     -0.51350000       2.4502500      0.45375000       337.96400       2.8642724     0.010035160
       579.00000       285.17611       101454.96       7315.7937     -0.60250000       2.1137500     -0.23650000       338.57900       3.9812952     0.011575768
       582.00002       285.19993       101457.12       7336.1897     -0.18600000       2.6927500     -0.26425000       338.01000       2.5953243     0.012911042
       585.00001       285.22375       101457.95       7360.4727    -0.045000000       1.9020000      0.14000000       338.37000       2.9356435    0.0075229048
       589.00002       285.28987       101450.80       7415.9385     -0.29825000       1.9085000     -0.64675000       339.62500       2.3052623     0.011222773
       592.00001       285.31228       101449.68       7441.9698      0.28950000       4.2830000     -0.29225000       338.68800       4.5486553    0.0084188817
       594.99999       285.32565       101449.02       7466.2685     -0.63100000       2.3897500      0.39375000       339.08500       3.0509158    0.0071092497
       599.00001       285.30026       101450.42       7519.9741     -0.93450000       3.2025000     0.097500000       338.29200       2.9062165    0.0079932613
       601.99999       285.30033       101450.46       7531.2698     -0.65725000       1.6432500     -0.55450000       339.11200       3.2542044    0.0086774883
       605.00002       285.30040       101450.49       7532.9793     -0.91925010       2.6067500    -0.048750000       339.87900       3.7772707    0.0091082984
       609.00000       285.31253       101448.99       7496.5955      -1.0260000       2.6932500     -0.20725000       339.05700       2.3871062    0.0094136841
       612.00002       285.30584       101449.68       7490.7504     -0.61625000       2.3040000      0.45875000       338.67700       2.6893437     0.011376355
       615.00000       285.29464       101450.82       7484.0144     -0.35200000       1.6205000     -0.17650000       339.93200       3.4012830    0.0093206740
       619.00002       285.33956       101457.97       7482.3240     -0.90400000       3.0072500     0.027500000       339.84500       3.3535833    0.0072837091
       622.00001       285.28732       101457.15       7458.6347     -0.59200000       4.0760000      0.31625000       338.16400       5.7069855     0.014569422
       625.00003       285.20850       101455.00       7429.4789      0.81225000       4.6990000      0.23700000       338.36500       2.6257935    0.0093313922
       629.00001       285.00869       101444.68       7407.2026     -0.40175000       1.7957500      0.44075000       339.47900       3.7770723    0.0082495473
       631.99999       284.91193       101444.27       7367.1778      -2.4720000       1.7352500     -0.46600000       339.29300       2.8520385    0.0089682476
       635.00002       284.80986       101444.74       7315.9983      -1.0245000       1.5035000      0.58750000       339.87400       1.9712233    0.0084057725
       638.99999       284.54262       101448.31       7177.1773      -1.9155000       1.2505000     -0.40525000       340.41600       4.0223486     0.010861478
       642.00002       284.45740       101445.77       7120.5227      -3.6967500       1.8887500    -0.046500000       337.44200       2.4851808    0.0085144276
       645.00000       284.40371       101442.77       7070.1556      -3.8915000       1.3847500     -0.43875000       337.64800       4.1623254     0.015421199
       649.00002       284.42243       101438.39       6974.3411      -1.6000000       1.4047500     -0.81950000       337.45600       5.1660236     0.012338623
       652.00000       284.42521       101439.68       6951.9478      -65.536000      -65.536000      -65.536000       307.23200       4.3174832    0.0061953479
       655.00003       284.44609       101441.45       6947.7937      -1.4152500    -0.083750000      0.50875000       338.93500       4.1120308    0.0092339299
       659.00001       284.53301       101442.77       6999.1199      -2.9847500      0.75925000     -0.19650000       337.95100       3.1670456     0.011333314
       661.99999       284.58815       101440.42       7017.7003      -2.7740000       1.9622500     -0.45325000       339.67600       3.1758475    0.0082045208
       665.00001       284.65211       101438.08       7044.0597      -1.9500000     -0.63100000     0.039250000       340.26200       2.5624360     0.011696445
       668.00000       284.76823       101437.28       7116.0744      -2.7957500       1.2332500     -0.37950000       337.53400       2.2246468    0.0071712744
       672.00002       284.85568       101440.53       7170.5093      -1.4950000      0.13450000      0.14875000       339.35300       2.0196578     0.016257656
       675.00000       284.91612       101442.98       7208.3959      -2.7075000     -0.60825000      0.42400000       339.66100       2.1653018     0.013496399
       678.00002       284.95990       101441.73       7208.5155      -2.7332500     -0.36500000    -0.064000000       338.04700       2.4133773    0.0096818150
       682.00000       285.04796       101439.27       7264.4433      -1.8522500      0.50250000     -0.12525000       338.92700       2.8533122     0.010330766
       685.00003       285.11430       101438.00       7315.7885      -2.5045000     -0.21775000     -0.27650000       338.14400       3.5388932    0.0087847339
       688.00001       285.16316       101443.20       7381.5413      -2.5832500      0.62325000     -0.46575000       337.55300       5.4014404     0.012618461
       692.00003       285.24354       101446.46       7465.1207      -1.8905000      0.31050000     -0.15450000       338.86200       4.0255659     0.012646064
       695.00001       285.30905       101447.84       7534.6637      -2.1115000      0.81800000     -0.14425000       338.75000       3.3093104     0.010403660
       698.00000       285.48234       101440.26       7675.9217      -2.1342500       1.6022500     -0.25700000       339.15100       2.7606866    0.0091889154
       702.00001       285.53993       101438.67       7757.6537      -1.4755000       1.3435000      0.53225000       339.41400       2.3670262    0.0080495122
       705.00000       285.55099       101439.06       7801.5036      -2.1002500       1.8755000     -0.83825000       337.86500       4.1231125     0.010197418
       708.00002       285.43592       101451.33       7831.3189     -0.96950010       1.2865000      0.26200000       338.45800       3.3818646    0.0096344526
       712.00000       285.44382       101452.93       7857.9082      -2.8282500       1.7377500     -0.19925000       338.31400       4.2697441     0.015325231
       715.00002       285.45489       101452.05       7860.7258      -1.7272500       2.1580000      0.19275000       339.52200       4.3017558     0.018575564
       718.00001       285.38452       101439.21       7774.7539     -0.91525010       2.7890000      0.22000000       337.76400       3.5876183     0.011719952
       722.00003       285.40912       101438.42       7763.3939      -1.9130000      0.91525010     -0.15050000       339.47100       3.0358688     0.013523418
       725.00001       285.45981       101439.40       7763.4074      -3.8850000       1.4662500     -0.13600000       338.26100       2.0300509     0.013728207
       727.99999       285.67172       101448.17       7798.5470      -1.6442500       3.8697500     -0.69350000       338.13600       2.2577540     0.015280877
       732.00001       285.76806       101446.56       7793.1777      -1.7947500       2.3557500    -0.067750010       339.16500       2.7180077     0.018445980
       735.00000       285.82456       101444.30       7786.2487     -0.83725010       4.4585000    -0.096500000       338.36400       2.2649281     0.012949134
       738.00002       285.94195       101438.09       7794.8431      -1.6817500       4.0640000     -0.88525000       338.41800       2.5364803     0.016315599
       742.00000       285.95081       101439.68       7788.1224      -2.1547500       2.7465000     -0.54425000       338.82800       2.7111391     0.017073374
       745.00002       285.91504       101441.42       7775.4922     -0.47950000       2.7942500      0.41450000       339.88700       2.9033828     0.011712725
       748.00001       285.84199       101443.32       7786.2564     -0.99900010       2.0125000     -0.12050000       339.32800       2.1857633     0.014066989
       752.00002       285.69824       101440.09       7718.6502      -1.4687500       1.4052500     -0.40900000       339.31600       3.4853129     0.012150711
       755.00001       285.54909       101437.68       7648.7991     -0.84775010       3.4687500      0.18825000       339.12200       2.8367214     0.024816224
       757.99999       285.19157       101437.21       7529.0619      -1.6047500       3.9670000     -0.63850000       337.94300       2.7686426     0.011399556
       762.00001       284.97705       101440.42       7433.3747      -1.3345000       3.7315000     -0.32500000       337.42700       2.6246438     0.011327833
       764.99999       284.83681       101442.82       7357.5077      -1.2330000       3.5725000     -0.33600000       338.16600       2.5251824    0.0090857799
       768.00002       284.67469       101439.07       7212.1796      -1.4817500       2.8140000     -0.45125000       337.72000       2.5681994    0.0098654889
       772.00000       284.51499       101438.35       7102.4931      -1.3372500       3.3522500    -0.028750000       338.33200       2.3925300    0.0080378826
       775.00002       284.42665       101439.44       7037.0781      -1.4815000       3.0250000    -0.039250000       337.97400       2.0411567     0.012155119
       778.00000       284.38648       101455.55       7009.2900      -1.4150000       2.3310000      0.52025000       339.32700       2.7063071     0.010020540
       782.00002       284.37055       101458.79       6965.1553      -1.4480000       3.2782500     -0.54450010       337.93700       2.0435669     0.014862897
       785.00001       284.38492       101458.06       6940.3250      -1.4797500       1.6750000      0.13400000       339.13400       2.2244746     0.012737491
       787.99999       284.42945       101440.29       6900.8967      -1.2850000       2.5387500     -0.18775000       337.95700       3.0661413     0.015863840
       792.00001       284.47735       101437.84       6889.3870      -2.2337500       1.5607500     -0.56650000       338.22300       3.4793830     0.014319099
       794.99999       284.53396       101438.14       6895.9559      -1.6007500       2.2967500     -0.19125000       337.46400       3.5114600     0.015909640
       798.00002       284.80076       101448.12       6957.7407      -1.0520000       1.7650000     -0.77875010       338.00400       4.5664898     0.011842414
       801.00000       284.84876       101447.06       6977.8588      -1.0882500       2.2900000      0.23550000       338.29200       2.5626405     0.010613719
       805.00002       284.85077       101444.28       7005.3657      -1.1195000       2.7467500      0.15725000       338.28400       2.0596893     0.010183256
       808.00000       284.75877       101438.40       7073.6080     -0.69625000       1.6910000     -0.19450000       338.94100       2.5280204    0.0099739489
       811.00003       284.70832       101439.59       7084.4596      -1.7502500       1.3240000     -0.31675000       338.28300       4.0041774     0.013066895
       815.00001       284.60469       101441.82       7077.1230      -1.1462500       1.3847500     -0.41875000       339.34600       2.5615928     0.010562156
       818.00003       284.32062       101439.41       7020.1386      -1.3672500       1.4985000     -0.73850010       338.53300       2.0035140     0.012474448
       821.00001       284.23133       101438.58       7000.9837      -2.7727500       1.3475000     -0.43400000       339.09900       2.6699819    0.0088107254
       824.99999       284.16144       101439.60       6972.4246     -0.49825000       1.7662500    0.0095000010       339.01900       3.8606110     0.011450062
       828.00002       284.15638       101451.77       6889.8439      -3.3765000       2.3222500     -0.23275000       338.16300       2.7642221     0.013565777
       831.00000       284.15770       101456.27       6874.4537      -2.1867500       2.8600000     -0.57325010       338.38600       2.5652750    0.0089955776
       835.00002       284.20157       101460.15       6878.2737      -2.2620000       2.7025000      -1.1035000       338.08100       2.0418496    0.0093669991
       838.00000       284.38427       101454.65       6935.7862      -1.1632500       2.1577500      0.13775000       338.45400       2.3387378    0.0099891901
       841.00002       284.44519       101454.59       6957.2672     -0.73225000       1.6992500     -0.50975000       339.09900       3.2620008     0.011642205
       845.00000       284.51265       101455.19       6992.4806     -0.86750010       1.4097500     -0.16700000       337.68800       3.0325558     0.018456866
       848.00003       284.59889       101465.09       7075.0626      -1.4635000      0.55550000      0.16525000       339.32300       3.8973227     0.019928111
       851.00001       284.62644       101464.30       7102.7406      -1.6110000       1.8475000     -0.15500000       338.49100       2.5019900     0.011054586
       855.00003       284.62870       101459.80       7122.6789      -1.7400000      0.71225010     -0.32975000       339.14600       2.9837278     0.013077760
       858.00001       284.53356       101441.26       7100.5308     -0.44550000       1.2657500     0.095750000       339.20900       2.9150947     0.011852252
       861.00000       284.50950       101438.59       7101.0930     -0.84425000       2.4420000      0.30100000       339.45700       2.3239294     0.010230157
       865.00002       284.47703       101437.79       7096.7516     -0.75300000       2.1272500     -0.90500000       338.12800       3.4639392     0.010577690
       868.00000       284.40667       101442.17       7058.4601     -0.95875010       1.9847500      0.15175000       339.19400       3.8147024     0.015815295
       871.00002       284.38623       101440.27       7053.8037     -0.86375000       1.7935000     -0.33925000       339.30900       3.3380939    0.0096691219
       875.00000       284.38002       101438.45       7057.4618      -1.0300000      0.74950000     0.073250000       338.93200       2.4258402     0.012325049
       878.00003       284.43505       101443.33       7087.5294     -0.30125000       1.4600000      0.11000000       339.13600       2.2834882    0.0097109010
       881.00001       284.44734       101445.91       7096.4222      -1.1655000       2.0762500     -0.75975000       338.02700       5.0920678     0.010590879
       885.00003       284.46354       101447.95       7108.2554     -0.65300010       2.0930000      0.14500000       338.11900       2.0944890    0.0095200406
       888.00001       284.46204       101438.40       7121.3384     -0.12300000       2.4120000     -0.44300000       338.83200       3.0065363     0.010082160
       891.00000       284.48517       101437.47       7133.6879     -0.29925000       2.2935000      0.14925000       339.36600       4.2900265     0.014118984
       895.00001       284.52289       101438.97       7148.6403      -1.0897500       3.0837500    -0.072000000       337.46400       2.7652405     0.018339564
       898.00000       284.56621       101457.52       7143.1408      -1.2240000       2.2182500     -0.13475000       338.78300       2.2533330     0.013664303
       901.00002       284.59004       101459.11       7153.1405      -2.0950000       1.3472500     -0.13025000       338.66600       2.7151510    0.0099850381
       905.00000       284.62214       101456.98       7171.6981     -0.76000010       2.5550000      0.13175000       338.82000       1.9220361    0.0097257719
       908.00002       284.72177       101440.11       7209.8387     -0.49275000       2.3275000      0.24425000       339.96900       3.0102135     0.010583195
       911.00001       284.73137       101438.76       7224.8192     -0.85475000       2.8825000      0.65000000       339.71800       2.1428164     0.011656321
       915.00003       284.70914       101439.07       7240.1984     -0.74100010       1.6175000      0.19625000       338.55100       2.5396450     0.010567663
       918.00001       284.58143       101442.17       7251.9172      -1.2100000       2.3032500     -0.20350000       337.56300       4.2915512     0.011365569
       920.99999       284.55011       101440.32       7258.4971     -0.81450000       1.3890000      0.22850000       338.07400       2.3937173    0.0094049206
       925.00001       284.51598       101438.52       7261.0629     -0.80400000       2.2747500     -0.10350000       338.31200       3.6929035     0.017176235
       928.00000       284.44834       101441.99       7242.2580     -0.97075000       2.0330000     -0.14500000       337.40400       3.5058789     0.015533451
       931.00002       284.42783       101445.02       7238.8381     -0.51525000       1.0672500      0.11475000       337.52100       3.1714018    0.0099037444
       934.00000       284.42505       101447.60       7236.3171     -0.88275000       1.6105000     -0.16825000       338.11300       2.4035965     0.013136824
       938.00002       284.55242       101447.59       7251.6795     -0.27875000       1.8585000     -0.53775000       337.59500       3.2397092    0.0092644489
       941.00001       284.56654       101445.80       7243.8686     -0.20375000       1.3377500      0.20950000       337.94500       2.2491063     0.012167431
       944.00003       284.56736       101444.01       7231.4124     -0.39300000      0.91725000    -0.021000000       338.51300       2.6336336     0.010610752
       948.00001       284.50925       101448.80       7196.6544     -0.73400000       1.4375000     -0.55175000       337.89900       4.8367414     0.011813009
       950.99999       284.50330       101448.48       7182.6450     -0.73900000       1.0565000     -0.57050000       338.18700       3.0773862     0.014350051
       954.00002       284.49717       101446.32       7168.0272     -0.76625000      0.98900000      0.37525000       339.67200       3.0102398     0.013642741
       957.99999       284.44052       101425.75       7124.0098     -0.91050000       1.6730000      0.10175000       338.55000       3.4878436     0.021382032
       961.00002       284.43217       101422.27       7108.9932      -1.0137500       1.0965000     -0.21175000       339.90900       2.5984281     0.028823086
       964.00000       284.43738       101421.49       7100.2237      -1.7832500       3.5180000     -0.14075000       338.31900       2.0317128     0.010437886
       968.00002       284.49663       101431.64       7104.1846      -1.2395000       2.9792500      0.44900000       339.31700       1.8596299    0.0097023248
       971.00000       284.53203       101434.00       7110.5758      -1.7835000       2.9277500    -0.076500010       338.82000       3.0410975    0.0091828277
       974.00003       284.57181       101436.77       7121.5067     -0.78225000       2.5790000      0.22850000       339.40600       2.7251903    0.0073595881
       978.00001       284.64462       101451.83       7152.8457      -1.0205000       2.1825000      0.58800000       339.68100       4.3156839     0.014157252
       981.00003       284.68628       101454.08       7169.1535     -0.42800000       2.2812500     -0.10125000       340.23800       2.2662140     0.010269504
       984.00001       284.72795       101453.67       7186.8886     -0.90400000       2.4067500      0.54500000       338.61600       2.9819826     0.016211751
       987.99999       284.84370       101434.63       7236.8815     -0.29650000       2.3735000     -0.36725000       338.84700       3.5236419     0.012460687
       991.00002       284.87037       101433.21       7253.5174     -0.95350000       2.0530000     -0.27125000       337.81700       2.4144972     0.014982660
       994.00000       284.87897       101433.60       7264.4675     -0.89400010       1.3142500     -0.76025000       338.96200       4.3240732    0.0084864802
       998.00002       284.82224       101441.16       7263.3373      -2.0160000       1.3602500      0.97550000       340.46100       2.4424014     0.015597102
       1001.0000       284.81113       101440.53       7264.7935     -0.38525000       1.7710000    -0.023750000       341.43100       1.8700867     0.016348149
       1004.0000       284.79556       101439.91       7262.8469     -0.84575000       3.3580000    -0.062500000       338.34100       2.4211309    0.0070149122
       1008.0000       284.76119       101446.09       7256.8473      -1.2567500       3.2795000     -0.32775000       338.14500       2.7234122     0.018003827
       1011.0000       284.71989       101447.61       7242.9667     0.053000000       2.9827500      0.81225000       338.56400       4.7108574     0.012734744
       1014.0000       284.67418       101447.33       7224.6464     -0.67975000       3.1270000    -0.037750000       339.01500       4.6123297     0.013226072
       1018.0000       284.61124       101428.98       7193.3411       1.0105000       3.4722500     -0.12350000       338.71000       2.4404205     0.011237389
       1021.0000       284.57020       101426.82       7168.4707    -0.032000000       2.9855000     -0.30325000       338.03700       2.1238728     0.012405429
       1024.0000       284.52475       101427.30       7139.5909     -0.32975000       1.3682500     -0.15700000       339.12700       2.6366824     0.010825161
       1028.0000       284.35243       101446.11       7064.5858     -0.19575000       2.4127500      0.35250000       339.30100       3.0177155     0.019276015
       1031.0000       284.31802       101447.59       7033.7893    -0.086250010       2.2487500    -0.096750010       337.51700       2.8192917    0.0083430098
       1034.0000       284.31019       101447.29       7008.0413    -0.011500000       1.5390000     0.077750000       339.30700       2.4480164    0.0083169851
       1038.0000       284.40876       101439.69       6977.5955     -0.27725000       1.6615000      0.13425000       338.80900       1.8227354     0.016753766
       1041.0000       284.43178       101440.31       6961.3001      0.91875000       1.0552500     -0.24700000       337.81700       2.9960897     0.013829263
       1044.0000       284.45966       101440.90       6950.6502      0.26200000      0.76225010      0.25200000       339.58000       1.9775475     0.011712380
       1048.0000       284.55523       101434.62       6945.4732      0.23350000       2.0985000     0.094750000       339.05600       2.4940387    0.0099258238
       1051.0000       284.59919       101433.12       6950.3062     -0.32875000       1.1712500      0.34750000       339.34300       2.8552967    0.0092823761
       1054.0000       284.63414       101433.43       6961.1876      0.11125000       1.6125000      0.67350010       339.51600       2.6958039    0.0084271656
       1058.0000       284.60638       101451.66       6991.8075      0.86475000       2.8237500     -0.36150000       338.66800       2.1631281     0.011853477
       1061.0000       284.62874       101454.03       7012.0625     -0.48600000       2.8410000      0.44650000       341.20200       2.6419571     0.020383045
       1064.0000       284.66005       101453.68       7036.0493     -0.22950000       3.7742500     -0.57125000       338.34700       2.7841834    0.0070290388
       1067.0000       284.74550       101436.74       7087.7467      0.12425000       2.5332500     -0.19700000       339.13400       2.1478524     0.010796957
       1071.0000       284.79499       101433.79       7126.0185     -0.28825000       3.1567500     -0.32200000       338.95100       2.0942136    0.0086963342
       1074.0000       284.82692       101433.13       7150.8334      -1.3410000       3.2185000      0.75200000       339.57800       2.1754042     0.017544964
       1077.0000       284.85440       101433.81       7172.2822    -0.087000000       3.1762500      0.21775000       339.81200       2.0096228    0.0080532953
       1081.0000       284.90636       101433.05       7190.4514      -1.8570000       3.3487500     -0.33550000       338.95400       1.9257809     0.015896774
       1084.0000       284.92259       101434.24       7212.7222     -0.46875000       2.5345000      0.27225000       339.75400       2.0079309    0.0078975499
       1087.0000       284.92975       101436.82       7235.0436     -0.60250000       1.7580000      0.22525000       340.92200       1.9237573     0.011236909
       1091.0000       284.90882       101455.34       7260.2022      -1.7262500       1.1122500    -0.091500010       339.97900       1.8962806    0.0085938203
       1094.0000       284.89905       101452.90       7278.8725      -3.2225000       1.7915000     -0.72000000       339.08200       1.8960871    0.0078133993
       1097.0000       284.88413       101427.55       7319.4220      -2.7542500       1.3120000     -0.36375000       340.31900       1.8825582     0.012482880
       1101.0000       284.86198       101422.39       7339.9565      -2.9302500       1.2485000     -0.50125000       339.59600       1.9457198    0.0069232086
       1104.0000       284.84023       101421.23       7347.3474      -2.3352500       1.9695000    -0.070250000       340.08000       1.8999036     0.011404111
       1107.0000       284.73932       101422.82       7326.9292      -3.5987500       1.1350000     -0.48750000       338.75400       1.8934581    0.0076581575
       1111.0000       284.72386       101421.92       7326.5008      -2.0100000       1.1315000     -0.14550000       339.55400       1.9101525     0.010639997
       1114.0000       284.73291       101423.84       7325.4961      -1.1437500      0.59425000      0.64700000       341.08100       1.9670417    0.0095247722
       1117.0000       284.77518       101450.51       7299.0305      -1.1055000      0.52100000      0.66800000       340.91100       1.9427269    0.0098039577
       1121.0000       284.81672       101456.58       7299.2185      -1.8310000      0.34950000    -0.062750000       340.54300       1.9176478     0.014666965
       1124.0000       284.86337       101455.96       7307.2251      -1.5275000      0.93350010      0.42000000       340.56100       1.8874934    0.0083374121
       1127.0000       284.92328       101450.92       7321.9887      -2.2645000       1.8695000      0.67225000       338.65700       1.8507801     0.010969128
       1131.0000       285.05194       101423.22       7346.5339      -2.1715000       1.6235000      0.17925000       338.20500       1.9231555    0.0086182121
       1134.0000       285.14988       101422.14       7382.8539      -2.1322500       1.6465000    -0.015500000       338.09500       1.9012727    0.0063395225
       1137.0000       285.25734       101423.30       7428.9363      -2.7317500       1.2465000     0.012500000       338.53000       1.9098944    0.0085787532
       1141.0000       285.43480       101422.18       7517.8147      -2.0712500       1.6177500    -0.089750010       339.44200       1.7884240     0.010857774
       1144.0000       285.51170       101424.09       7569.8485      -1.6895000      0.59975000      0.69100000       340.89600       1.9040534     0.013203498
       1147.0000       285.69898       101447.19       7673.3803      -3.6532500       1.6845000     -0.60650000       339.46600       1.9618113    0.0086885696
       1151.0000       285.76136       101454.58       7740.7226      -1.9215000       1.3242500    -0.055000000       338.99500       1.9634481     0.011242271
       1154.0000       285.75510       101455.88       7776.6772      -2.0030000       1.6575000     -0.28075000       338.70700       1.9234252    0.0091355388
       1157.0000       285.56433       101439.85       7798.6763      -1.7297500       2.0605000     -0.48425000       338.22700       1.9076869    0.0092832536
       1161.0000       285.47902       101435.73       7813.0077     -0.94250010       1.7647500     -0.17225000       337.61600       1.9517286     0.014367888
       1164.0000       285.40987       101433.17       7808.9435      -1.6255000      0.92625000     -0.47425000       338.87900       1.9443997     0.010514872
       1167.0000       285.33629       101431.06       7792.3351     -0.37900000      0.61775000      0.77350000       338.26700       1.9452863     0.011342309
       1171.0000       285.09232       101422.02       7716.6813     -0.78675000      0.32175000     -0.14750000       339.06600       1.8492715    0.0072064608
       1174.0000       285.08905       101422.77       7698.6464     -0.69925000      0.74875000      0.13300000       339.92300       1.8967662     0.013425901
       1177.0000       285.13117       101425.80       7682.5080     -0.84625010       1.5110000      0.18400000       339.51200       1.8976621    0.0086072869
       1181.0000       285.31973       101442.38       7648.4919      -1.8090000       3.2275000       1.2267500       339.16700       1.8757400    0.0077394896
       1184.0000       285.38163       101442.66       7637.5409      -3.6227500       1.7297500     -0.54800000       338.21900       1.8914917     0.012396500
       1187.0000       285.61552       101436.71       7669.0220      -2.6617500      0.72725000     0.015750000       339.23000       1.8743513    0.0086773042
       1191.0000       285.69905       101436.10       7657.8717     -0.86925010      0.98675010    0.0017500000       339.34900       1.9267290    0.0086673545
       1194.0000       285.71376       101435.16       7642.2303      -1.8035000      0.81425010     -0.11875000       339.34100       1.8909983    0.0073918424
       1197.0000       285.53406       101424.82       7632.1250      -2.5480000       1.8237500      0.48925000       338.10500       1.8993893    0.0095844009
       1200.0000       285.50806       101422.60       7605.8510      -2.8385000       1.8712500     -0.62550000       338.83100       1.8676728     0.011506505
       1204.0000       285.48028       101423.07       7556.3240      -1.3500000       1.4647500     -0.14025000       338.12400       1.9373214     0.011720958
       1207.0000       285.41974       101439.34       7450.7672      -1.9645000       2.0382500     -0.32975000       339.13500       1.7981545     0.011157336
       1210.0000       285.38681       101442.02       7406.1167      -2.1567500      0.66275000      0.43275000       339.32100       1.9865925     0.017105404
       1214.0000       285.37043       101442.83       7358.4971      -2.6905000      0.45500000     0.031000000       339.62400       1.8716991     0.010417421
       1217.0000       285.37879       101441.36       7331.5598      -4.2020000     -0.67200010     0.023000000       339.27500       1.9377855     0.011135294
       1220.0000       285.46388       101437.98       7272.6131      -3.4575000       1.0587500     -0.62300000       339.94600       1.8655508     0.012334119
       1224.0000       285.52426       101435.58       7275.7658      -3.5665000       1.0280000     -0.37125000       338.35300       1.8780520     0.010767911
       1227.0000       285.57500       101432.69       7300.6499      -2.2542500       1.3730000    -0.093500000       339.40400       1.8846320    0.0085080674
       1230.0000       285.62586       101416.45       7381.8508      -2.0910000       1.3845000    -0.057750000       340.58300       1.8530851    0.0089733510
       1234.0000       285.67405       101417.69       7435.7133      -2.1917500      0.97375010     -0.48875000       340.27500       1.8918248    0.0072751120
       1237.0000       285.76980       101434.07       7511.3813      -3.0580000       1.1582500     -0.19550000       339.34700       1.8515076     0.011320304
       1240.0000       285.80963       101438.62       7563.5523      -2.5495000      0.24225000      0.12500000       340.52600       1.9645322     0.013074801
       1244.0000       285.83438       101443.89       7627.1823      -2.5227500      0.26225000     -0.96525010       338.93700       1.8846748     0.011744869
       1247.0000       285.75502       101458.86       7667.5336      -1.2202500       1.4977500      0.30075000       340.94900       1.9371391    0.0078400809
       1250.0000       285.74696       101461.42       7705.2361      -1.0337500      0.50425000      0.22725000       341.41500       1.9504819    0.0086632291
       1254.0000       285.74312       101458.63       7750.4160      -3.6352500       1.1060000     -0.32150000       339.88600       1.8936149    0.0086212080
       1257.0000       285.74543       101451.89       7780.5308      -4.1550000      0.87900010       1.2882500       339.23700       1.9159338     0.015929561
       1260.0000       285.74219       101424.02       7807.9050      -4.3772500      0.98000000      -1.0700000       338.12700       1.8431433    0.0099289254
       1264.0000       285.74642       101420.90       7840.5793      -2.0487500       1.1455000      0.45550000       339.36900       1.9898345     0.014321002
       1267.0000       285.75499       101421.68       7861.5383      -3.0522500      0.49725000      0.86450000       340.16000       1.8746215    0.0074844881
       1270.0000       285.79894       101421.94       7876.8858      -5.2252500       2.2930000     -0.32100000       337.94900       1.9469834     0.010621536
       1274.0000       285.81100       101423.96       7895.9692      -4.5680000      0.35750000     -0.41200000       338.53100       1.9102387     0.010822327
       1277.0000       285.85935       101447.21       7938.1020      -5.6200000       1.9852500     -0.60900000       339.16500       1.9265897    0.0088804149
       1280.0000       285.84474       101453.29       7940.2290      -2.5297500       1.3550000       1.0515000       338.66400       1.9417922     0.010206634
       1284.0000       285.79707       101455.75       7924.5093      -3.4762500       1.5330000     -0.32700000       337.96600       1.9558354     0.010888823
       1287.0000       285.69395       101441.24       7879.6725      -2.4532500     -0.19300000      0.49025000       337.91700       1.8708243    0.0078343005
       1290.0000       285.64250       101437.68       7852.4279      -3.7810000       1.0745000      0.88475010       338.63900       1.9689044    0.0099476051
       1294.0000       285.56700       101432.92       7806.6877      -3.7542500       1.0825000      0.26725000       337.80600       2.0367394     0.014507775
       1297.0000       285.39993       101420.41       7697.1353      -3.8707500       1.2060000     -0.34450000       338.18300       2.0045142     0.010762829
       1300.0000       285.33880       101417.31       7658.2875      -1.8390000      0.88825010      0.61900000       339.99000       1.9225522    0.0085092395
       1304.0000       285.29863       101417.31       7628.3218      -3.6032500       2.5922500     -0.30975000       338.29200       1.8670400    0.0093973994
       1307.0000       285.29949       101420.41       7622.0747      -4.3965000       2.7287500     -0.34650000       338.67000       1.9374669    0.0079344682
       1310.0000       285.42998       101434.87       7663.2347      -4.3387500       2.2155000      0.43400000       338.78200       1.9135253     0.011996656
       1314.0000       285.40177       101437.20       7649.4272      -2.4495000       1.2445000      0.11900000       338.25600       1.9032994    0.0064562705
       1317.0000       285.36481       101437.90       7637.9754      -4.3752500       1.7890000    -0.042000000       337.75400       1.9088641    0.0084281580
       1320.0000       285.36269       101444.72       7677.4823      -4.2582500       1.5835000      0.15500000       338.24500       1.9027305    0.0082603567
       1324.0000       285.28653       101441.53       7637.8673      -3.1462500     -0.10900000       1.2090000       338.68100       1.9083915    0.0076555814
       1327.0000       285.05365       101419.68       7521.5413      -4.0067500      0.91375010   -0.0010000000       338.09200       1.8397704     0.018037090
       1330.0000       284.96277       101414.21       7469.3085      -2.1580000       1.6050000     -0.29925000       338.58800       1.8325786     0.018037270
       1334.0000       284.87767       101410.51       7407.1615      -1.9697500       1.4567500     0.051750000       338.01600       1.8762069    0.0089843695
       1337.0000       284.84475       101410.69       7336.8281     -0.47600000       1.3440000      0.23725000       338.08600       1.9653421    0.0086657852
       1340.0000       284.82190       101410.75       7299.1252     -0.63950000       1.1000000    -0.091000010       338.39200       1.8416634    0.0097196693
       1343.0000       284.82117       101413.02       7274.5007      -2.7825000       1.1050000     -0.21475000       337.74500       1.8728125     0.013302512
       1347.0000       284.85462       101419.49       7261.8324      -2.1505000       1.6122500     -0.28550000       337.70900       1.9091119     0.011577587
       1350.0000       284.99351       101441.73       7294.4285     -0.64650010     0.093000000      0.36575000       337.94100       1.8833527     0.015431459
       1353.0000       285.01886       101444.49       7297.9456      -1.5910000       1.6567500     -0.12700000       338.06500       1.8838979     0.013791374
       1357.0000       285.03886       101443.94       7307.9700      -2.1670000       1.1840000      0.41200000       338.75200       1.8699493     0.013068389
       1360.0000       285.06657       101437.37       7324.6338      -1.9727500       1.2470000     0.096750010       338.71300       1.8511672     0.011797038
       1363.0000       285.06573       101435.68       7342.6289      -2.0437500       1.8817500     -0.21600000       339.05600       1.9045371     0.011351596
       1367.0000       284.99888       101420.38       7365.1036      -4.5137500       2.0680000     -0.91150000       338.39700       1.9629353     0.012037956
       1370.0000       284.96858       101417.19       7387.4050      -2.4870000      0.77900000      0.97000000       338.59700       1.9445772     0.012395324
       1373.0000       284.93846       101416.72       7414.2607      -2.3055000       1.5652500      0.67700000       338.34900       1.8659471     0.016498461
       1377.0000       284.91436       101429.23       7492.8489      -3.6250000       1.8190000     -0.23275000       337.85500       1.9601054     0.010350531
       1380.0000       284.88076       101432.75       7523.5716      -2.5902500     -0.20075000      0.49825000       338.43900       1.9909973     0.011403790
       1383.0000       284.84269       101436.26       7548.2156      -3.3295000     -0.82625000     0.015750000       338.25300       1.9666674     0.010428351
       1387.0000       284.81520       101453.24       7604.4638      -4.3620000      0.55350000     -0.45775000       338.17200       1.9665068     0.016893116
       1390.0000       284.76243       101455.61       7611.5225      -4.5975000      0.57200000     -0.63075000       337.66100       1.9621195     0.018015901
       1393.0000       284.69636       101454.45       7602.8948      -3.3475000      0.30000000     -0.21450000       338.01600       1.9462579     0.011621105
       1397.0000       284.58759       101447.38       7567.2260      -4.1362500     -0.93025000     -0.43675000       337.76100       1.8524776    0.0093393450
       1400.0000       284.46127       101427.54       7508.2625      -3.8572500      0.11925000    -0.051750000       337.85600       1.8369153     0.013847902
       1403.0000       284.37721       101423.21       7462.2070      -2.7335000     -0.27575000    -0.042000000       338.24200       1.8268807     0.015723012
       1407.0000       284.26427       101418.76       7387.4976      -2.5527500     -0.71800010     0.011750000       337.93900       1.9247186     0.011801779
       1410.0000       284.09897       101404.73       7272.4839      -2.3587500   -0.0080000000     -0.24400000       338.27800       1.8385878     0.012862277
       1413.0000       284.05200       101405.48       7224.7042      -2.4842500     0.090500000      0.21050000       338.61600       1.8651274     0.013792651
       1417.0000       284.03189       101430.97       7155.7230      -2.8817500      0.81775000     -0.12175000       338.21600       1.9056286     0.010404153
       1420.0000       284.04182       101438.38       7127.7396      -2.8645000     -0.34475000     0.071500000       338.51500       1.8991253     0.010698156
       1423.0000       284.07876       101444.38       7114.0533      -1.2630000     0.014750000      0.31575000       338.29500       1.8162574     0.017066254
       1427.0000       284.29093       101456.05       7142.3019      -2.4387500     -0.32375000     0.095000010       338.22200       1.8747770     0.016319889
       1430.0000       284.36665       101459.42       7156.9110      -2.5900000       1.2142500    -0.087250000       338.60900       1.9153482     0.013481851
       1433.0000       284.43349       101459.68       7178.6913      -1.8670000       2.2035000     -0.20325000       338.17200       1.8874564     0.013915142
       1437.0000       284.50883       101455.21       7219.0911      -2.4112500       1.3127500    -0.073500000       338.75100       1.8464363     0.013559885
       1440.0000       284.62122       101436.66       7281.2550      -2.4777500       1.1907500      0.82250010       337.83300       1.9616568     0.013452569
       1443.0000       284.64314       101432.88       7317.7059      -3.4077500       1.3092500     -0.64900000       337.66800       1.9131360     0.010639695
       1447.0000       284.62995       101429.18       7365.9887      -3.1722500      0.88450000     -0.34550000       337.45900       1.8921899     0.014474666
       1450.0000       284.54839       101422.63       7431.4033      -2.1850000      0.94400010     -0.23500000       337.96400       1.9358931    0.0084547280
       1453.0000       284.49924       101422.57       7445.6268      -1.4967500      0.37175000      0.13200000       338.58300       1.8946875     0.012826240
       1457.0000       284.33763       101435.03       7427.4466      -1.3232500      0.14800000     0.079250000       338.16100       1.9161209     0.018913941
       1460.0000       284.27221       101438.92       7423.0286      -1.7887500      0.75225000    -0.021750000       338.53300       1.8768161     0.015424864
       1463.0000       284.21626       101442.31       7411.7816      -2.4015000      0.61225000     -0.53375000       338.38500       1.8927883     0.011484525
       1467.0000       284.12874       101454.93       7347.2920      -2.5972500    0.0060000000     -0.10900000       337.66200       1.9201531     0.014709668
       1470.0000       284.09044       101455.85       7321.0117      -1.7917500      0.35200000      0.31125000       337.65600       1.9499838     0.011746049
       1473.0000       284.06985       101453.68       7299.6445      -2.3577500      0.55100000     -0.20500000       338.23000       1.9429430    0.0084508384
       1476.0000       284.06695       101448.42       7283.1335      -1.3195000      0.36250000      0.49125000       338.42300       1.8599410     0.014140223
       1480.0000       284.13079       101425.78       7271.4864      -2.8570000       1.1660000     -0.13150000       337.53500       1.9646102     0.014655872
       1483.0000       284.15084       101422.23       7267.0198      -1.7682500     0.012000000     0.094000000       337.73200       1.9338469     0.010515126
       1486.0000       284.17531       101420.00       7266.9118      -2.1237500       1.3180000     -0.16250000       338.04200       1.9421071     0.011292778
       1490.0000       284.26359       101410.71       7283.8273      -1.6382500      0.69500010     -0.37275000       338.41200       1.8868166     0.014741305
       1493.0000       284.26859       101411.13       7284.0343      -1.6615000      0.37550000     -0.30050000       338.20200       1.9195170     0.012218608
       1496.0000       284.26001       101414.76       7284.0074      -1.5407500       1.7355000      0.56275000       338.36500       1.8783514     0.012254023
       1500.0000       284.23711       101438.37       7309.5062      -2.2652500      0.69250010      0.27750000       338.14000       1.8914704     0.011133708
       1503.0000       284.20631       101443.76       7297.6205      -2.0405000       2.0807500     -0.28350000       337.83400       1.8817901     0.013405489
       1506.0000       284.16198       101447.79       7276.8809      -2.2167500       1.6057500      0.65450000       338.53900       1.9570610     0.010364732
       1510.0000       284.01608       101453.54       7214.9017      -2.5682500       1.9717500     -0.53475000       337.84800       1.8802534     0.014056033
       1513.0000       283.97225       101453.06       7190.7588      -1.1462500       1.2442500      0.27625000       338.40700       1.8428977     0.015560617
       1516.0000       283.93780       101450.30       7166.7042      -1.7270000      0.50825000     0.013000000       338.97100       1.8662270     0.017818405
       1520.0000       283.86786       101437.65       7106.8218      -3.1585000       1.5652500     -0.20150000       338.56800       1.8942286     0.011182423
       1523.0000       283.87313       101434.07       7091.5602      -2.3767500      0.40450000     -0.14050000       337.96400       1.9273376     0.013336807
       1526.0000       283.90055       101430.49       7084.5181      -4.3350000       1.8482500     0.061250000       338.10700       2.0484994     0.012667026
       1530.0000       284.03545       101419.31       7106.4812      -3.6970000      0.89625010    -0.033750000       337.39200       1.8217600     0.016071650
       1533.0000       284.06323       101417.26       7106.7949      -3.2845000     -0.33675000     -0.63100000       337.98600       1.8773006     0.015857417
       1536.0000       284.08678       101417.02       7108.3898      -3.3592500       2.1535000      0.26600000       337.73900       1.8875210     0.014426779
       1540.0000       284.13332       101422.32       7100.4408      -4.2095000      0.67775010     -0.29000000       337.73300       1.8672450     0.014346317
       1543.0000       284.16754       101425.22       7120.8496      -3.0405000      0.28000000     0.013500000       338.72300       1.9147850     0.013168707
       1546.0000       284.19728       101429.02       7149.1990      -2.8735000      0.89950010      0.19375000       337.98300       1.9230146     0.014370883
       1550.0000       284.17501       101442.13       7183.6192      -2.5620000      0.49150000      0.27525000       338.12600       1.8007309     0.020029918
       1553.0000       284.19753       101443.07       7227.6972      -1.8515000      0.67825000      0.72850000       338.64500       1.8890999     0.012969922
       1556.0000       284.22891       101442.18       7282.7560      -1.8245000       1.1690000      0.22975000       338.18200       1.9064414     0.013431532
       1560.0000       284.35243       101439.96       7426.5297      -2.0800000       1.7885000      0.18900000       338.16600       1.9956838     0.014009670
       1563.0000       284.37534       101436.72       7479.5994      -2.3655000       1.4847500     -0.28425000       338.19800       1.9290978     0.011730116
       1566.0000       284.38498       101431.70       7525.0889      -2.9832500       1.7520000      0.28825000       338.16300       1.9855088     0.011321270
       1570.0000       284.36879       101408.81       7600.8879      -3.2682500       1.9340000    -0.044000000       338.19300       1.9641419     0.010206400
       1573.0000       284.35853       101405.96       7619.7247      -2.8625000      0.95075010     -0.70100000       338.33900       1.9963816     0.011251394
       1576.0000       284.33941       101405.77       7622.6044      -2.5170000       1.1500000      0.37250000       338.41300       1.9745709     0.013489096
       1580.0000       284.25940       101410.40       7568.4389      -2.2987500      0.17625000     -0.85300000       338.47600       1.9468256     0.014452146
       1583.0000       284.23759       101413.71       7555.9781      -3.7135000       1.0502500     -0.41850000       337.61600       1.9169025     0.013140146
       1586.0000       284.22020       101418.88       7540.1656      -1.3442500      0.83575000      0.23000000       338.09200       1.9366532     0.013813966
       1590.0000       284.21211       101440.42       7498.0833      -3.1905000       1.0485000     -0.26275000       337.84700       1.9370278     0.012654823
       1593.0000       284.19391       101444.11       7473.5544      -3.1485000       1.1940000    -0.060000000       338.39500       1.9456955     0.011149311
       1596.0000       284.17572       101445.55       7449.2415      -2.9755000      0.61325000     -0.44450000       337.52800       1.9824768    0.0097249260
       1600.0000       284.16902       101444.99       7439.6350      -2.4585000      0.29650000      0.17700000       337.61800       1.9490450     0.010738141
       1603.0000       284.14893       101442.08       7408.6368      -2.6670000      0.58250000     0.017500000       337.67800       1.9033266     0.012070205
       1606.0000       284.12444       101436.90       7371.0374      -2.8362500      0.64950000    -0.089750010       337.57700       1.9251967    0.0094182539
       1609.0000       284.06690       101417.20       7298.9616      -2.4460000      0.86425010    -0.093500000       338.07100       1.9401402     0.013068731
       1613.0000       284.03717       101411.65       7249.9228      -2.4470000      0.89775000     -0.42025000       337.89600       1.9814201     0.010417079
       1616.0000       284.02003       101409.56       7216.2704      -2.0320000      0.51300000    -0.072250000       337.86800       1.9503579     0.010756095
       1619.0000       284.03191       101405.04       7179.0845      -2.1425000       1.0557500    -0.028250000       338.07200       1.9626366     0.012549896
       1623.0000       283.99779       101407.08       7136.1897      -2.1285000       2.2747500     -0.34375000       337.84100       2.0362909     0.021268233
       1626.0000       283.96681       101411.82       7108.1068      -3.0832500      0.83850000     -0.65375000       338.37600       1.9534898     0.012351860
       1629.0000       283.92399       101430.69       7094.4564      -2.9427500       1.3495000     0.019000000       337.99100       1.9512962     0.015566687
       1633.0000       283.89198       101438.36       7067.5230      -2.6292500       1.2387500     0.033750000       338.33800       1.9753984     0.011822498
       1636.0000       283.86800       101443.07       7048.1384      -3.2257500      0.34675000     -0.37300000       338.39000       1.9357650     0.010433754
       1639.0000       283.82204       101452.79       7025.2723      -2.3257500       1.0272500     -0.14875000       338.72100       1.8780681     0.014067509
       1643.0000       283.78382       101454.09       6998.4487      -3.4125000       1.7202500     0.023250000       338.23400       1.9111008     0.013734897
       1646.0000       283.76058       101451.88       6979.8484      -3.5012500      0.61200000    -0.066500000       337.87300       1.9320139     0.012612960
       1649.0000       283.76170       101441.55       6959.6306      -3.1197500      0.63675000     -0.40050000       337.79700       1.9669092     0.014053197
       1653.0000       283.74578       101434.85       6945.8744      -3.1035000      0.22475000      0.20250000       337.66200       1.9377017     0.013424988
       1656.0000       283.73383       101428.78       6938.9380      -3.9145000     -0.50675000     -0.33525000       337.81500       2.0126316     0.016165179
       1659.0000       283.70536       101411.53       6920.5038      -3.2612500      0.93900010     -0.88425000       337.71100       1.9405753     0.011312563
       1663.0000       283.69148       101406.10       6923.6995      -2.7625000     -0.34450000     -0.25650000       337.65800       1.8940137     0.010868328
       1666.0000       283.68622       101404.60       6934.2308      -2.3165000    -0.045500000      0.25725000       338.15700       1.9494469     0.013202855
       1669.0000       283.70029       101404.53       6966.2358      -2.5662500      0.65775000     -0.27225000       338.13400       1.9561169     0.010197949
       1673.0000       283.70042       101407.91       6991.5978      -2.7025000      0.41800000     -0.42550000       337.80300       1.8962440     0.010660810
       1676.0000       283.70053       101413.13       7013.2969      -2.2225000       1.5640000      0.16125000       338.89600       1.9687400    0.0098920428
       1679.0000       283.67453       101430.60       7039.0889      -1.7727500       1.7665000     -0.37300000       338.38800       1.8640679     0.011351048
       1683.0000       283.69460       101438.29       7076.7681      -1.2987500      0.38550000    -0.016250000       338.24200       1.8597997     0.017319531
       1686.0000       283.72017       101443.01       7107.4918      -2.8980000       1.5640000     -0.61775000       337.84000       1.9340765    0.0092380995
       1689.0000       283.77739       101452.75       7141.7407      -1.8147500      0.74650000      0.57350000       338.42700       1.8891654    0.0094399222
       1693.0000       283.80976       101454.10       7184.4355      -2.0592500       2.5172500    -0.087750000       338.61400       1.8777025     0.012871244
       1696.0000       283.83378       101451.92       7217.9224      -2.8070000      0.87375000     -0.18000000       338.50100       1.9570510     0.011233586
       1699.0000       283.87755       101441.61       7258.8962      -2.2820000       1.1690000     0.052250000       338.45600       1.8416691     0.020047209
       1703.0000       283.91537       101434.92       7307.3205     -0.78275000       1.0427500      0.35375000       338.73200       1.8704630     0.010545426
       1706.0000       283.93860       101428.87       7343.3211     -0.87375000      0.92950000      0.36175000       338.93500       1.8683906     0.012527723
       1709.0000       283.92423       101410.38       7390.7868     -0.94375000       1.9945000    -0.062250000       338.84800       1.9059155     0.013235075
       1713.0000       283.95048       101406.08       7425.7134      -1.6852500       2.1367500     -0.37325000       338.54200       1.8509732     0.012374378
       1716.0000       283.97563       101406.03       7446.3176      -2.2427500       1.7240000     -0.80900000       338.01400       1.9329120     0.011048666
       1719.0000       284.01999       101410.18       7466.5170      -1.7035000       1.8382500     -0.14100000       338.71000       1.9071548     0.012461033
       1723.0000       284.06018       101414.21       7485.0295      -1.1645000      0.90275000      0.44775000       338.95600       1.8996295     0.011695388
