0.00000000      291.83561       98614.118       14026.546       3.8517500       2.1720000     -0.18850000       343.28400       1.9209584     0.010824967
5.0000131       291.85300       98620.044       13990.389       2.7537500       1.5450000     -0.12700000       343.96900       1.8902404     0.012674605
10.000026       291.86170       98630.303       13944.623       3.3487500       4.0995000     -0.39075000       343.59000       1.8708808     0.010257379
14.999999       291.94551       98635.545       13941.199       2.3182500       3.3445000     0.036250000       343.80000       1.9002832    0.0094506239
20.000012       292.09454       98634.922       13980.901       2.6080000       2.4732500     -0.82300000       344.00500       1.8954351    0.0097818475
25.000025       292.27228       98636.970       14048.655       3.7517500       2.6950000     0.034000000       343.33100       1.9124120    0.0094705136
30.999993       292.57303       98641.548       14159.216       3.0995000       1.7172500      0.24900000       343.42100       1.9157642     0.010636666
36.000006       292.78342       98640.155       14318.641       4.0050000       5.0680000      -1.1155000       342.49100       1.9013053     0.011969524
41.000019       292.81992       98636.400       14396.336       2.5022500       2.9412500      0.24350000       343.62300       1.9276588     0.012786499
45.999992       292.53415       98627.301       14381.706       1.0132500       4.1305000     0.057750000       342.83200       1.8951357     0.010976454
51.000005       292.39423       98620.391       14381.348       1.3470000       2.6447500     -0.58050000       343.67900       1.9130606     0.010782146
56.000018       292.26659       98613.467       14362.552       1.2930000       3.0200000      0.73325000       343.36600       1.9068354    0.0096839586
60.999991       292.04238       98604.088       14290.218       3.0407500       2.4817500       1.3662500       343.71900       1.8940003    0.0089679951
66.000004       292.05571       98600.316       14274.197       1.6920000       3.2205000      0.61550000       344.34200       1.9310952    0.0093106668
71.000017       292.23230       98599.495       14284.168       2.3400000       2.7205000   -0.0090000010       343.37300       1.8970843     0.010919822
75.999990       292.38862       98598.734       14261.944       3.0147500       1.7445000      0.68850000       343.99400       1.8882766     0.012018136
81.000003       292.54853       98599.587       14268.556       1.5942500       2.2132500       1.0252500       344.00800       1.9035345    0.0098998755
86.000016       292.83730       98600.385       14334.668       1.6972500       2.6787500      0.29225000       343.70700       1.9177050     0.010484710
90.999989       292.94408       98604.108       14339.492       2.9662500       4.6567500     -0.48075000       342.39700       1.9275640    0.0096259695
96.000002       292.95003       98613.311       14318.685       3.9617500       2.5835000      0.46800000       343.21200       1.8982231     0.010495253
101.00002       292.93798       98620.268       14310.779       1.9127500       2.5382500       1.0070000       344.44900       1.9323862    0.0091518803
105.99999       292.85219       98627.211       14289.661       4.2502500       3.0832500     -0.65875010       343.15400       1.9151967    0.0091265088
111.00000       292.60379       98636.565       14227.624       4.5900000       1.4885000      0.86575000       344.03800       1.9187344    0.0088018824
116.00001       292.44274       98640.367       14162.156       3.8977500       2.1970000      0.41750000       343.50000       1.8726983     0.010296584
122.00002       292.26957       98641.358       14099.505       3.1977500       2.3190000     -0.30975000       343.29200       1.9465645     0.010043874
127.00000       292.10403       98636.779       13978.100       4.3617500       2.2790000     -0.19925000       343.47500       1.9114110    0.0095564628
132.00001       292.00759       98634.758       13893.182       3.3157500       3.1195000     -0.68075000       342.54200       1.9019838    0.0095744662
137.00002       292.00959       98634.163       13822.777       4.5007500       1.0300000      0.29950000       344.02100       1.8879230     0.010819190
141.99999       291.99096       98630.046       13778.667       4.5730000       1.6377500     -0.45325000       342.64900       1.8829290    0.0087891239
147.00001       292.00038       98625.187       13761.896       2.0407500       1.4867500      0.19550000       343.77300       1.8984743    0.0090733796
152.00002       292.00049       98620.092       13743.579       2.7975000       1.4590000      0.16575000       343.14500       1.9071354    0.0097326174
156.99999       291.98604       98608.839       13745.786       2.2685000       2.5917500      0.13225000       343.83500       1.8661499     0.012085103
162.00001       291.99747       98603.028       13753.681       4.8385000       2.5927500     -0.53950000       342.61500       1.9252758    0.0095947056
167.00002       292.02045       98599.821       13749.047       4.0532500       4.1812500     -0.58175000       342.45100       1.9137593    0.0087553489
171.99999       292.05168       98599.077       13772.541       2.6185000       1.2967500      0.42350000       344.25000       1.9331270    0.0090706181
177.00001       292.15295       98600.935       13855.680       3.1402500       2.5025000     0.014750000       343.15000       1.9030704    0.0089293543
182.00002       292.16850       98605.144       13886.528       2.5175000       3.3695000     -0.54575000       343.02800       1.9325889    0.0099752577
186.99999       292.10833       98614.704       13867.004       1.4770000       3.3440000     -0.74350010       342.84400       1.9379271    0.0093615377
192.00000       292.09849       98621.658       13908.819       3.7515000       2.5112500     -0.73575000       342.88400       1.8942611    0.0094606120
197.00002       292.05270       98631.734       13973.915       1.6295000       1.3352500      0.38050000       343.36200       1.9482965    0.0085561263
201.99999       292.03518       98637.525       14012.655      0.61500000       2.2665000      0.76725010       343.64700       1.9176984    0.0086190276
207.00000       292.07581       98640.618       14106.023       2.0180000       2.1405000      0.34675000       343.07500       1.9296014    0.0092720464
213.00001       292.11220       98641.202       14161.444       1.7345000       2.3010000     -0.61300000       343.19800       1.9304221    0.0088872366
218.00002       292.13856       98636.371       14137.365      0.88300000       3.2135000     -0.38675000       343.37300       1.9364347    0.0090100842
223.00000       292.15868       98634.359       14131.830       1.6630000       3.3535000     -0.24050000       342.94800       1.8882975     0.010151849
228.00001       292.20821       98634.633       14136.549       2.8230000       2.2975000      0.62050000       343.13200       1.9092790    0.0093091932
233.00002       292.21071       98628.886       14119.373       2.1515000       1.5852500      0.13600000       343.36300       1.9288783     0.010466836
238.00000       292.17593       98621.772       14076.931       1.6197500       2.0345000      0.14000000       344.08500       1.9079233    0.0089459894
243.00001       292.14177       98612.926       14043.644       1.9645000       2.1787500     -0.37075000       342.58300       1.9263343    0.0093414300
248.00002       292.05468       98590.451       13989.081       3.1835000       1.2437500      0.14375000       343.29300       1.8892209     0.010528101
253.00000       292.03229       98585.736       13968.158       1.7645000       2.3690000     -0.86725000       342.30100       1.9120450    0.0090012769
258.00001       292.05709       98590.306       13980.828       1.8490000       2.5497500      0.16375000       342.87200       1.8825481     0.010716871
263.00002       292.04743       98595.797       13966.060       1.0177500       2.9765000     -0.23250000       342.56800       1.9256377    0.0090896477
267.99999       292.05692       98615.271       13952.392      0.85725000       2.5805000     -0.28075000       342.66100       1.9050023    0.0088525469
273.00001       292.05301       98625.445       13940.184      0.15550000       1.8850000     0.091500010       342.84500       1.9286932     0.010394622
278.00002       292.00507       98634.458       13895.871      0.73400000      0.66375010    -0.038250000       343.46600       1.8948065    0.0094464023
282.99999       291.98878       98638.364       13887.127      0.97800000       1.6370000   -0.0057500000       344.20600       1.9112584     0.010270762
288.00001       292.00040       98638.786       13907.768      0.49275000       2.7155000      0.49175000       343.66800       1.9154659     0.010454214
293.00002       292.00052       98635.584       13923.725      0.75375000       2.1877500      0.17875000       343.56600       1.9370222     0.010893855
297.99999       292.01306       98623.076       13958.973       1.4695000       3.3600000     -0.84850000       342.47300       1.8988517    0.0099170684
304.00000       291.99507       98616.367       13979.653      0.53950000       2.2107500      0.16375000       343.07200       1.8919334    0.0088946017
309.00001       291.96900       98613.790       13986.783       1.8597500       2.8737500     -0.38650000       342.77900       1.9014979    0.0088157031
313.99999       291.93303       98606.189       14002.273       3.8975000       2.6197500     -0.37775000       342.81900       1.9190415    0.0093101739
319.00000       291.87020       98595.338       14032.845       2.9855000       2.6847500     -0.45325000       342.62900       1.8959023    0.0088695465
324.00001       291.82078       98592.587       14017.433       2.5765000       2.4070000     -0.22100000       342.76000       1.8807094     0.010987790
329.00003       291.73589       98587.537       13972.687       2.3690000       1.6010000    -0.056500000       343.33700       1.8966090    0.0087500673
334.00000       291.73505       98589.119       13954.280       1.3200000       1.2587500      0.46475000       344.16700       1.8952307     0.011253822
339.00001       291.79595       98602.026       13921.231      0.18200000       1.8997500      0.62700000       343.82800       1.9214259    0.0096601750
344.00003       291.80578       98610.069       13881.447       1.8847500       3.0987500     -0.69000010       343.22500       1.9009443    0.0090314622
349.00000       291.85647       98617.649       13852.837       1.5305000       2.1192500      0.21650000       343.77000       2.0704130     0.010479474
354.00001       291.86412       98624.619       13833.596       1.0930000       1.9982500     0.053000000       343.43200       2.1008008    0.0088478078
359.00002       291.80075       98635.458       13781.793       2.5360000       3.2620000     -0.60900000       343.73800       2.0643616     0.010012679
364.00000       291.78716       98638.509       13776.522      0.96525010       1.7897500       1.1765000       344.57400       1.9335980    0.0089905823
369.00001       291.79992       98638.334       13821.976      0.48500000       2.2382500     0.066250000       344.08600       1.9739061     0.011459639
374.00002       291.79986       98634.570       13848.279       2.5222500       3.6375000     -0.64525000       342.65500       3.2438590     0.010907275
379.00000       291.81166       98623.208       13893.090       1.1067500       2.2300000      0.29525000       343.10000       2.1220090    0.0096954652
384.00001       291.79523       98616.132       13902.941       1.6522500       1.7215000      0.18975000       343.73000       2.0283882    0.0096777715
389.00002       291.71403       98606.358       13867.939       2.4317500       2.2165000     -0.17900000       343.45700       2.9979727     0.010144729
394.99999       291.77440       98600.961       13923.402       1.2387500       2.5632500     -0.22950000       343.00700       2.2510418    0.0098239265
400.00000       291.88331       98600.097       13988.167       1.1715000       2.5937500      0.47975000       343.93200       3.3821242     0.010971121
405.00002       291.95168       98598.968       14050.730       1.9482500      0.19825000      0.63025000       343.38600       2.2649066    0.0090599785
409.99999       292.10281       98599.287       14178.507       2.5350000       4.2292500     -0.34975000       343.13500       2.2131654     0.010370627
415.00000       292.16613       98601.098       14249.674      0.83300010       3.8735000     -0.87425010       343.23100       2.3537243     0.010176524
420.00002       292.13610       98602.951       14269.717      0.92550000       2.7982500      0.19800000       343.86100       2.2166827    0.0094754095
424.99999       292.17548       98608.788       14330.110       2.5310000       1.6367500      0.20225000       343.53800       2.4896278     0.010382469
430.00000       292.24882       98619.877       14421.356       1.6270000       2.9400000      0.34725000       343.80600       2.0372729    0.0093352704
435.00001       292.28021       98625.065       14459.384       2.8477500       2.4940000     -0.22850000       343.19300       2.3591610     0.010191331
439.99999       292.31255       98632.667       14494.244      0.92150000       1.2575000      0.54050000       343.50900       2.9390450     0.010957497
445.00000       292.30533       98631.153       14479.800       1.6675000       4.0477500     -0.59950000       342.98300       2.3976456     0.011450787
450.00001       292.25374       98623.630       14403.853       2.2605000       2.1407500     -0.22475000       343.59500       2.2300863     0.010711206
455.00003       292.23383       98614.034       14371.138       1.3267500       3.0307500     -0.50700000       343.52800       2.0280969    0.0089205672
460.00000       292.20605       98595.907       14337.016      0.47000000       1.6995000      0.59650000       344.45200       2.3534554     0.010750176
465.00001       292.17637       98587.656       14280.356       1.4667500       1.9152500     -0.24575000       343.94700       1.9640096    0.0097462573
470.00003       292.17411       98576.552       14234.777       1.9585000       3.5962500     -0.69475000       342.99400       2.2235063    0.0099613819
475.00000       292.11622       98578.886       14161.043      0.73500000       2.2552500     -0.16500000       343.66600       1.9368738    0.0090391412
480.00001       292.02336       98596.693       14044.514      0.67575000      0.82825010      0.77125000       344.10400       1.9265357     0.010859668
486.00002       291.86878       98593.593       13916.344       1.5225000      0.74000000      0.66725000       343.59800       2.5707326     0.010353024
490.99999       291.78495       98595.683       13848.990       2.2082500       2.4950000     -0.70900010       343.13300       2.8792478     0.012085057
496.00001       291.72959       98589.369       13794.564       3.0602500       2.1747500      0.24500000       343.90700       1.9191142    0.0092535669
501.00002       291.68747       98587.946       13770.100       2.5810000       2.5450000     -0.32400000       342.96500       2.0133059    0.0092172238
505.99999       291.66993       98591.454       13777.379       2.5075000       2.6412500     -0.69450000       343.62000       2.3396778     0.011205581
511.00000       291.70091       98607.234       13833.817       1.7960000       2.3807500     0.087750000       343.95000       2.3137361     0.012383643
516.00002       291.70122       98608.872       13877.841      0.85375010       1.0712500      0.55500000       344.57000       2.2926381    0.0095800352
520.99999       291.70652       98606.932       13948.441       1.5305000       1.2330000      0.11575000       343.65800       3.0001223     0.010352519
526.00000       291.66953       98591.234       13944.872       2.6697500       3.1085000     -0.20350000       343.15000       3.5768661     0.013820918
531.00002       291.64926       98587.656       13973.709       3.0415000       1.4940000      0.10800000       343.19100       2.3324448    0.0099398267
535.99999       291.64475       98589.332       14034.121       2.9405000       1.1515000      0.58525000       343.98900       2.9342896    0.0092945267
541.00000       291.60636       98592.868       14039.466       2.6887500      0.78400000      0.92375000       343.88600       2.5988671    0.0099531868
546.00002       291.54002       98611.872       14028.604       2.7735000       1.9712500     0.041250000       343.02400       2.1532497    0.0089875644
550.99999       291.50032       98622.192       14024.279       2.0780000       1.6097500      0.11125000       343.31900       4.0402046     0.011371025
556.00000       291.46062       98628.818       14001.506       1.5237500       2.2597500      0.25850000       343.95600       2.3777499    0.0098351885
561.00001       291.38759       98631.572       13919.130       1.6505000      0.92325000      0.32750000       343.89500       3.2239503     0.011568152
565.99999       291.37030       98633.320       13884.816       2.1467500       1.8172500     0.091000010       344.24100       2.5387169    0.0096484248
572.00000       291.39788       98631.280       13877.710       3.1455000       2.7000000     -0.47350000       343.28600       2.5645068    0.0098689994
577.00001       291.43473       98622.643       13843.885       2.1350000       2.1820000     -0.19575000       343.79000       3.0178758     0.011284011
582.00002       291.45507       98614.338       13830.992       2.3025000       1.6490000    -0.096750010       343.12000       2.5637413     0.010122262
586.99999       291.49059       98593.447       13844.094       3.5695000       1.2562500    -0.017000000       343.28900       2.4589049    0.0093073678
592.00001       291.50919       98586.126       13854.475       2.7297500       1.9027500     0.013500000       343.66700       2.1888001     0.010772050
597.00002       291.50038       98587.557       13871.947       3.1320000       1.5250000      0.84475000       343.75800       2.0980922    0.0092909857
601.99999       291.50049       98589.070       13889.759       3.1162500       2.3597500    -0.060000000       342.53500       2.6513122     0.010343729
607.00001       291.49993       98598.877       13902.996       2.5962500       1.1680000      0.20475000       343.31200       2.1645446    0.0092044446
612.00002       291.49985       98606.953       13931.454       2.3707500       2.0692500    -0.038500000       343.29400       2.8474367     0.010500189
616.99999       291.50006       98616.313       13980.395       3.3897500       2.1507500    0.0010000000       342.88300       2.9334059     0.010866264
622.00001       291.50006       98622.282       14012.534       2.2992500       2.6635000      0.53750000       343.14000       2.7025576    0.0093713568
627.00002       291.51436       98632.639       14082.699       2.6245000       2.4960000      0.10550000       343.13700       2.2793270    0.0090357420
631.99999       291.50312       98632.935       14084.862       2.6055000       1.5600000     -0.43125000       343.15800       2.2134739    0.0091706218
637.00000       291.43745       98623.018       13997.637       3.7440000       1.3287500      0.30450000       343.36400       2.9321194    0.0095178708
642.00002       291.43978       98614.860       13973.513       2.2795000       1.8767500    -0.011500000       343.07100       2.0200462    0.0089361815
646.99999       291.44666       98593.673       13915.463       3.8080000       2.4322500     0.056250000       342.84800       3.1145668    0.0097378892
652.00000       291.49072       98586.313       13912.469       2.2330000       1.4887500      0.56000000       343.33400       4.1849320     0.012027350
657.00002       291.67552       98587.789       14024.911       1.3357500       1.4990000      0.53375000       343.45800       2.5581274    0.0094115149
663.00002       291.73617       98589.935       14062.498       1.8920000       1.8822500      0.21300000       343.10500       2.4245578    0.0091454482
668.00000       291.71268       98600.505       14063.807       3.7540000       1.7032500    -0.014500000       343.20800       2.2012766    0.0090369104
673.00001       291.70525       98608.503       14069.631       2.6160000       2.0285000    -0.020500000       342.79200       2.0321881    0.0095931706
678.00002       291.60948       98620.031       14025.386       2.4032500       1.2262500      0.12225000       343.12200       2.0669706    0.0093725350
683.00000       291.57707       98622.900       14017.762       1.1382500       2.3385000     -0.62925000       343.25100       2.3325316    0.0098172585
688.00001       291.60010       98621.954       14047.786       1.1637500       1.9122500      0.62450000       343.34700       2.6098698     0.010482582
693.00002       291.60005       98621.194       14052.765       3.1950000       2.9335000     -0.43775000       343.26500       2.7212687    0.0097260897
698.00000       291.57421       98615.249       14033.648       1.7795000      0.88050000      0.24575000       343.50300       3.7599729     0.011712626
703.00001       291.60185       98607.819       14052.397       1.5790000       2.2855000      0.10450000       343.42700       2.3407283     0.011582698
708.00002       291.67780       98598.509       14100.026      0.92000000       1.6315000     -0.29650000       343.40400       2.3117863    0.0094511077
713.00000       291.71820       98592.433       14118.391      0.12825000       1.4227500      0.64425000       343.76400       2.6088013    0.0093551664
718.00001       291.77721       98577.781       14143.120      0.57025000       2.1402500      0.40425000       343.77700       2.9886632    0.0095354813
723.00002       291.82272       98577.062       14168.028       2.1082500       4.3890000      0.73475000       342.99700       2.9698004     0.010231134
727.99999       291.83774       98589.131       14174.180       2.1300000       3.2860000     -0.78950010       343.06600       1.9438011    0.0090115679
733.00001       291.85757       98597.821       14177.377       1.9195000       2.9185000     0.061250000       343.09200       3.3588709     0.010408913
738.00002       291.88112       98616.179       14181.379      0.97850010       2.0860000      0.17850000       343.26400       2.3517394    0.0099611145
742.99999       291.91107       98625.080       14201.123       2.8295000       2.8525000     0.043250000       343.01100       3.1122372     0.010101799
748.00001       291.95069       98631.876       14224.530       1.1560000       2.6260000      0.32300000       343.29400       2.5054788     0.010228414
754.00001       291.95667       98631.982       14231.211       2.1600000       2.7595000     -0.44625000       343.15300       2.3512072    0.0097966153
758.99999       291.95686       98625.124       14257.625       1.0805000       2.4815000     -0.33450000       343.51600       2.0097990    0.0099085989
764.00000       291.95081       98616.322       14257.517       1.5925000       2.7190000      0.36525000       343.58600       1.9980500    0.0093030623
769.00001       291.92317       98597.664       14234.648      0.33325000       2.4682500      0.39075000       343.28100       2.0347819    0.0085312635
774.00003       291.87737       98588.928       14189.604       2.0300000       3.2492500     -0.34625000       342.56000       3.1838892     0.010941451
779.00000       291.80587       98577.003       14115.461       1.0255000       2.8592500      0.56325000       343.20000       2.1720160    0.0099874591
784.00001       291.78199       98577.881       14075.314       1.2775000       1.9060000    -0.013750000       343.24600       2.5630506    0.0092068561
789.00003       291.76554       98590.604       14028.279       1.0500000       2.1917500    -0.088000010       343.16900       2.1291059     0.010190716
794.00000       291.72486       98599.875       13974.241     0.086750000       1.8947500      0.65750000       343.59100       2.9772832     0.010427018
799.00001       291.70285       98618.691       13927.332      0.81725000       3.1535000     -0.59200000       343.23600       2.0804233    0.0096919801
804.00002       291.69285       98626.855       13911.665      0.58375000       1.1155000      0.87425010       343.73200       2.0124757    0.0089551117
809.00000       291.65498       98630.394       13892.487      0.82575010       1.7970000      0.35225000       343.56500       5.2026810     0.014014026
814.00001       291.63161       98633.155       13879.471       1.9930000       2.4042500     -0.16425000       343.29600       1.9849996    0.0090128232
819.00002       291.65693       98633.654       13908.137      0.53975000       2.4022500      0.12425000       343.52700       3.3186058     0.011495747
824.00000       291.65069       98628.867       13924.988      0.64875000       2.8647500      0.18025000       343.27700       3.3690928     0.010642369
829.00001       291.61235       98620.279       13924.787       3.1285000       2.0670000     -0.98525010       343.50000       2.8549226     0.010018398
834.00002       291.58221       98610.923       13927.543       1.7382500       1.7067500      0.14025000       343.72400       4.5100982     0.012551847
839.00000       291.54700       98590.060       13941.281       1.2470000       3.2907500      0.21875000       342.77500       2.2874453     0.010710282
845.00000       291.54403       98584.912       13972.750       3.0230000       2.4255000     -0.46125000       342.99200       2.1751936     0.010983748
850.00002       291.54364       98586.211       13992.521       2.4875000       3.0425000     -0.57175000       343.22400       2.9740048    0.0097040119
854.99999       291.55240       98593.483       14013.156       2.6997500       1.5840000     -0.58625000       343.15900       2.0113889     0.010304027
860.00000       291.58504       98614.684       14046.745      0.16675000       1.9630000     -0.38750000       343.25400       2.1885969    0.0090062566
865.00002       291.63317       98622.834       14097.685       2.1765000       1.5890000     -0.39450000       343.28900       2.0196405    0.0091904386
869.99999       291.69020       98633.175       14153.131       3.0592500       2.3947500      0.28625000       343.65600       1.9404376    0.0099852672
875.00000       291.73039       98632.663       14185.388       2.0155000       2.6690000      0.24000000       342.94100       2.7407991    0.0098465856
880.00001       291.77996       98620.858       14229.723       2.2102500       2.5747500     -0.49425000       343.27700       3.1541773     0.011425850
884.99999       291.85963       98616.769       14283.208       1.8887500       2.3630000      0.86275010       343.60300       3.0223797     0.010664378
890.00000       291.97659       98612.310       14353.295       1.7597500       2.8475000     0.080250000       342.86500       3.2598031     0.010637689
895.00001       291.96194       98604.454       14305.461       1.4507500       1.9112500      0.34675000       343.30500       1.9830563    0.0086004945
899.99999       291.92501       98596.435       14234.329       3.2312500       2.5447500     -0.20125000       342.84400       2.5967004    0.0098783320
905.00000       291.87906       98590.462       14143.122       3.1927500       3.0555000     -0.31350000       343.17200       2.4939682     0.010175124
910.00001       291.68887       98577.566       13913.873       1.6700000       1.8865000   -0.0022500000       343.40600       2.7598623     0.010132112
915.00003       291.64379       98577.798       13817.090       2.2530000       3.3627500     0.095000010       342.65200       2.2701914    0.0094708314
920.00000       291.69040       98586.295       13790.585       1.3075000       2.5417500     -0.21625000       343.01500       1.9185611     0.010339410
925.00001       291.70919       98595.915       13747.192       1.3705000       2.8192500      0.72625010       343.61300       2.0244715    0.0096839666
930.00003       291.75480       98614.692       13724.771       1.2300000       2.3682500      0.64575000       343.62200       1.8934272    0.0095684831
935.99999       291.72485       98628.686       13628.657       1.9307500       2.1617500    -0.091000010       343.42000       1.9340993    0.0098626417
941.00001       291.74330       98633.437       13616.557       1.3360000       1.6595000     0.057000000       343.45700       2.0299653    0.0093443672
946.00002       291.77485       98628.727       13657.514       1.5865000       1.1607500     -0.15475000       343.94800       3.0142340     0.010738141
950.99999       291.79323       98622.093       13680.253       1.2950000       1.8640000     0.067250010       343.72000       4.9254499     0.013914599
956.00000       291.82385       98611.751       13722.471       1.5205000       2.5842500      0.54450010       343.68300       2.7379465     0.010806856
961.00002       291.89288       98594.331       13818.389       1.6720000      0.86425010      0.28075000       343.77000       2.2975785     0.010750825
965.99999       291.97465       98586.570       13921.265       1.1485000       1.9157500      0.13100000       343.80800       3.1645181     0.013958255
971.00000       292.05054       98577.365       14013.165       1.5262500       2.4687500     -0.65425000       343.74900       2.4591421     0.010465994
976.00002       292.12629       98582.126       14138.889       2.9340000       1.6942500     -0.11825000       343.08000       1.9547067    0.0091071035
980.99999       292.20794       98588.809       14262.200       1.9810000       2.3415000     0.041750000       343.39200       2.2988457    0.0092161030
986.00000       292.26019       98606.404       14384.557       1.6152500       2.7700000     -0.19100000       343.28600       4.0152624     0.015213284
991.00002       292.29964       98616.500       14455.460       2.1550000       2.0372500      0.30500000       343.56000       2.9515083     0.010705385
995.99999       292.37014       98628.804       14549.439       1.7945000       3.1247500     -0.12500000       343.04000       2.9952769     0.010788414
1001.0000       292.41230       98633.378       14575.304       1.6845000       4.1437500     -0.19950000       342.72000       3.8617743     0.011050682
1006.0000       292.42977       98631.786       14542.030       1.4547500       3.9532500     -0.24350000       343.06600       2.5443792    0.0092459295
1011.0000       292.39344       98622.510       14404.517       2.3452500       2.7955000     -0.66450010       342.92800       4.6240681     0.012985020
1016.0000       292.41488       98612.022       14357.041       1.9072500       3.3505000     -0.27050000       342.77200       4.8127250     0.012789707
1021.0000       292.45625       98594.049       14300.769      0.86550000       1.6465000      0.26725000       343.43500       1.9713335    0.0092579632
1027.0000       292.45538       98579.088       14271.003      0.97400000       2.0675000     -0.12500000       342.83100       2.1478843     0.011220028
1032.0000       292.45398       98576.732       14232.523       1.6930000       1.3057500      0.26475000       343.44500       1.9816491     0.010398742
1037.0000       292.39516       98587.682       14132.271      0.31600000       1.8990000      0.54375000       343.70600       2.3158093     0.011020949
1042.0000       292.38770       98595.898       14099.914      0.35875000       2.7980000      0.19125000       343.48000       2.1822523    0.0097933489
1047.0000       292.43297       98616.987       14119.319       3.0402500       2.2797500   -0.0087500000       343.46300       2.0949861    0.0088926771
1052.0000       292.45285       98624.275       14120.631       2.4842500       2.7052500      0.18100000       343.12100       2.6519855     0.011691479
1057.0000       292.50400       98625.625       14167.860       2.7075000       3.0852500     0.013500000       343.65500       2.4630101     0.010524411
1062.0000       292.51153       98621.953       14180.214       2.4372500       3.7120000     -0.37050000       342.88500       2.2079902    0.0099687245
1067.0000       292.45172       98603.118       14129.778       1.7315000       2.1117500    -0.024250000       343.43300       1.9471408    0.0089550462
1072.0000       292.44300       98592.143       14133.810      0.93400000       1.0375000      0.87850000       343.71500       1.9317204     0.010806364
1077.0000       292.42961       98571.232       14161.113       1.7375000       2.5962500     -0.36700000       342.76600       2.2209885    0.0095019622
1082.0000       292.44228       98570.479       14190.461      0.67975000       3.1190000     -0.76650010       342.93400       1.9894664    0.0094443185
1087.0000       292.53863       98598.829       14312.369     0.092250000       2.4310000      0.29750000       343.05100       2.6705849     0.010070087
1092.0000       292.56620       98603.373       14324.528       2.4127500       1.9255000     -0.18775000       342.95300       2.1229953     0.011094323
1097.0000       292.57165       98600.461       14264.322      0.96950010       1.5862500      0.31850000       343.34700       2.3518929     0.010000354
1102.0000       292.55898       98607.309       14208.966      0.24575000       1.1215000      0.22175000       343.45800       2.5252515    0.0099265314
1107.0000       292.47645       98605.153       14062.669       1.5775000       2.0680000     -0.75175010       343.18400       4.5258813     0.014143172
1112.0000       292.43746       98603.480       13973.055       2.9007500       3.1812500     -0.79600010       342.95000       2.1105655    0.0094465688
1118.0000       292.41788       98623.946       13923.256       3.3125000       2.7255000     -0.47850000       343.20200       2.3291007     0.010018590
1123.0000       292.38791       98624.100       13857.897       1.8802500       2.9112500      0.60125010       343.34700       3.0060544     0.010862794
1128.0000       292.37503       98599.953       13780.899       2.5910000       1.9402500      0.46450000       343.39000       2.6613632    0.0098500053
1133.0000       292.34169       98590.826       13726.179       1.8425000       1.9272500      0.50250000       343.44800       1.9867597     0.010509755
1138.0000       292.26815       98579.178       13650.891       1.2907500       2.3055000      0.22575000       343.60300       4.2286162     0.012510567
1143.0000       292.23229       98577.215       13621.129      0.73175000       2.8557500      0.35875000       343.66800       2.4096601     0.010183956
1148.0000       292.19273       98584.063       13627.861      0.69775000       2.5877500     -0.68800000       343.39000       2.4177145    0.0098241067
1153.0000       292.19040       98592.265       13644.619       2.3620000       3.8840000     -0.60700010       343.23300       2.0530660     0.010160948
1158.0000       292.23882       98613.449       13704.204       2.5097500       2.6765000      0.17400000       343.86900       2.1065930    0.0095008316
1163.0000       292.25894       98619.975       13732.934       2.7465000       2.3062500      0.38925000       343.33900       2.2025544    0.0096351340
1168.0000       292.28242       98622.561       13755.961       1.0665000       3.7360000      0.71450000       343.62700       2.8986497     0.012077747
1173.0000       292.31212       98622.031       13785.591       1.2912500       1.9505000     -0.22900000       343.60600       2.5320812     0.010958269
1178.0000       292.33773       98611.381       13803.781       2.8200000       3.7815000    -0.031000000       342.88800       3.0055968     0.011149824
1183.0000       292.35753       98602.046       13825.530       1.4917500       3.2155000      -1.4220000       343.26900       2.1114732     0.011556236
1188.0000       292.39485       98585.643       13859.611      0.47250000       3.5107500     -0.41325000       343.34100       4.7098791     0.014182953
1193.0000       292.41092       98582.167       13888.537       2.6150000       1.1595000      0.36250000       343.66500       5.4991109     0.014844155
1198.0000       292.41291       98579.536       13922.592       3.0982500       2.8230000     -0.34000000       343.50300       3.0345587     0.011616104
1204.0000       292.39497       98586.798       13931.046       3.0167500       2.9695000     -0.63850000       343.09200       2.0742087    0.0098617973
1209.0000       292.32355       98615.041       13906.417       3.4990000       3.0642500      0.14275000       342.91700       3.3436368     0.010503400
1214.0000       292.35172       98621.970       13929.658       1.7432500       1.9552500     -0.36350000       343.25900       2.3129229     0.010273588
1219.0000       292.43828       98622.842       13972.970       2.9552500       3.1352500      0.47275000       343.27100       2.1015336    0.0096184507
1224.0000       292.46803       98621.365       13980.330       1.1790000       2.4240000    -0.032000000       343.13400       3.1293931     0.012198131
1229.0000       292.55786       98609.989       14014.695       1.9995000       2.4705000      -1.4987500       343.19900       2.6676705    0.0095421002
1234.0000       292.57891       98600.418       14017.206       2.0287500       2.4725000      0.14325000       343.13900       3.6051934     0.010481039
1239.0000       292.51187       98586.671       13978.640      0.15725000       2.0685000      0.89875010       343.20300       2.6654674     0.012279655
1244.0000       292.48165       98580.962       13926.521       2.4780000       2.1350000     -0.19700000       343.33800       2.2794899    0.0096679296
1249.0000       292.45704       98572.511       13864.528      0.51725000       2.5667500     -0.59100000       343.18300       2.7336363     0.010339429
1254.0000       292.43692       98573.616       13807.373       2.5637500       2.7160000     -0.63750000       342.96600       3.2037304     0.012286007
1259.0000       292.43407       98587.709       13728.355       2.4285000       3.1607500     0.059750000       343.24500       2.4509158    0.0095825745
1264.0000       292.37183       98594.702       13637.070       2.3062500       2.3727500    -0.020750000       343.30600       2.7527626     0.010995489
1269.0000       292.27418       98605.689       13532.882       3.6000000       2.7955000     -0.29875000       342.93400       2.3052536    0.0097306243
1274.0000       292.21458       98608.918       13471.176       1.4825000       1.9175000      0.31525000       343.32400       2.1374176    0.0092130912
1279.0000       292.10275       98608.628       13390.201       2.1660000       1.2037500      0.57025000       343.56000       2.8717263     0.010867540
1284.0000       292.06191       98604.784       13350.171      0.63625000       1.0040000      0.66400000       344.31700       2.2273830    0.0094855458
1289.0000       292.08879       98592.050       13371.667       2.1390000       1.5417500      0.30675000       343.17100       3.6984342     0.011514759
1295.0000       292.10993       98585.752       13378.089       2.5022500       1.1265000     0.055750000       343.52200       2.3673373     0.011822079
1300.0000       292.13809       98577.007       13372.463       2.0737500      0.52875000     0.042250000       344.11800       2.6244346    0.0099735499
1305.0000       292.17687       98580.314       13399.288       3.7737500     0.084250000    -0.074500000       343.55600       2.6525534     0.010246652
1310.0000       292.24020       98594.151       13451.726       3.1577500       1.6445000     -0.14450000       343.02000       2.5203055     0.010591667
1315.0000       292.28985       98600.090       13508.053       2.6447500       1.0980000     -0.11175000       343.56600       2.7913982     0.011248443
1320.0000       292.34780       98612.003       13575.312       2.5860000      0.67225000       1.3632500       344.13700       3.8081052     0.011040047
1325.0000       292.37885       98613.383       13653.793       2.2582500       1.6992500      0.57025000       344.36200       2.8459034     0.010296090
1330.0000       292.38591       98608.448       13750.918       3.2630000       1.3437500      0.31625000       343.44100       2.1905968     0.010220798
1335.0000       292.43531       98600.809       13840.308       1.9807500       1.8602500      0.18275000       344.20200       2.4631776     0.011652319
1340.0000       292.48512       98584.915       13954.429       1.5627500       2.4222500      0.20175000       343.91000       2.5207499     0.010880325
1345.0000       292.54405       98579.641       14010.900       2.7182500       2.5050000      0.10425000       343.67900       1.9448639     0.010440254
1350.0000       292.63510       98571.290       14034.766       2.5015000       2.6750000     -0.14175000       343.31400       2.0296165    0.0092908756
1355.0000       292.71461       98575.571       14076.963       3.3140000       2.5892500     -0.58875000       342.90600       2.6967472     0.010506130
1360.0000       292.84016       98594.641       14133.407       4.0137500       2.6422500     0.071250010       342.94900       9.5811249     0.063974590
1365.0000       292.79880       98601.801       14075.355       3.7655000       2.5722500      0.24250000       343.54000       2.0278543    0.0086567379
1370.0000       292.67103       98611.326       13959.200       1.9847500       1.7840000     -0.34925000       343.68100       2.1496495     0.010623745
1375.0000       292.61131       98614.759       13896.542       1.2132500      0.67475000      0.89475010       344.15900       2.1311190    0.0092414274
1380.0000       292.42441       98613.687       13744.011       1.4700000      0.73400000      0.23500000       344.16100       2.5009284     0.010998428
1386.0000       292.50055       98596.631       13755.314       1.5077500       2.3290000      0.20050000       343.16200       2.1355042     0.011905716
1391.0000       292.55084       98589.396       13762.428      0.98725000      0.73900000       1.0502500       344.53700       2.9789039     0.011272077
1396.0000       292.61518       98576.242       13759.380       3.1850000       2.2267500     0.047500000       343.49100       2.3406382    0.0096536328
1401.0000       292.65592       98571.566       13754.136       1.2660000       2.5640000    -0.081750010       343.82500       3.4682998     0.010453142
1406.0000       292.68437       98574.265       13751.644       1.3880000       1.4420000      0.21375000       343.65200       2.0881824     0.010232573
1411.0000       292.69996       98590.122       13758.770       2.4165000       2.4637500     -0.22850000       343.52200       3.1690404     0.010336023
1416.0000       292.73009       98597.183       13775.038       3.3482500      0.98625000      0.41950000       343.88100       2.4167928    0.0099395350
1421.0000       292.76176       98607.041       13795.354       1.7110000       1.7000000     0.097500000       343.30900       2.0328257    0.0099656482
1426.0000       292.75376       98610.097       13794.341       2.2545000    -0.098000000      0.28825000       344.43300       2.3745662    0.0092387965
1431.0000       292.71767       98607.602       13790.079       2.6160000     -0.46775000      0.94525000       344.16400       2.0600974    0.0094350116
1436.0000       292.59832       98591.289       13761.470       2.8355000      0.78600000      0.38350000       343.97600       2.5980511    0.0099987933
1441.0000       292.49902       98584.144       13721.184       4.4885000       2.0640000     -0.55675000       343.66600       3.3766332     0.011150301
1446.0000       292.37026       98573.283       13664.083       3.1177500      0.81800000      0.20775000       344.27500       2.9523621     0.010672693
1451.0000       292.28836       98571.522       13627.673       4.1855000       2.5842500     -0.98675010       343.27800       3.6064948     0.011086717
1456.0000       292.23104       98577.165       13594.349       4.4247500       2.4227500     -0.56750010       343.10000       2.5510710    0.0093978593
1461.0000       292.18774       98596.223       13548.437       2.7417500       1.2847500      0.78375010       344.11500       3.8510994     0.010475076
1466.0000       292.17057       98600.992       13515.338       3.1812500       1.9555000    -0.099500010       342.68600       2.9812379     0.010113686
1471.0000       292.19902       98608.283       13501.630       1.1320000       2.3790000     -0.26625000       342.65500       3.8163288     0.011794000
1477.0000       292.21397       98595.829       13481.873       1.8930000       2.1605000      0.27475000       343.25200       2.4255246    0.0091367191
1482.0000       292.20290       98588.809       13465.638      0.80125000       2.6662500    -0.043750000       343.30700       2.8687071     0.010452039
1487.0000       292.10877       98574.451       13434.305      0.63925000       2.6255000      0.46450000       343.35500       3.3935039     0.010943814
1492.0000       292.13358       98572.052       13458.825       2.3805000       1.5607500     -0.36250000       342.99800       4.8537549     0.013894020
1497.0000       292.24273       98579.680       13539.024      0.78850000       1.3860000      0.54675000       343.77100       4.5510857     0.012272499
1502.0000       292.30414       98584.918       13575.748       2.4507500       1.2685000     -0.42850000       343.36700       4.5318656     0.011496923
1507.0000       292.47386       98600.639       13614.899       2.1230000    -0.049000000      0.31375000       343.66700       2.5346884     0.011352826
1512.0000       292.53793       98608.320       13682.075       1.9660000       1.5860000      0.12050000       344.13600       2.3393749    0.0097808348
1517.0000       292.49316       98613.480       13754.973       1.8300000       1.1350000    -0.077250000       344.24600       2.5048730    0.0098093654
1522.0000       292.45049       98612.016       13787.830       3.3200000       1.4562500      0.90100000       344.42700       1.9647949    0.0092622109
1527.0000       292.32659       98601.522       13842.565       2.5147500       2.7407500     -0.56125000       343.44000       3.0239043     0.010139660
1532.0000       292.27960       98594.432       13875.044       2.6520000       2.2545000     -0.20675000       343.62300       2.7339050    0.0093331578
1537.0000       292.29621       98575.671       13878.681       3.3172500       1.1960000     -0.32825000       343.61300       2.7565943     0.010102034
1542.0000       292.24535       98571.463       13830.817       1.3255000       1.7972500     0.080250000       343.99100       2.5297397     0.010271400
1547.0000       292.19064       98579.649       13737.412       2.0755000       1.9505000      0.34975000       344.09000       4.8900615     0.013205585
1552.0000       292.14918       98584.866       13675.790      0.12200000       2.9520000      0.61725000       344.55700       2.3264423    0.0096419991
1557.0000       292.04494       98601.898       13566.853       1.0515000       1.9800000    -0.055500000       344.13400       2.4230973     0.010973316
1562.0000       291.97679       98608.409       13479.855       1.5877500       1.6500000    -0.045500000       343.83200       1.9064504     0.010419455
1568.0000       291.96124       98609.718       13419.677      0.28875000       1.6110000     -0.21750000       344.24700       2.8612749     0.011089873
1573.0000       291.94116       98605.251       13387.442       2.0527500       3.6557500     -0.42625000       343.15900       2.1543341     0.011155815
1578.0000       291.90548       98588.197       13343.372       1.8735000       3.2392500     -0.62325000       343.24400       3.3831155     0.010834647
1583.0000       291.88956       98582.010       13328.264       1.5507500       1.9050000      0.32225000       343.57100       2.0893027     0.010603806
1588.0000       291.85998       98571.496       13348.811       2.2835000       2.8120000     -0.35525000       343.32700       2.5564075     0.012250797
1593.0000       291.90185       98572.895       13386.424       2.3127500       1.8427500      0.13300000       343.44200       1.9568273     0.011752225
1598.0000       292.01436       98591.240       13451.738       1.6692500       2.4352500     0.010000000       343.76000       3.8030654     0.012148034
1603.0000       292.07466       98598.943       13498.492       3.2470000       2.4412500     -0.43550000       343.28800       2.2173993     0.010942453
1608.0000       292.17331       98612.813       13558.414       3.3632500       3.4927500     -0.54075000       343.22500       2.7525585     0.010736481
1613.0000       292.23619       98613.676       13622.844       3.1082500       2.2262500      0.25050000       343.15700       2.0874228    0.0091834987
1618.0000       292.26380       98600.007       13696.047       1.7010000       1.9717500     0.037750000       343.80800       3.0050656     0.011278600
1623.0000       292.25608       98592.650       13728.764       1.9355000       2.8342500     -0.98875000       343.37700       2.6336912     0.011050383
1628.0000       292.20611       98574.024       13750.871       2.7840000       2.3595000     -0.35850000       343.51100       3.2478389     0.012196352
1633.0000       292.19611       98571.191       13775.715       3.7332500       2.6402500     -0.51475000       343.25700       3.0111138     0.010384102
1638.0000       292.17443       98580.483       13794.881       1.7685000       1.5042500      0.35775000       343.75900       2.7684598     0.010181286
1643.0000       292.13450       98586.223       13758.217       3.5875000       2.8187500     -0.46000000       342.97900       1.9123729    0.0093558419
1648.0000       292.09300       98603.784       13687.077       3.2597500       2.1310000     -0.16850000       343.22400       2.6346481    0.0093197906
1653.0000       292.09695       98609.413       13644.732       2.6260000       2.6410000    0.0047500000       343.04300       2.6706784    0.0097576892
1659.0000       292.08700       98609.442       13532.561       1.8572500       1.9487500     -0.25325000       342.90200       2.2841842    0.0098791701
1664.0000       292.09938       98604.029       13481.262       1.8785000       1.2017500     -0.26325000       343.24100       1.8612957    0.0094822511
1669.0000       292.18741       98586.643       13496.923       2.6530000       1.5887500      0.25700000       343.55500       3.6413178     0.010728050
1674.0000       292.23079       98580.973       13472.278       2.4340000       1.9142500     0.040500000       343.00700       1.9353712     0.010903603
1679.0000       292.24093       98575.798       13415.180       1.8290000      0.83250000     0.072750000       343.85500       3.2625406    0.0098139267
1684.0000       292.26094       98572.101       13396.123       2.5482500       3.2370000     -0.17975000       343.10200       2.4475068     0.010703485
1689.0000       292.26640       98575.963       13373.741       3.0817500       1.1510000     -0.43150000       343.46400       2.9618658     0.011602860
1694.0000       292.32975       98575.384       13405.290       4.9032500       2.7077500      0.22775000       343.06700       3.3232548     0.010693158
1699.0000       292.43899       98570.429       13481.979       2.6130000       5.0005000     -0.13400000       343.63300       3.2700499     0.011169117
1704.0000       292.48277       98569.086       13551.147       1.6910000       4.1955000     -0.30125000       343.00500       2.1787928    0.0091469792
1709.0000       292.53389       98570.381       13651.240       1.1312500       3.4832500     0.095750000       343.28700       2.6651663     0.010379139
1714.0000       292.58701       98570.396       13752.658       1.3165000       1.9965000    0.0057500000       344.12700       2.5168483     0.010356242
1719.0000       292.59580       98566.897       13888.968       2.7265000       3.7712500      0.19575000       343.59500       1.9992272    0.0092530081
1724.0000       292.60564       98571.712       13948.027       1.9905000       3.2850000     -0.24425000       343.57900       2.0198089    0.0087679516
1729.0000       292.65707       98581.378       14007.958       5.1310000       1.1567500      0.22625000       343.62200       2.4869937     0.010616807
1734.0000       292.66414       98589.039       14010.507       2.4452500       1.3537500      0.13575000       343.92400       2.3259523     0.010132965
1739.0000       292.59023       98605.308       13906.235       2.5372500       1.6965000      0.68750010       344.13900       2.0248615    0.0097885940
1744.0000       292.59267       98609.943       13873.448       2.7930000      0.38075000      0.70700000       344.45100       3.5376150     0.011772363
1750.0000       292.66498       98608.761       13854.499       1.5195000      0.10700000       1.3402500       344.65500       2.3501956    0.0093249378
1755.0000       292.64780       98602.342       13819.513       2.5795000      0.19625000    -0.097500000       344.23300       3.4848491     0.010381604
1760.0000       292.61964       98583.554       13802.936       2.1322500       1.1945000     -0.23150000       344.37000       2.5078216     0.010496751
1765.0000       292.57254       98582.072       13743.546       2.4790000      0.31025000    -0.027750000       344.44100       2.9846596     0.011227155
1770.0000       292.42975       98581.969       13619.791       4.0092500       2.1887500      0.13650000       343.13500       3.0950546     0.010823357
1775.0000       292.42553       98586.603       13597.401       3.6027500       1.6767500     -0.85150000       343.27400       3.6187974     0.011551198
1780.0000       292.48105       98606.681       13586.302       3.3405000       1.6710000      0.94975010       344.73700       3.0900231     0.011151102
1785.0000       292.52905       98610.282       13625.019       5.0472500       1.8632500      0.20500000       343.31800       2.7595496     0.010172520
1790.0000       292.64535       98608.759       13753.807       3.6492500       2.0470000     -0.49325000       343.78200       4.0849565     0.011925004
1795.0000       292.70684       98602.379       13824.095       2.8792500       1.1365000      0.25450000       345.10000       2.1504659    0.0091245479
1800.0000       292.75845       98585.266       13892.704       3.5902500       2.2315000     -0.80400000       345.05500       3.1484967     0.011121826
1805.0000       292.77075       98580.064       13952.449       2.8257500       2.0542500      0.17875000       344.89300       2.5275742     0.010269879
1810.0000       292.78450       98571.164       14020.223       3.0577500       3.6032500    -0.029250000       343.43700       3.0285136     0.013445411
1815.0000       292.72053       98575.279       14029.942       4.0110000       3.9030000      0.72950010       343.63600       2.4970728     0.010406604
1820.0000       292.58089       98594.898       14016.896       4.3170000       2.5385000      0.38075000       342.99000       3.2070513     0.010490956
1825.0000       292.47143       98600.140       13977.688       4.4790000       2.2327500    -0.057500000       343.24000       2.2926972     0.010336921
1830.0000       292.29219       98609.123       13869.644       2.9152500      0.23950000      0.80525000       343.91200       4.3958745     0.011341135
1836.0000       292.23105       98592.644       13824.048       1.8430000       1.5682500      0.75950000       343.67000       2.9852343     0.010121902
1841.0000       292.22525       98584.426       13795.719       1.8970000       1.6242500      0.66250000       343.66800       2.3808367    0.0088368469
1846.0000       292.33050       98570.343       13801.165       3.2445000       1.8987500      0.11550000       343.67100       2.6691219    0.0098734670
1851.0000       292.39996       98566.675       13797.740       2.7957500       1.3945000     -0.11275000       344.00500       2.4669073    0.0099321304
1856.0000       292.46949       98570.381       13792.988       2.7222500       2.6212500     -0.55400000       344.76900       2.3287271    0.0097681816
1861.0000       292.57514       98584.674       13787.053       2.5390000       2.4552500     -0.29050000       343.18100       2.0713478    0.0099352357
1866.0000       292.56939       98593.000       13776.239       2.4802500       3.4427500     -0.25950000       343.81800       2.8460622     0.011956911
1871.0000       292.50551       98609.318       13758.573       1.5997500       2.3825000     0.063750010       344.08500       2.4704566     0.010231296
1876.0000       292.42969       98596.475       13762.934       3.2262500       3.2742500     -0.46525000       342.97000       2.8140404    0.0096982695
1881.0000       292.38671       98590.482       13767.859       3.0302500       2.2177500      0.15975000       343.53600       1.9800126    0.0088734797
1886.0000       292.41492       98571.586       13796.418      0.75625000       1.6722500      0.59725000       344.16500       3.2583998     0.011678917
1891.0000       292.40600       98565.868       13812.051       3.6990000       4.3815000     -0.32300000       343.72000       2.6724572     0.011464434
1896.0000       292.40013       98579.402       13840.299       2.3560000       3.5210000     -0.14450000       343.56100       2.5381270     0.010601476
1901.0000       292.36303       98585.387       13832.390       3.8617500       2.0662500     0.095250000       343.68200       2.0697113     0.010606932
1906.0000       292.30129       98591.373       13802.922       3.0192500       1.9712500      0.37825000       343.88700       3.3488791     0.011069091
1911.0000       292.19593       98603.758       13750.615       3.9712500       1.2715000      0.13250000       343.68500       1.8816372    0.0094101086
1916.0000       292.14675       98602.177       13710.835       3.4147500       1.8325000     0.085250010       343.05700       5.9761473     0.013292513
1921.0000       292.08837       98590.976       13640.621       3.2575000      0.31325000    -0.065000010       343.78600       2.3945859     0.011387957
1927.0000       292.11406       98574.555       13648.547       2.1565000      0.74025010      0.34775000       344.74300       1.9465746    0.0094484529
1932.0000       292.10302       98572.057       13628.148       2.9830000      0.31425000       1.1647500       344.54900       4.1874715     0.010846953
1937.0000       292.06609       98581.606       13587.534       4.4947500     -0.47175000     -0.41825000       343.61800       3.0104310    0.0098054665
1942.0000       292.04630       98585.744       13567.970       4.0352500      0.54975000    -0.044750000       343.67100       2.9520956     0.010721710
1947.0000       292.00994       98600.544       13528.026       4.8352500       1.0325000     -0.74500010       343.69700       2.5914095    0.0095488651
1952.0000       291.99146       98603.947       13517.223       5.5352500      -1.0487500      0.10650000       343.19600       2.2346988    0.0083799680
1957.0000       291.98617       98594.936       13531.654       3.7400000      0.59575000    0.0062500000       343.56600       2.5349012    0.0094216160
1962.0000       291.99769       98589.809       13563.389       4.3075000     -0.58625000      0.51075000       344.01300       2.5581918    0.0090857069
1967.0000       292.03474       98577.326       13630.622       2.6292500       1.1537500      0.28200000       344.09100       2.7687603    0.0098270550
1972.0000       292.05496       98572.654       13676.229       3.6087500      0.72575000       1.1097500       343.46000       2.8999782     0.011256779
1977.0000       292.11931       98570.431       13753.363       3.7402500      0.92025010     -0.30450000       342.96000       3.7099363     0.011440343
1982.0000       292.11545       98573.984       13784.150       3.1772500       2.3950000      0.33425000       343.33300       3.0534635    0.0096497218
1987.0000       292.06058       98593.826       13785.769       4.7147500       2.3262500      0.12725000       343.32100       2.7287371    0.0096571718
1992.0000       291.99868       98598.332       13762.174       2.2695000       1.1655000     0.039250000       343.94000       2.5868214    0.0097341257
1997.0000       291.83912       98602.067       13663.333       2.8347500      0.21175000      0.49900000       344.00100       2.4581100     0.011078211
2002.0000       291.77331       98598.367       13625.298       3.6117500       1.8495000    -0.018000000       343.50700       2.7982927    0.0095954460
2007.0000       291.75437       98569.074       13610.416       3.7112500      0.79575000      0.47950000       343.56000       2.8325508     0.010241666
2012.0000       291.73652       98560.832       13579.034       2.9585000       2.0825000     -0.40525000       343.46500       3.2009745     0.010250160
2018.0000       291.78189       98560.706       13568.494       3.2582500       2.4135000     -0.93400000       343.20200       3.2541477     0.011016202
2023.0000       291.81190       98564.489       13561.469       2.1570000      0.45650000    -0.053750000       343.78300       4.0208234     0.010786454
2028.0000       291.83789       98589.233       13528.296       2.1975000      0.76325010     -0.16300000       343.92000       2.8996817     0.010330537
2033.0000       291.85773       98595.380       13514.369       3.5047500       1.2345000     -0.78225000       343.43500       2.4368261    0.0089409560
2038.0000       291.89519       98593.313       13531.407       3.6450000       1.3465000      0.14850000       343.44200       2.4899501     0.010734897
2043.0000       291.91131       98591.147       13536.914       4.3805000       1.4380000     -0.41800000       342.73200       2.5216397     0.010061289
2048.0000       291.89941       98573.676       13522.749       4.9702500       2.2897500     -0.74100010       343.13000       2.7128456     0.010532917
2053.0000       291.89913       98572.594       13536.059       2.6675000       1.8137500      0.62700000       343.65600       3.2906544     0.011450536
2058.0000       291.92609       98581.051       13582.536       3.4745000       2.7417500     0.021250000       343.47100       3.6358275     0.010323225
2063.0000       291.89895       98586.796       13601.797       2.7425000     -0.12125000      0.60200010       343.71800       2.6094188     0.011412611
2068.0000       291.83649       98606.543       13631.284       1.9287500      0.28050000      0.26925000       343.91600       1.9563321    0.0097627966
2073.0000       291.78288       98609.176       13633.133       5.1030000      0.53800000     -0.47700000       343.31500       3.0102996     0.010829151
2078.0000       291.64632       98602.344       13577.580       4.5137500       1.2345000     -0.84925000       343.44000       2.9619273     0.011494079
2083.0000       291.62121       98593.953       13580.640       4.1077500       2.1212500     -0.34125000       343.52500       3.1023562     0.010766756
2088.0000       291.66581       98563.790       13601.080       2.1085000       1.9282500       1.3462500       343.81800       3.9438069     0.011436245
2093.0000       291.70369       98559.790       13625.981       2.9212500      0.93400000      0.12850000       343.88100       3.6005878     0.011326979
2098.0000       291.80157       98570.963       13687.382       2.1362500       1.4295000     -0.58150010       342.86000       3.8248299     0.011229989
2103.0000       291.88220       98576.090       13738.683       3.1632500      0.65175000    -0.070500000       343.37200       2.1074319    0.0092851534
2109.0000       291.98478       98603.333       13801.092       2.9180000       2.1525000      0.24775000       343.47800       3.0028225     0.010221775
2114.0000       292.03890       98605.490       13835.873       4.0540000       1.1240000      0.14325000       343.14500       3.0568699    0.0098715125
2119.0000       292.08714       98587.728       13854.322       3.5805000      0.88875000    -0.071000000       343.25700       4.0638553     0.013242068
2124.0000       292.13046       98581.830       13905.398       3.3020000       1.3717500     -0.21675000       342.75300       2.8979487     0.010646706
2129.0000       292.15278       98567.126       13961.411       2.9482500       1.5707500      0.36575000       343.43800       4.7675514     0.013369997
2134.0000       292.15637       98568.064       14006.439       2.0590000       1.0712500     -0.37175000       343.25900       3.0416086     0.010814718
2139.0000       292.16807       98582.941       14108.006       3.2812500      0.67075000    -0.085000000       342.92600       3.4789725     0.011980514
2144.0000       292.14551       98588.985       14114.527       3.7090000       1.3252500     -0.63000010       343.68900       2.3898851     0.010193757
2149.0000       292.06873       98603.514       14061.859       4.1315000       1.0562500    -0.013500000       343.29700       2.9015218     0.010364794
2154.0000       292.01874       98602.819       13997.510       2.3025000       1.6382500      0.63625000       343.27100       2.8929108     0.011087714
2159.0000       291.94747       98589.811       13845.763       3.6057500      0.57825010    -0.044250000       343.08900       4.3169925     0.012638365
2164.0000       291.93036       98580.587       13795.972       2.3137500       1.0390000      0.39650000       344.11400       2.6192689     0.010009424
2169.0000       291.96544       98556.744       13801.321       3.7382500      0.18800000     -0.16900000       343.04400       3.3207744     0.011119214
2174.0000       291.93970       98556.774       13742.055       3.0510000      0.91000000      0.74425010       343.65600       4.5279356     0.013542394
2179.0000       291.90562       98570.938       13689.489       1.6512500      0.96525010      0.67925010       344.06200       5.6321818     0.013221686
2184.0000       291.89547       98578.220       13653.272       2.9370000       1.1415000     -0.27350000       344.00000       2.5361123    0.0097249598
2189.0000       291.85495       98601.874       13566.780       3.4747500      0.63450000     -0.23700000       343.42700       3.4336576     0.013139897
2194.0000       291.83069       98605.555       13521.598       2.0920000       1.3152500     -0.13025000       344.08400       3.5878823     0.011718701
2200.0000       291.84770       98593.589       13531.561       1.8445000       1.1167500     -0.23275000       344.25500       3.1297877     0.013559434
2205.0000       291.85773       98584.019       13538.613       1.7095000       1.2477500      0.29000000       344.08200       2.2622052    0.0096224358
2210.0000       291.84322       98561.521       13530.613       1.8425000       1.9942500     -0.27875000       343.78400       1.9196868     0.010264399
2215.0000       291.85189       98562.646       13544.028       2.1455000       1.4660000      0.38625000       343.49600       2.1147826     0.010023890
2220.0000       291.89368       98571.853       13591.974       1.0420000      0.32050000      0.18825000       344.61700       3.3080787     0.011128594
2225.0000       291.92360       98578.548       13636.802       3.0545000    -0.018500000      0.21625000       344.01400       2.1706112    0.0095099115
2230.0000       291.94664       98604.118       13671.336       3.2825000      0.44425000      0.69650000       343.64800       2.1125811    0.0097836048
2235.0000       291.96696       98604.083       13730.883       3.0220000       1.4592500     -0.24550000       343.06000       2.7304001    0.0097071709
2240.0000       292.00356       98586.255       13833.284       4.2847500      0.71775000     -0.25550000       343.17900       2.8008592    0.0099829472
2245.0000       292.01487       98580.249       13887.534       3.6102500       1.7640000     -0.37025000       342.85300       2.4478553     0.010778776
2250.0000       292.00053       98566.577       13934.789       2.6510000       1.5352500      0.29450000       343.53800       4.4498950     0.012222892
2255.0000       292.00076       98568.808       13954.558       2.4075000       2.7412500     -0.92525010       343.57100       3.7433256     0.011468282
2260.0000       291.99079       98584.190       13934.722       2.2922500       2.6570000     -0.16425000       343.89700       2.9441937     0.011394786
2265.0000       292.00927       98590.176       13946.622       1.6972500       2.5630000     0.033500000       343.30000       2.2826844     0.010246477
2270.0000       292.05512       98603.909       13968.624       1.9972500       2.5575000     -0.15925000       343.51500       1.9667324    0.0091716648
2275.0000       292.05663       98601.528       13950.220       2.4030000       1.5282500     -0.28375000       343.88900       2.0571737    0.0096438792
2280.0000       292.06538       98588.192       13937.605       3.7175000      0.95700000      0.54400000       343.78900       1.9506062    0.0097421953
2285.0000       292.03790       98578.381       13881.322       3.4615000       2.1040000     -0.20775000       343.02000       2.7068753     0.010443985
2291.0000       291.93018       98558.142       13731.501       2.6400000       1.7597500      0.38325000       343.35200       2.8512703     0.010629671
2296.0000       291.96011       98550.361       13712.009       3.3567500      0.98775010   -0.0050000000       343.71100       3.7025943     0.011296656
2301.0000       291.98744       98547.919       13710.005       3.2007500      0.67625000     -0.36025000       343.46800       2.9544465     0.010016062
2306.0000       292.03934       98550.380       13742.613       2.1412500      0.78975000      0.47325000       343.78500       2.9775370     0.010749811
2311.0000       292.16853       98561.547       13858.835       1.5125000      0.66675000      0.44225000       343.56500       2.6938915     0.010694804
2316.0000       292.18432       98561.299       13873.464       4.5075000       1.3182500      0.63575010       342.94800       4.1517440     0.010897620
2321.0000       292.16208       98560.365       13866.554       2.7445000       2.0342500     -0.30300000       342.89500       2.8053760     0.010087495
2326.0000       292.08460       98555.005       13808.033       2.5415000       1.1027500    -0.025250000       343.13400       3.1483732     0.010334508
2331.0000       292.04309       98557.375       13784.609       2.2710000       1.9007500      0.14525000       343.47800       2.4573644    0.0096390748
2336.0000       291.99967       98579.421       13789.416       2.0697500       1.0497500      0.11250000       343.94100       2.1933118    0.0094352243
2341.0000       291.98761       98587.761       13788.182       1.2637500       2.9627500      0.27125000       344.50400       2.2519256     0.012028254
2346.0000       292.04466       98594.473       13824.056       1.9447500       2.2162500     -0.48375000       342.76800       2.7735715     0.012086679
2351.0000       292.05561       98594.337       13821.287       2.4412500       2.2455000     -0.61200000       343.29700       2.1258457     0.010537725
2356.0000       292.05422       98586.798       13797.550       2.0387500      0.74950000      0.22625000       343.70100       2.4919978     0.010868225
2361.0000       292.05073       98562.201       13743.718       1.7910000       2.2562500     -0.21525000       343.41600       1.9646887     0.011002396
2366.0000       292.06061       98560.761       13730.519       2.8070000      0.59825000     -0.22175000       343.56900       4.5347522     0.011880941
2371.0000       292.05678       98562.299       13721.291       1.2422500      0.53675000      0.60900000       344.74500       2.7488569     0.010666677
2376.0000       292.00941       98584.853       13635.232       2.2565000       1.3187500    -0.019500000       343.51500       2.5530081     0.011816429
2382.0000       291.99721       98594.697       13598.432       1.9740000      0.80950000     -0.27425000       343.97100       3.0389518     0.010718492
2387.0000       291.95361       98595.851       13535.819       1.8192500      0.80400000      0.47400000       343.65900       2.7836200    0.0099108200
2392.0000       291.93643       98592.268       13511.807       3.9087500       2.1797500     -0.15475000       342.88300       2.4016457     0.011538063
2397.0000       291.94633       98567.816       13554.929       2.6467500       1.3495000   -0.0067500000       342.96400       3.0074582     0.011317834
2402.0000       291.99910       98561.535       13604.785       3.5982500       1.2142500     -0.12775000       342.85500       2.2590939     0.010626855
2407.0000       292.08799       98560.712       13670.979       2.7942500      0.64625000     -0.16350000       343.51000       2.7702501     0.010741224
2412.0000       292.15952       98563.371       13727.762       3.0580000      0.20675000     0.060000000       343.15400       3.1923748     0.010744146
2417.0000       292.29219       98588.594       13794.919       2.8262500      0.12425000      0.36825000       344.47100       5.4155139     0.013376848
2422.0000       292.38029       98594.969       13882.949       2.1732500       1.1902500    -0.028500000       344.18500       2.5107319    0.0097912601
2427.0000       292.42511       98591.195       13990.068       2.1957500       1.3160000      0.39975000       343.47200       5.9514387     0.014392447
2432.0000       292.46352       98586.771       14067.064       1.5992500       1.4867500      0.51575010       344.15000       2.8586148    0.0097954478
2437.0000       292.47621       98559.230       14177.112       2.0282500      0.84025000     -0.38925000       344.05600       3.4128926     0.011880701
2442.0000       292.50603       98555.180       14240.956       1.6935000       1.2895000     0.067500000       343.87200       2.2186752     0.010080291
2447.0000       292.51831       98571.592       14255.558       1.8322500       1.5350000      0.62400000       344.14000       2.1094291     0.010760018
2452.0000       292.54963       98575.527       14253.928       1.6182500       2.1560000     -0.24000000       344.00800       3.5645104     0.011256142
2457.0000       292.59540       98592.678       14209.945       2.2172500       3.1527500    -0.017750000       343.90600       1.8922041    0.0088024476
2462.0000       292.65699       98594.812       14187.348       2.6467500       1.6720000     -0.16150000       344.71100       1.8842609     0.011747045
2468.0000       292.75926       98567.101       14131.458      0.89500000       1.3367500      0.35375000       344.21100       2.3954130     0.011991708
2473.0000       292.82951       98560.493       14111.306       1.9595000       1.9625000     0.086500000       343.66100       1.9485140     0.013352269
2478.0000       292.92833       98555.657       14131.385       2.6322500     -0.31350000      0.66975000       344.33800       2.1136213    0.0095602543
2483.0000       292.98041       98558.950       14128.492       2.2227500       1.6915000     -0.48075000       344.43600       2.4728312     0.011035136
2488.0000       293.00884       98583.150       14126.395       1.8937500      0.95425000      0.13975000       344.65900       3.0839246     0.011291469
2493.0000       293.01102       98589.572       14121.018       2.8125000      0.60025000     -0.20200000       343.53500       3.4842068     0.015353962
2498.0000       292.96218       98594.858       14097.019       2.7025000      0.88525000      0.11925000       344.54700       6.6344006     0.015702874
2503.0000       292.94220       98591.555       14097.062       3.0975000       1.1077500     -0.40575000       343.40100       2.9198070     0.010095525
2508.0000       292.90473       98563.063       14121.680       2.0110000       1.8452500    -0.024250000       344.38500       2.5471715     0.011350676
2513.0000       292.88833       98560.549       14122.392       2.4822500      0.86525010     -0.32575000       344.73800       8.6642550     0.042941394
2518.0000       292.88721       98570.966       14129.541       1.3657500       1.9197500     0.088000010       344.63000       2.1433920     0.010083264
2523.0000       292.90107       98576.127       14119.471       2.0695000       2.1142500     -0.18575000       344.89200       3.2421853     0.011323044
2528.0000       292.92518       98601.525       14085.529       4.1812500       2.1522500     -0.32575000       343.49300       2.4828659     0.010543464
2533.0000       292.95870       98605.482       14052.051       2.5345000       2.5147500     -0.24025000       344.36300       2.2411298     0.010803304
2538.0000       293.03212       98589.092       14019.636       3.8082500       1.0747500      0.15425000       343.92600       3.0188228     0.011069530
2543.0000       293.06840       98583.018       13969.834       4.3037500       2.1355000     -0.48400000       344.36500       3.3251664     0.011632576
2548.0000       293.13282       98568.126       13895.494       4.7222500       1.7757500    -0.068000000       344.24400       2.3338012    0.0096971791
2553.0000       293.10783       98567.380       13836.105       4.5542500       1.7095000     -0.56850000       343.91700       3.6776349     0.010822266
2559.0000       292.98318       98585.339       13759.628       4.2432500       2.0490000     -0.51750000       343.25200       3.7698882     0.011970311
2564.0000       292.90692       98588.152       13703.149       3.4495000       1.0065000    -0.099500010       344.07900       2.2725402     0.010947785
2569.0000       292.78239       98595.165       13671.841       3.4587500       3.6922500     0.028500000       343.95200       2.4407141     0.010206447
2574.0000       292.68930       98590.513       13602.880       3.7347500       2.4045000     -0.23900000       343.47600       2.9768423     0.010321618
2579.0000       292.60701       98564.927       13496.961       5.6042500       1.4282500     -0.23125000       343.92300       2.7662185     0.010979714
2584.0000       292.56981       98561.259       13441.572       3.7792500       1.5042500      0.22650000       344.31600       2.2059337     0.011317487
2589.0000       292.56627       98560.945       13384.885       4.7132500       1.9495000      0.49600000       344.46500       4.0042752     0.012997151
2594.0000       292.52599       98566.105       13348.894       4.8280000       2.4355000     -0.21600000       343.02000       2.6394709    0.0087804761
2599.0000       292.51440       98592.059       13361.530       4.2290000       1.9922500     -0.23950000       342.66300       2.0187960     0.010165727
2604.0000       292.48832       98595.383       13349.048       3.2732500       2.4130000    -0.099250000       342.76400       2.1812866    0.0091324931
2609.0000       292.41246       98589.824       13321.596       2.8480000       2.6987500     -0.14900000       343.26700       2.5697970     0.010227239
2614.0000       292.36925       98583.345       13308.583       2.2240000       1.6742500      0.37975000       343.64300       2.9664624     0.011189017
2619.0000       292.36958       98556.572       13303.991       1.6692500       2.3582500     -0.14475000       343.97900       2.6897369    0.0099779083
2624.0000       292.33388       98556.499       13299.486       2.5187500      0.60500000      0.33775000       344.33700       1.9457210    0.0095016818
2629.0000       292.27184       98573.290       13304.869       1.8975000       1.7435000     -0.70875000       343.21600       2.3974087     0.010494713
2634.0000       292.22170       98577.325       13293.928       3.3870000       1.8530000     -0.72025000       342.95500       2.7018044    0.0095922181
2639.0000       292.17063       98594.532       13272.779       1.4845000       1.8415000      0.26900000       342.81000       2.3161726     0.010392290
2644.0000       292.12050       98592.563       13263.275       2.7727500       2.4570000    -0.055000000       343.61200       2.5689012     0.011165852
2650.0000       292.05948       98563.839       13249.495       1.6362500       1.6875000     0.010000000       343.89300       2.4875675     0.011066918
2655.0000       292.00970       98559.293       13233.388      0.74275000       2.0095000     -0.19225000       343.95700       2.7941647     0.010464333
2660.0000       291.93288       98557.687       13205.077       2.4982500       2.0880000      0.43225000       343.46300       2.0524275     0.010298929
2665.0000       291.93889       98560.162       13228.566       1.2780000       1.8832500     -0.50475000       344.07500       3.5274577     0.010057740
2670.0000       291.98764       98576.334       13272.982       2.0920000       2.2847500    -0.060250000       343.16900       2.2623870     0.010085150
2675.0000       292.01721       98578.717       13300.304       2.1925000       1.7127500      0.20400000       343.58400       3.0825420     0.010649691
2680.0000       292.08872       98578.721       13355.683       1.9527500       2.0107500      0.27700000       343.67700       2.3806438     0.010058048
2685.0000       292.14948       98572.228       13410.366       1.3937500       1.3052500     -0.70450000       344.12600       2.6190371    0.0099747518
2690.0000       292.19389       98552.300       13443.355       2.3802500       2.4485000     -0.26000000       342.88400       3.5892481     0.010278427
2695.0000       292.23393       98552.661       13487.987       1.8685000       2.1207500     0.067000000       343.12500       2.0334972     0.012308648
2700.0000       292.29771       98557.802       13562.156       1.8772500       2.7410000     -0.21975000       343.34500       2.1905661    0.0096558607
2705.0000       292.33870       98562.408       13625.759       1.4190000       2.8597500      0.38900000       343.40400       2.9677250     0.010698099
2710.0000       292.36437       98584.292       13694.226       2.6200000       2.0815000      0.30950000       343.21100       2.2334546     0.010851393
2715.0000       292.34744       98583.295       13699.088       2.7747500       1.4187500      0.16900000       343.16700       2.6653376     0.010056500
2720.0000       292.31326       98564.897       13700.523       2.1627500      0.88675000      0.37300000       343.80800       2.5126148     0.010462277
2725.0000       292.28409       98562.605       13663.759       2.3432500       2.1525000      0.32525000       343.30800       3.4969546     0.010398054
2730.0000       292.18623       98556.157       13531.422       2.6657500       1.6325000      0.22975000       343.64100       2.7803856     0.010283452
2735.0000       292.18229       98562.440       13493.186       3.2217500      0.32550000     -0.30200000       343.64500       3.0851574     0.010477309
2741.0000       292.24447       98589.979       13484.529       3.2265000       1.7030000    -0.044000000       343.79700       3.0012305     0.011697502
2746.0000       292.30010       98580.841       13504.080       3.0630000      0.65800010    -0.042750000       343.86400       2.2050760     0.010915857
2751.0000       292.34952       98577.276       13510.277       2.7215000       2.7060000     -0.39925000       343.26000       3.0162956     0.010563820
2756.0000       292.39894       98570.046       13514.009       3.2770000       1.7410000      0.11975000       344.03100       3.7998004     0.012065307
2761.0000       292.46210       98543.950       13521.350       3.4872500       2.6122500     -0.32375000       343.52900       3.0611761     0.011171807
2766.0000       292.46932       98550.501       13511.767       3.6612500       1.2585000     -0.99375000       343.57800       2.7761990     0.011829743
2771.0000       292.46724       98576.986       13492.130       1.7025000       1.4625000      0.84525000       344.31500       3.1642772     0.011362219
2776.0000       292.35363       98588.191       13454.915       1.6810000      0.94500010      0.73625000       344.62300       2.3298259     0.010802771
2781.0000       292.29174       98590.322       13437.425       1.7772500       2.1142500      0.27975000       343.85600       3.7154382     0.010651172
2786.0000       292.22945       98559.508       13437.329       1.7812500       3.0800000     -0.63625000       344.01000       2.7393281    0.0092450480
2791.0000       292.18777       98550.755       13429.722       2.2572500       2.5235000     0.022000000       344.08500       2.4833659     0.010197669
2796.0000       292.18532       98556.781       13426.114       1.5502500       2.1977500    -0.028750000       344.29500       3.9095747     0.011314399
2801.0000       292.19402       98558.372       13429.622       1.7650000       1.7707500     -0.68700000       344.11200       2.2225801    0.0090612152
2806.0000       292.21501       98563.658       13434.577      0.31525000       1.2007500      0.50900000       343.63500       2.1087821    0.0097471330
2811.0000       292.22251       98584.643       13407.251      0.49850000       2.2725000    -0.033250000       344.05200       1.8849284    0.0097244043
2816.0000       292.32862       98581.591       13496.454       1.9850000       1.1162500     -0.17250000       344.55300       2.0421634     0.010786465
2821.0000       292.49948       98563.898       13648.142       2.8240000       3.5930000     -0.61650000       343.89600       2.0138229     0.010616641
2826.0000       292.67042       98559.364       13805.540       2.9670000       2.7340000     -0.39975000       343.47000       1.9184911     0.011933252
2832.0000       292.79227       98558.062       13932.160       2.0755000       1.3132500      0.37525000       344.64800       2.0136333    0.0095234853
2837.0000       292.77598       98576.092       13923.883      0.91925010       1.9590000      0.49500000       344.54900       2.0102210    0.0099357274
2842.0000       292.80557       98578.436       13974.425       3.5507500       2.5372500     0.042500000       344.35200       1.8901505     0.010313544
2847.0000       292.80359       98569.343       14041.752       2.4610000       3.0907500     -0.57525000       343.63700       1.9175719     0.013107598
2852.0000       292.84616       98565.179       14107.090      0.14750000       1.3795000      0.85275010       344.24800       1.9170178     0.010848224
2857.0000       292.95757       98546.200       14240.177       2.3380000       3.6480000     -0.31650000       344.07900       1.9246768    0.0092253293
2862.0000       293.01633       98546.198       14284.838       2.8937500       3.3355000      0.14050000       344.29800       1.9204988    0.0079738333
2867.0000       293.06683       98570.456       14280.383       5.0422500       3.5215000     -0.23500000       343.02800       1.9080208    0.0093996680
2872.0000       293.11580       98578.344       14257.364       5.3267500       2.9247500     -0.24350000       343.65300       1.9135946    0.0094824808
2877.0000       293.10604       98588.718       14133.202       3.2370000       2.4987500     -0.15075000       344.26700       1.8729332     0.010873204
2882.0000       293.14840       98593.975       14075.377       3.5947500       2.9157500     -0.79550000       343.23600       1.8975127    0.0098133446
2887.0000       293.25843       98579.484       14043.508       3.0100000       3.5345000     -0.34400000       343.25200       1.8985405     0.010298045
2892.0000       293.31695       98578.022       14009.668       2.7130000       2.8415000     -0.42625000       343.25200       1.9424226    0.0092997669
2897.0000       293.39510       98589.900       14024.954       2.5102500       2.8347500    -0.031250000       343.70900       1.8969175    0.0097345914
2902.0000       293.42112       98591.661       13999.608       4.2407500       3.2147500     -0.39750000       344.07500       1.8758255     0.010024431
2907.0000       293.38056       98595.500       13931.968       3.2650000       3.7962500     -0.41525000       343.33600       1.9047116     0.010054197
2912.0000       293.34942       98591.803       13894.449       1.5692500       4.4147500     -0.92675010       343.27500       1.8901209    0.0094628270
2917.0000       293.30330       98568.912       13864.510       2.8760000       3.0702500      0.40200000       343.79200       1.9109166    0.0091098147
2923.0000       293.22816       98560.293       13815.097       2.3927500       4.7155000     -0.54525000       344.15500       1.9009777    0.0091219425
2928.0000       293.16735       98558.064       13807.047       2.3385000       1.8012500      0.72775010       344.69700       1.8968171    0.0097100275
2933.0000       293.07043       98558.555       13751.167       2.2057500      0.95700000     0.033500000       344.62500       1.8924573    0.0094106839
2938.0000       292.89802       98576.873       13646.986       1.7950000       4.6930000     -0.98900000       343.55800       1.9057676    0.0086199146
2943.0000       292.80561       98577.810       13564.989      0.76000010       1.5700000      0.55475000       345.17400       1.8818284    0.0094781639
2948.0000       292.70351       98568.363       13441.453      0.67000000       1.9325000       1.0927500       344.93900       1.9078919    0.0095532030
2953.0000       292.66857       98564.018       13388.479       1.4202500       2.5782500      0.32050000       344.12100       1.8924052    0.0095142482
2958.0000       292.75225       98545.302       13394.556      0.88200000       1.6850000      0.85200010       344.75200       1.8921733    0.0092243250
2963.0000       292.75891       98547.227       13371.728       1.3412500       1.2787500      0.14825000       344.55700       1.8840590     0.010917700
2968.0000       292.74418       98573.099       13360.755       1.4497500       3.9370000     -0.41750000       343.48200       1.9160951    0.0090483651
2973.0000       292.75408       98578.842       13367.766       2.7877500       2.9080000     -0.17400000       343.95500       1.8925683    0.0089725640
2978.0000       292.76919       98589.059       13368.908       1.1460000       2.7150000      0.31325000       344.21600       1.9033216    0.0092955415
2983.0000       292.74569       98588.543       13376.459       2.3370000       2.6575000      0.39925000       343.84300       1.9069771    0.0094455458
2988.0000       292.74798       98557.696       13433.075       2.9437500       1.7690000     0.053500000       343.46100       1.9142427    0.0089345387
2993.0000       292.69633       98555.729       13446.532       2.8060000       3.0440000     -0.53425000       343.34100       1.8932542    0.0081882888
2998.0000       292.54855       98573.005       13428.058       1.6172500       1.2637500      0.39775000       344.27300       1.9019986    0.0087091651
3003.0000       292.46199       98577.035       13412.556       1.1180000      0.77675000      0.57400000       344.29200       1.8586670    0.0096125814
3008.0000       292.34575       98594.007       13351.856       3.7600000       4.2730000     -0.41325000       343.57700       1.9017070    0.0091336365
3014.0000       292.32079       98592.931       13366.041       3.5412500       4.0975000     -0.88575010       343.41100       1.8663657    0.0096245549
3019.0000       292.39556       98562.236       13434.559       2.8960000       3.0060000      0.82325010       344.21800       1.8993069    0.0097181246
3024.0000       292.40523       98561.639       13446.876       2.0357500       5.4337500    -0.065250000       344.18300       1.8775953    0.0096993259
3029.0000       292.44549       98573.256       13479.457       2.2582500       3.6790000     -0.65425000       343.80400       1.8700671    0.0096221391
3034.0000       292.46884       98575.903       13493.564       2.5217500       1.7027500     -0.87100010       343.33800       1.8715926     0.010750281
3039.0000       292.43264       98595.740       13444.723       2.2642500       3.8995000    -0.060500000       343.81100       1.8783161    0.0094800918
3044.0000       292.45565       98592.121       13449.197      0.66450010       3.9372500     -0.30325000       343.48500       1.8770357    0.0090756229
3049.0000       292.52034       98558.628       13482.913    -0.042250000       2.6505000      0.93850000       343.99100       1.9017331    0.0090231855
3054.0000       292.58669       98554.260       13531.154      0.22875000       1.9470000      0.72775010       344.03300       1.8965924    0.0099859951
3059.0000       292.68441       98555.384       13604.039      0.59300010       2.2937500      0.36500000       344.53500       1.8879984    0.0083238247
3064.0000       292.73781       98561.222       13655.046       1.4052500       2.6370000     -0.17425000       343.64300       1.8916862    0.0098528996
3069.0000       292.80945       98593.856       13734.000       2.2212500      0.91925010      0.35050000       344.19000       1.8742612    0.0090209778
3074.0000       292.82094       98595.292       13771.788       1.3965000       2.4967500     0.078750010       343.70600       1.8830611     0.010312330
3079.0000       292.77084       98576.087       13777.764      0.81600000       1.4002500      0.12050000       343.72700       1.8892632    0.0098862076
3084.0000       292.73447       98573.688       13776.094       1.0090000       2.5460000     0.082500000       344.00800       1.9058889    0.0098252096
3089.0000       292.68146       98563.551       13775.131      0.18500000       3.8945000      0.19475000       343.47500       1.8750284    0.0094746968
3094.0000       292.61492       98562.621       13727.778       1.4300000       2.0460000       1.2210000       344.10400       1.8428824    0.0099759542
3100.0000       292.52178       98584.101       13622.716     0.093500000       2.0860000     -0.91025010       344.00400       1.9090496    0.0094220535
3105.0000       292.43322       98582.009       13540.416      0.40475000       2.7155000      0.71125000       343.66100       1.9214248    0.0093761933
3110.0000       292.29293       98564.702       13409.420      0.87625000       2.3280000     -0.16075000       344.03300       1.8606806    0.0090053424
3115.0000       292.24940       98562.456       13354.906       1.1210000       3.1045000      0.57925000       344.02900       1.8678678    0.0091226139
