0.00000000      291.83712       98615.304       14018.011       4.1832500      0.80150000      0.94600000       344.29400       1.7188200     0.024036239
5.0000131       291.83009       98624.340       13968.737       3.1127500       4.0402500      0.22050000       343.17300       1.7192618     0.023966157
10.000026       291.87452       98631.548       13941.573       3.6827500       2.7225000     0.073250000       343.71600       1.7763754     0.023758229
14.999999       291.96817       98636.298       13944.049       1.8250000       3.2677500    -0.019500000       344.18800       1.8012596     0.023714662
20.000012       292.12694       98635.329       13992.236       3.0170000       3.8385000      -1.1830000       342.89900       1.8032859     0.023833181
25.000025       292.31255       98637.383       14065.535       2.4035000       1.9962500      0.36550000       344.03700       1.7942790     0.026036750
29.999998       292.57303       98641.548       14159.216       3.0152500       2.7757500    -0.058500000       343.55100       1.7720311     0.023063760
35.000011       292.78342       98640.155       14318.641       2.8847500       3.8362500     -0.19350000       343.07900       1.7907803     0.024016610
40.000024       292.81992       98636.400       14396.336       2.3497500       2.6200000      0.19575000       344.08300       1.8324659     0.024701550
45.999992       292.50519       98625.920       14383.146       3.3117500       5.3762500     -0.54375000       342.68300       1.8014100     0.023272958
51.000005       292.36772       98619.007       14379.040       2.1365000       4.0917500     -0.62525000       342.53700       1.7290343     0.023510207
56.000018       292.11341       98608.885       14314.525       1.8972500       1.6365000       1.0955000       344.23800       1.7628944     0.017843380
61.000031       292.03597       98603.135       14285.735       1.5712500       2.7552500      0.39400000       343.92700       1.7726129     0.023745201
66.000004       292.15980       98601.151       14288.799      0.51600000       2.6785000      0.95225010       344.21600       1.7551897     0.024756530
71.000017       292.25419       98599.205       14283.155       2.7592500       5.7342500     -0.72450010       343.74300       1.7816973     0.023694551
76.000030       292.41971       98598.802       14262.018       3.7607500       3.8570000   -0.0047500000       343.28200       1.8453963     0.024789091
81.000003       292.58187       98599.912       14271.758       2.1875000       2.6090000      0.22375000       343.77800       1.7866080     0.026341505
86.000016       292.86554       98600.935       14337.213       3.8792500       2.8560000      0.25850000       343.50000       1.8706147     0.023968114
91.000029       292.95511       98605.144       14338.136       1.9635000       3.6155000     -0.58675000       343.43900       1.8456749     0.020695504
96.000002       292.95352       98614.704       14318.149       2.1062500       3.2810000      0.25475000       343.43900       1.8332970     0.022165790
101.00002       292.92672       98621.658       14307.625       3.2062500       3.0550000     -0.11325000       342.66000       1.8214395     0.023382882
106.00003       292.73177       98631.734       14273.349       2.9750000       3.0617500     -0.19875000       343.29800       1.8441977     0.024981237
111.00000       292.57168       98637.525       14215.262       4.9422500       2.6697500     -0.73675000       342.81400       1.7679649     0.024306050
116.00001       292.39908       98640.618       14162.185       1.7972500       2.3390000      0.51275000       344.37900       1.8209371     0.024632262
121.00003       292.26957       98641.358       14099.505       3.7870000       1.3665000     -0.11275000       343.34200       1.7354522     0.025078433
126.00000       292.10403       98636.779       13978.100       4.2365000       2.4310000     0.029000000       343.55200       1.7901720     0.026954160
132.00001       291.99444       98634.359       13878.227       3.9070000       3.4232500     -0.47175000       342.64800       1.7757408     0.024774605
137.00002       292.00489       98633.440       13812.408       4.3827500       1.0002500     -0.34600000       342.88400       1.8221428     0.022528932
141.99999       291.98870       98629.073       13772.161       4.1910000       1.9647500     -0.42175000       342.66300       1.7723712     0.022331223
147.00001       292.00040       98624.275       13757.301       2.1780000       1.1042500      0.84150000       344.10700       1.7288711     0.023850088
152.00002       292.00052       98618.913       13741.313       2.6842500       2.1235000     0.012250000       343.96400       1.7672395     0.025020801
156.99999       291.98733       98607.478       13746.979       1.5565000       1.4417500      0.31750000       343.73800       1.8102731     0.025187231
162.00001       292.00125       98602.164       13755.838       3.6947500       3.9560000      -1.3022500       343.04900       1.7876457     0.025401349
167.00002       292.02571       98599.467       13752.225       3.1460000       3.4632500     -0.65975000       343.04900       1.8407544     0.022267595
171.99999       292.05940       98599.235       13779.525       4.0437500       2.0190000     -0.12450000       343.45000       1.7766625     0.025557077
177.00001       292.15901       98601.582       13863.112       2.8195000       2.5950000      0.16875000       343.45500       1.7947347     0.023156645
182.00002       292.16718       98606.278       13890.798       2.1762500       3.5322500     -0.46250000       342.94400       1.8355781     0.025874880
187.00003       292.10636       98616.096       13874.023       1.7280000       3.5220000      0.34800000       343.27100       1.8328323     0.024038239
192.00000       292.09652       98623.047       13919.197       2.5470000       2.0700000     -0.30525000       342.64600       1.8325701     0.025756159
197.00002       292.04716       98633.091       13981.173       1.8752500       3.3032500      -1.0117500       342.97300       1.8583504     0.026329766
202.00003       292.03473       98638.385       14021.149       2.5527500       1.8352500      0.16175000       343.27000       1.8073161     0.026014796
207.00000       292.08188       98640.968       14118.355       1.1035000       1.6687500     -0.74375000       343.14600       1.7962415     0.024570421
212.00002       292.11220       98641.202       14161.444       1.4587500       2.9380000     -0.50875000       342.78900       1.7927365     0.025749559
217.00003       292.13856       98636.371       14137.365       2.5210000       2.5035000     -0.26100000       343.56900       1.8068756     0.026099996
223.00000       292.16266       98633.961       14130.366       2.1950000       2.2947500      0.57325010       343.28900       1.8325481     0.026556875
228.00001       292.21068       98633.681       14134.169       2.3197500       2.2637500      0.11250000       343.31500       1.8488787     0.025052007
233.00002       292.20826       98627.440       14114.358       2.5152500       1.8247500      0.18525000       342.98800       1.7882378     0.027848195
238.00000       292.17014       98620.215       14070.473       1.7657500       2.1697500     -0.59650000       342.90400       1.8217369     0.024655125
243.00001       292.13337       98610.838       14036.688       2.3507500       1.8450000     -0.23225000       342.83000       1.8362454     0.025847164
248.00002       292.04820       98588.906       13983.660       2.1077500       1.5342500      0.24125000       343.41700       1.8165633     0.029981316
253.00000       292.03082       98585.697       13965.826       1.1127500       1.9830000     -0.47100000       343.43500       1.8098555     0.026733541
258.00001       292.05518       98591.008       13978.166     0.065750000       2.0570000     -0.37850000       343.13000       1.8577603     0.024276478
263.00002       292.04548       98597.490       13962.670      0.52200000       2.6605000    -0.029500000       342.72600       1.8282092     0.024725000
267.99999       292.05712       98617.503       13950.346      0.65950000       1.9487500     0.023000000       342.75500       1.8139078     0.026488150
273.00001       292.05075       98627.183       13937.149      0.60025000       1.6777500    -0.022750000       343.16200       1.8176125     0.027073910
278.00002       292.00083       98635.534       13892.772      0.64775000       2.1565000     -0.36850000       342.90900       1.8054156     0.026383048
282.99999       291.98699       98638.703       13887.402       1.0835000       1.0092500    -0.081750010       343.85800       1.7774453     0.025939441
288.00001       292.00042       98638.455       13910.442       1.7897500       1.1292500      0.15525000       344.11800       1.7744583     0.024911364
293.00002       292.00054       98634.480       13927.692       1.3462500       2.9445000     -0.20950000       342.79300       1.7842092     0.025464097
297.99999       292.01132       98621.832       13962.980       1.3262500       3.1267500     -0.58150010       342.51300       1.7990508     0.027447588
303.00001       291.99507       98616.367       13979.653      0.74875000       2.6677500      0.22275000       343.26700       1.8102254     0.025932310
308.00002       291.96900       98613.790       13986.783       2.1155000       2.3497500    -0.068000000       343.03000       1.8178047     0.024984707
314.00003       291.92436       98604.522       14005.386       3.2690000       3.0745000     -0.11150000       343.12200       1.8147254     0.024994476
319.00000       291.86031       98594.591       14031.346       3.8685000       2.0192500      0.12625000       343.34500       1.7978827     0.025685134
324.00001       291.81089       98592.332       14011.983       2.3875000       1.9395000     -0.24425000       343.24700       1.8145495     0.025272379
329.00003       291.73271       98587.447       13969.119       2.0547500       2.2747500     -0.32175000       343.19500       1.8406412     0.027423899
334.00000       291.73940       98590.045       13950.422       1.2182500       1.5875000      0.56125000       344.29700       1.8053430     0.025065707
339.00001       291.79791       98603.633       13913.277       1.2475000       2.2437500     -0.28075000       343.94700       1.7981067     0.022899134
344.00003       291.80775       98611.679       13873.485       1.0870000       2.3397500   -0.0080000000       343.11400       1.8099703     0.027561233
349.00000       291.86001       98619.050       13848.914      0.98850010       3.9230000     -0.29900000       343.08800       1.8346773     0.026240372
354.00001       291.86264       98626.003       13829.865       1.3212500       2.7780000     -0.66775010       343.45500       1.7972906     0.025596782
359.00002       291.79705       98636.362       13778.736       2.2542500       3.6880000     -0.47200000       343.69700       1.7753061     0.028587097
364.00000       291.78592       98638.678       13778.471       2.2355000       1.0302500      0.54700010       344.34000       1.8280781     0.025084888
369.00001       291.79991       98637.876       13826.978       1.0017500       3.0982500    -0.093250010       342.75000       1.8336906     0.026196136
374.00002       291.79985       98633.376       13853.928       1.9572500       3.6197500     -0.54975000       342.73100       1.8614513     0.027318358
379.00000       291.80939       98621.799       13896.166       1.0017500       1.7227500      0.21225000       343.44300       1.8381881     0.026183384
384.00001       291.79041       98614.706       13903.252       1.2060000       3.0897500      -1.4997500       342.86800       1.8280006     0.024909545
389.00002       291.71907       98605.207       13874.462       1.4772500       1.4547500      0.58000000       344.04100       1.8204228     0.025637222
394.00000       291.77440       98600.961       13923.402       1.4410000       1.2380000     -0.43475000       343.91100       1.8550230     0.025224786
399.00001       291.88331       98600.097       13988.167       2.4647500       2.8325000     0.032750000       343.62100       1.8115460     0.026304718
405.00002       292.02561       98598.719       14108.015       2.9907500      0.91425000      0.73150000       343.81000       1.8356330     0.023461568
410.00003       292.11842       98599.552       14194.256      0.63300000       3.5857500      0.11800000       343.23100       1.8051067     0.024975542
415.00000       292.17436       98601.606       14261.624      0.40275000       2.3957500     -0.83150010       343.19100       1.8052320     0.024469418
420.00002       292.14293       98603.913       14281.079     -0.43875000       1.4522500     -0.77825000       344.02600       1.8018230     0.027237033
425.00003       292.18492       98610.264       14343.268      0.57675000       2.1687500      0.54600000       344.58700       1.8094304     0.025152953
430.00000       292.25610       98621.015       14430.547       1.0857500       3.3100000     -0.54300000       342.89900       1.8561446     0.026898985
435.00001       292.30016       98630.238       14481.316       1.6812500       3.0150000    -0.048750000       343.28900       1.8283175     0.026585267
440.00003       292.31312       98632.769       14494.076       1.1687500       2.0340000    0.0072500000       343.55100       1.8501944     0.025141483
445.00000       292.26967       98628.657       14430.461      0.77350000       4.1067500     -0.11950000       343.20200       1.7997910     0.024476728
450.00001       292.24976       98622.005       14397.262       2.1140000       2.5377500     -0.30225000       343.53400       1.8325671     0.027844974
455.00003       292.22983       98604.268       14376.104      0.99600010       1.1930000      0.74775000       344.18300       1.8262756     0.025656912
460.00000       292.20011       98594.061       14326.376       1.6582500       2.8765000     -0.51025000       343.25300       1.8272872     0.027434103
465.00001       292.17044       98586.299       14267.989       1.7385000      0.99775000      0.16400000       344.09200       1.8093866     0.024374187
470.00003       292.16458       98576.412       14221.507       2.5590000       3.6400000     -0.47075000       343.12700       1.8201192     0.025653439
475.00000       292.10156       98580.264       14144.092      0.98475000       1.7812500     0.049250000       343.61300       1.7922282     0.025159188
480.00001       292.00654       98597.074       14026.676      0.83375010       2.5120000     -0.41700000       343.41800       1.8223211     0.025498827
485.00002       291.86878       98593.593       13916.344      0.34300000       1.6860000      0.58750000       343.73200       1.7803420     0.024636694
490.00000       291.78495       98595.683       13848.990       1.5487500       2.3622500     -0.88925000       343.28500       1.8074988     0.024742625
496.00001       291.71920       98588.690       13787.126       2.0347500       2.5107500     -0.95125000       343.23800       1.8270194     0.025522377
501.00002       291.68200       98588.254       13769.019       2.3017500       2.4042500     -0.50900000       342.83300       1.8081279     0.025918254
506.00003       291.70071       98603.243       13807.393       2.5347500       2.4165000      0.17850000       343.99300       1.8403799     0.024261266
511.00000       291.70097       98607.859       13841.645       1.7302500       1.1860000      0.14750000       344.21600       1.7968540     0.027047847
516.00002       291.71448       98608.583       13919.404       2.0747500       2.9927500      0.47400000       343.11900       1.8161539     0.023348405
521.00003       291.70328       98606.147       13954.088       2.5020000      0.96075000      0.14200000       343.63900       1.8091481     0.025109379
526.00000       291.66545       98590.109       13950.262       2.7280000       3.0242500     -0.31775000       343.77600       1.8152063     0.023939750
531.00002       291.64524       98587.555       13980.042       2.8035000       1.7732500      0.30975000       343.65600       1.8477361     0.024934812
536.00003       291.63805       98589.645       14036.567       2.4730000       1.2377500     -0.43350000       343.02000       1.8438631     0.024923350
541.00000       291.59721       98594.167       14038.471       2.9480000       1.2752500     0.098500010       343.28900       1.8386209     0.027536174
546.00002       291.53208       98614.232       14029.222       3.0402500       1.8072500     0.026250000       343.29600       1.8703229     0.023891502
551.00003       291.49238       98623.813       14021.195       2.1810000       1.3552500      0.18325000       343.43800       1.7936184     0.024979819
556.00000       291.41956       98628.364       13954.984       1.8770000       2.7020000     -0.29600000       342.98900       1.7902509     0.024829749
561.00001       291.38212       98632.123       13911.337       1.9202500       1.2562500     -0.14100000       343.70400       1.7935768     0.024515603
566.00003       291.38634       98634.612       13894.445       3.5590000       2.4725000     -0.95200000       343.52600       1.7416403     0.024367980
571.00000       291.39788       98631.280       13877.710       3.0362500       3.0482500      -1.6537500       343.38900       1.8125183     0.025367027
576.00001       291.43473       98622.643       13843.885       2.9765000       4.1657500      -1.0315000       342.97500       1.8160852     0.025016713
581.00003       291.45507       98614.338       13830.992       1.8887500       3.5300000     -0.47550000       343.27400       1.8210200     0.023304312
586.99999       291.49529       98591.489       13845.807       1.7280000       2.3265000     -0.18450000       343.81600       1.8022281     0.024563181
592.00001       291.51144       98585.401       13857.096       2.6150000       1.9522500     -0.47225000       343.44900       1.7711781     0.025402377
597.00002       291.50040       98587.551       13875.316       3.4817500       2.6665000     -0.27025000       342.54400       1.8272787     0.024569211
601.99999       291.50052       98589.836       13893.612       3.5165000       2.2952500     -0.63925000       343.04900       1.7956650     0.024295884
607.00001       291.49991       98600.490       13908.022       1.8990000       1.3735000      0.53025000       343.34200       1.8054743     0.023204841
612.00002       291.49984       98608.571       13938.143       3.0137500       2.0817500    -0.077750000       343.19900       1.7793568     0.023055702
616.99999       291.50006       98617.613       13987.062       3.3902500       2.5392500     -0.38875000       342.98900       1.8175681     0.023937837
622.00001       291.50006       98623.316       14018.604       1.8570000       1.6067500      0.42700000       343.56900       1.8018800     0.023046078
627.00002       291.51310       98633.189       14086.109       1.7765000       1.2302500      0.93225000       343.78000       1.8195183     0.021861054
632.00003       291.49940       98632.258       14080.831       3.0040000       2.2582500     -0.80425010       342.71200       1.7793404     0.022484932
637.00000       291.43595       98621.583       13992.107       2.2110000       1.8300000     0.049750000       343.45200       1.8106426     0.021341239
642.00002       291.44321       98612.933       13969.740       1.5982500       2.2720000     0.086000000       343.36800       1.8080316     0.019935624
647.00003       291.45237       98591.701       13911.568       3.4130000       2.2702500     -0.14900000       342.42400       1.8181568     0.023401223
652.00000       291.50418       98585.591       13916.815       2.3412500       1.8947500     -0.24875000       342.83100       1.7882739     0.021306344
657.00002       291.69063       98587.768       14033.451       1.7775000      0.38000000      0.14450000       343.61800       1.7854232     0.022501383
662.00003       291.73617       98589.935       14062.498       2.5057500       1.9160000     -0.24325000       342.93400       1.7962256     0.021671026
667.00000       291.71268       98600.505       14063.807       3.5217500       2.0297500     -0.10800000       342.81300       1.7231732     0.025279006
672.00002       291.70525       98608.503       14069.631       2.4350000       1.7440000     -0.28350000       342.70400       1.7339829     0.022657701
678.00002       291.60103       98620.899       14022.723       2.1237500       1.9817500     -0.15525000       343.05000       1.7737185     0.020655862
683.00000       291.57354       98623.032       14017.947       2.3247500       1.6255000     -0.11450000       343.10400       1.7495520     0.022658980
688.00001       291.60009       98622.009       14049.198       1.2777500       2.0885000    0.0047500000       343.16700       1.7485341     0.022182110
693.00002       291.60004       98620.731       14053.137       2.1460000       2.6595000     0.088500000       343.37500       1.7570623     0.023300054
698.00000       291.57774       98613.865       14036.264       1.1825000       1.9757500      0.22800000       343.54600       1.7362466     0.023417008
703.00001       291.61037       98606.180       14057.849       1.4412500       1.8085000     -0.46775000       343.35200       1.7189118     0.021129700
708.00002       291.68593       98597.285       14103.955       1.5655000       1.6635000      0.12825000       343.42900       1.7656844     0.022302665
713.00000       291.72620       98591.231       14121.679       1.5080000       2.7837500    -0.012250000       343.85200       1.7567346     0.023670825
718.00001       291.78730       98577.047       14148.632      0.76075010       1.5790000      0.31200000       343.66900       1.7563816     0.024040962
723.00002       291.83034       98577.803       14172.213       2.8570000       4.7060000     -0.33175000       343.05100       1.7738742     0.023505256
727.99999       291.84170       98590.671       14174.845       1.8872500       2.7242500      0.40325000       343.17800       1.7462982     0.023098018
733.00001       291.86155       98599.856       14177.977       2.1107500       2.6875000     -0.29975000       343.19600       1.7668359     0.025136145
738.00002       291.88710       98618.254       14185.057       1.8120000       2.2212500      0.57950000       343.23100       1.8233525     0.016627812
742.99999       291.91707       98626.417       14205.478       3.0495000       3.5202500     -0.49025000       343.16500       1.7643562     0.024652460
748.00001       291.95294       98632.395       14225.853       2.1960000       1.0365000      0.41050000       343.61100       1.8045118     0.023662439
753.00002       291.95667       98631.982       14231.211       1.4380000       3.6450000     -0.56250000       343.11300       1.7804192     0.023167372
757.99999       291.95686       98625.124       14257.625      0.85725000       2.3900000      0.70075010       343.64500       1.7715460     0.022275173
764.00000       291.94812       98614.120       14255.525       1.5165000       2.3860000       1.3137500       343.73400       1.7462309     0.026118622
769.00001       291.91500       98595.720       14226.990      0.90800010       3.8260000      0.45300000       343.16300       1.7891172     0.023312731
774.00003       291.86673       98587.476       14178.576     0.065750000       2.8430000      0.37900000       343.51100       1.7787737     0.023595338
779.00000       291.80013       98576.571       14107.117       3.1630000       2.4827500    -0.062250000       343.05900       1.7819792     0.022244524
784.00001       291.77866       98578.967       14067.756       1.0452500       1.5370000      0.37925000       343.53300       1.7661868     0.023438159
789.00003       291.75741       98592.258       14017.266      0.97675010       1.0307500     -0.18600000       342.93200       1.7690399     0.023088006
794.00000       291.71672       98602.030       13963.741       1.5317500       2.4000000      0.54450010       343.40800       1.7776795     0.022687358
799.00001       291.70080       98620.634       13923.211     -0.31000000       2.5462500      0.66725000       343.55200       1.7427655     0.022982248
804.00002       291.69091       98628.022       13910.012       1.0445000       2.8772500      0.25925000       342.96300       1.7172583     0.021987111
809.00000       291.64933       98631.145       13888.772       1.4120000       1.2667500      0.33300000       343.67500       1.7539012     0.022531038
814.00001       291.62841       98633.409       13878.533       2.6305000      0.57550000      0.19775000       343.25000       1.7836201     0.023502470
819.00002       291.65666       98632.990       13911.680       1.5002500       2.2492500      0.74875000       343.46400       1.7914887     0.024678323
824.00000       291.64797       98627.470       13928.097       1.3040000       3.5275000     -0.52350000       343.01500       1.7598070     0.022497120
829.00001       291.60633       98618.620       13925.075       2.2045000       3.6347500     -0.24325000       342.96900       1.7625667     0.022828617
834.00002       291.57616       98608.734       13928.489       1.8662500       2.4757500    -0.079000000       343.40500       1.7729634     0.025507319
839.00000       291.54525       98588.576       13946.055       2.1095000       3.3627500     -0.66975000       342.60900       1.7580104     0.023676440
844.00001       291.54403       98584.912       13972.750      0.52625000       2.5900000      0.15225000       343.34300       1.7769559     0.022842131
849.00002       291.54364       98586.211       13992.521       1.9042500       2.3692500     -0.17075000       343.06200       1.7550137     0.023828330
855.00003       291.55530       98606.373       14012.226       1.9140000       1.8370000     -0.17975000       343.25600       1.7678491     0.022461245
860.00000       291.59369       98616.513       14056.238       1.0187500       1.4710000      0.54125010       343.53500       1.7741905     0.024294421
865.00002       291.64425       98624.166       14108.919       2.0062500       2.2905000     -0.43525000       342.96900       1.7574877     0.023972721
870.00003       291.69819       98633.579       14159.908       1.8902500       2.8765000   0.00025000000       343.33100       1.7375840     0.024965630
875.00000       291.73850       98631.801       14191.350       2.6690000       2.0222500      0.26475000       343.25900       1.7698959     0.023431227
880.00001       291.79489       98620.040       14240.399       2.9485000       1.6212500      0.16750000       343.29800       1.7734651     0.024859831
885.00003       291.95141       98617.714       14354.211       1.8267500       2.5442500      0.57275000       343.21700       1.8053798     0.023485994
890.00000       291.97776       98610.836       14347.871       2.9350000       2.7715000     -0.31400000       342.99200       1.7296962     0.023364473
895.00001       291.93519       98601.203       14277.470       1.9242500       2.3932500      0.24150000       343.36500       1.7331072     0.025002266
900.00003       291.91878       98595.242       14219.386       3.5465000       2.2385000    -0.026500000       342.58500       1.7696405     0.021915498
905.00000       291.76033       98581.780       14020.480       3.0357500       3.0115000     -0.45575000       342.65700       1.7684717     0.021090117
910.00001       291.67592       98577.123       13891.300       3.3347500       2.9895000     -0.99200000       343.05400       1.7891296     0.024332725
915.00003       291.64068       98578.577       13802.527       1.5007500       3.8552500     -0.56875000       342.81000       1.7548558     0.023712256
920.00000       291.69314       98587.911       13780.888      0.99675010       2.1940000      0.50525000       343.12200       1.7563629     0.022509474
925.00001       291.71447       98598.300       13740.037       3.4802500       2.5052500      -1.0315000       343.05200       1.7672088     0.023208000
930.00003       291.75605       98616.561       13716.206       3.1045000       1.6610000    -0.025500000       343.79300       1.7496059     0.024698279
935.00000       291.72485       98628.686       13628.657       1.5180000       2.4317500     -0.45750000       343.20000       1.7538475     0.023834703
940.00001       291.74330       98633.437       13616.557       2.2785000       1.5455000      0.64075010       343.66900       1.7255239     0.021190817
946.00002       291.77755       98627.696       13660.509       2.1302500       1.4942500     -0.55250000       343.57500       1.7493537     0.024973630
951.00003       291.79838       98620.321       13687.135       1.4002500       2.2987500      0.29475000       343.57500       1.7524066     0.023813609
956.00000       291.83679       98602.280       13746.615       1.2405000       2.3272500    -0.062000000       343.56000       1.7710740     0.023722475
961.00002       291.90820       98592.586       13837.787       1.1640000       1.3062500      0.39950000       343.72400       1.7739281     0.023199904
966.00003       292.00230       98580.530       13942.480      0.93175010       1.6962500      0.18475000       343.88700       1.7682588     0.022369268
971.00000       292.06260       98577.204       14031.934       2.7530000       2.5432500     -0.11575000       343.31500       1.7470752     0.023993479
976.00002       292.14367       98583.168       14164.505       1.1420000       1.9110000      0.46275000       343.74900       1.7714333     0.023546815
981.00003       292.22270       98590.587       14285.419       2.3205000       2.1927500     -0.10700000       343.21200       1.7668846     0.024024729
986.00000       292.26808       98608.621       14400.511      0.39075000       2.7855000     -0.17525000       343.21300       1.7742714     0.025566658
991.00002       292.30752       98618.223       14466.974       1.9430000       2.9287500      0.29400000       343.46500       1.7896945     0.024617144
996.00003       292.38055       98630.212       14559.331       1.2392500       2.4367500     -0.31825000       343.26400       1.8089263     0.025073979
1001.0000       292.41777       98633.553       14573.385      0.65400000       3.5732500    -0.093500000       342.87000       1.7746125     0.026126027
1006.0000       292.38541       98628.108       14448.447       3.0202500       3.4200000     -0.97075000       343.08400       1.7867057     0.024026180
1011.0000       292.39671       98620.722       14394.365       3.0882500       1.6305000      0.43900000       343.15900       1.8323783     0.026133843
1016.0000       292.44813       98602.097       14344.971       1.5182500       3.2912500     -0.44000000       342.79000       1.8155155     0.023933619
1021.0000       292.45703       98592.290       14290.594       1.7955000       2.0022500    -0.021000000       343.41600       1.7835860     0.021098473
1026.0000       292.45538       98579.088       14271.003      0.80450000       2.1477500      0.20625000       342.91900       1.8118829     0.025799752
1031.0000       292.45398       98576.732       14232.523      0.89050010      0.88925000     0.056000000       343.43400       1.7765424     0.023077555
1037.0000       292.39170       98589.128       14123.383      0.81375000       1.7227500     -0.68250000       342.90600       1.7720197     0.024815424
1042.0000       292.38915       98597.838       14097.061      0.50375000       2.3482500     -0.27225000       343.37800       1.8051202     0.023602253
1047.0000       292.43692       98618.943       14118.779       1.0362500       2.4210000     -0.22250000       343.52700       1.7958167     0.023671929
1052.0000       292.45686       98624.985       14122.098       3.5515000       3.6290000     -0.21425000       343.36000       1.8037815     0.025011214
1057.0000       292.50751       98625.391       14171.813       2.5060000       3.5572500     -0.69125000       342.88200       1.7853729     0.024040316
1062.0000       292.51003       98620.469       14180.460       2.8407500       1.8202500     -0.12300000       343.15100       1.7479870     0.023386843
1067.0000       292.44893       98600.812       14128.977       1.5845000       2.5152500     -0.18625000       343.17000       1.7783117     0.024636837
1072.0000       292.44281       98590.115       14137.027       1.7162500       2.1920000     0.031000000       343.10600       1.8009176     0.024646902
1077.0000       292.43017       98570.196       14165.804       1.7092500       1.8875000      0.25825000       343.16700       1.7792641     0.024767394
1082.0000       292.44778       98571.657       14198.102      0.76375000       3.0995000    -0.086500000       343.27200       1.7928572     0.024363158
1087.0000       292.54611       98600.131       14318.833      0.92100010       1.9705000     0.061000000       343.08300       1.7757512     0.022321152
1092.0000       292.56876       98603.692       14320.904       1.4200000       2.0102500     -0.44925000       343.30900       1.7572749     0.025153066
1097.0000       292.57116       98601.938       14255.595      0.66400000       1.4200000      0.39575000       343.40700       1.8230948     0.022596297
1102.0000       292.55337       98608.517       14194.391       1.0800000       1.7482500     -0.44525000       343.39000       1.7639084     0.023326698
1107.0000       292.46765       98604.515       14042.937       1.5372500       1.6132500      0.29850000       343.46500       1.7880282     0.023658042
1112.0000       292.43116       98603.601       13957.835       3.1765000       3.2820000     -0.23825000       343.11000       1.7579461     0.022633635
1117.0000       292.41788       98623.946       13923.256       2.4612500       3.1862500     -0.50500000       343.25400       1.7519523     0.021695883
1122.0000       292.38791       98624.100       13857.897       1.8317500       1.9452500       1.0447500       343.59400       1.7937955     0.025076554
1128.0000       292.36934       98597.930       13769.450       2.0435000       3.0722500      0.15350000       343.35500       1.7707290     0.022608049
1133.0000       292.33355       98589.298       13715.993       2.7832500       2.4482500    -0.093750010       343.49200       1.7852182     0.023270311
1138.0000       292.25999       98578.278       13642.744       1.7602500       2.0752500      0.20150000       343.71300       1.7112667     0.017880186
1143.0000       292.22660       98577.582       13618.461       2.5057500       2.7792500     -0.21350000       343.44400       1.7948023     0.025399365
1148.0000       292.19025       98585.401       13629.752      0.83875010       2.0940000     0.088750000       343.70000       1.7434850     0.022806554
1153.0000       292.19295       98594.358       13650.165       2.9892500       2.9152500    0.0082500000       343.38600       1.7714325     0.021116358
1158.0000       292.24287       98615.168       13710.385       2.6577500       2.6822500      0.83225010       343.61100       1.7729045     0.023818667
1163.0000       292.26292       98620.660       13738.027       2.0387500       3.1235000    -0.073000010       343.22200       1.7720271     0.023633727
1168.0000       292.28837       98622.849       13762.057       2.5400000       3.5875000     -0.69650000       343.44000       1.7742157     0.023087191
1173.0000       292.31805       98621.333       13791.261       1.9465000       2.9332500      0.46150000       343.74500       1.7703600     0.023775370
1178.0000       292.34169       98609.614       13807.886       3.3650000       3.3755000      0.69475000       343.45000       1.7855310     0.022333509
1183.0000       292.36148       98600.029       13830.247       1.4082500       3.1600000     -0.38850000       343.30300       1.7602169     0.022225398
1188.0000       292.39908       98584.550       13865.618       1.8350000       2.1987500     -0.51175000       343.33700       1.7671927     0.023389219
1193.0000       292.41262       98582.069       13893.988       2.8147500       3.1307500      0.30225000       343.56600       1.7702688     0.024834125
1198.0000       292.41116       98579.993       13925.207       2.7410000       3.4365000     -0.44200000       343.41700       1.8074088     0.024919588
1203.0000       292.39497       98586.798       13931.046       3.3420000       2.7340000     -0.36775000       342.63300       1.7823278     0.023959325
1208.0000       292.32355       98615.041       13906.417       3.0222500       2.7580000     0.020750000       342.85000       1.7594381     0.023603841
1213.0000       292.35172       98621.970       13929.658       1.7352500       2.2970000     0.032250000       343.39500       1.7820995     0.025266529
1219.0000       292.44423       98622.941       13974.847       1.3245000       2.4685000     0.077750000       343.13000       1.7963032     0.023366305
1224.0000       292.47398       98620.478       13981.193       1.8072500       2.4010000      0.10600000       343.12900       1.8228946     0.024820311
1229.0000       292.56511       98608.180       14016.926       2.4387500       1.8437500      -1.3215000       343.13800       1.7766292     0.024645266
1234.0000       292.57857       98598.347       14015.117       2.3072500       2.3270000     -0.39375000       343.20900       1.7835474     0.025084036
1239.0000       292.50582       98585.326       13969.400      0.26800000       4.2562500    -0.090500000       343.14900       1.7784320     0.023543712
1244.0000       292.47562       98580.125       13914.325       1.3762500       2.0877500    -0.038250000       342.79900       1.7633693     0.024771987
1249.0000       292.45298       98572.228       13853.800       1.6535000       3.7950000     -0.66525000       342.99000       1.7741770     0.023958492
1254.0000       292.43294       98574.592       13794.889       1.7750000       2.5767500    -0.083500010       343.20700       1.7526663     0.023035170
1259.0000       292.42359       98589.108       13710.618       1.1072500       3.3862500      0.45575000       343.37100       1.7706338     0.022717322
1264.0000       292.35643       98596.101       13618.042       1.7707500       2.1985000      0.17875000       343.55500       1.7715570     0.024755690
1269.0000       292.26226       98606.629       13519.572       2.8860000       2.6567500      0.16250000       343.25200       1.8045832     0.024081287
1274.0000       292.20266       98609.122       13460.282       2.4307500       1.1680000     -0.22325000       343.59100       1.7157942     0.024781687
1279.0000       292.09156       98608.165       13379.815       2.0155000       1.3142500      0.20025000       343.66100       1.7919994     0.025633666
1284.0000       292.05827       98603.557       13345.726      0.93125000      0.42150000      0.93350010       344.13000       1.7801236     0.024242097
1289.0000       292.09105       98590.871       13372.259       2.9832500       2.4102500     -0.25575000       342.86400       1.7894465     0.023820553
1294.0000       292.10993       98585.752       13378.089       2.9705000       1.9327500      0.15825000       343.47200       1.7543094     0.024252946
1299.0000       292.13809       98577.007       13372.463       2.2762500      0.47350000      0.14225000       343.52300       1.7633704     0.025780044
1304.0000       292.17687       98580.314       13399.288       3.8035000      0.70575000      0.22700000       343.28400       1.7559408     0.022759096
1310.0000       292.25013       98595.340       13462.068       3.0155000       2.5310000     0.082500000       343.41400       1.7455942     0.024211629
1315.0000       292.29978       98601.276       13520.708       1.3930000       1.3772500      0.48100000       343.66100       1.8226668     0.024341639
1320.0000       292.35499       98612.681       13590.101       1.6242500       1.9560000      0.65600000       344.35200       1.8219404     0.024081046
1325.0000       292.38359       98613.055       13670.848       2.9777500       1.7875000     -0.26250000       343.66000       1.7884499     0.026859651
1330.0000       292.39479       98607.222       13768.549       3.3247500       1.8152500     -0.15375000       344.46400       1.7901016     0.025459494
1335.0000       292.44663       98591.037       13891.197       2.1315000       1.8545000      0.12700000       344.65400       1.8191513     0.026385938
1340.0000       292.49594       98583.649       13967.735       1.8390000       1.9465000     -0.20125000       344.34000       1.8042080     0.025049540
1345.0000       292.57148       98573.196       13996.096       2.1350000       2.5527500      0.32875000       343.83900       1.8119446     0.026702730
1350.0000       292.65100       98571.554       14043.754       3.1087500       3.4695000    -0.047250000       343.45000       1.8123391     0.026289051
1355.0000       292.82012       98588.023       14141.230       3.5522500       2.6255000    -0.031250000       343.33100       1.7668883     0.023769510
1360.0000       292.83779       98596.172       14126.075       4.2222500       2.6105000     -0.71375000       343.22900       1.7979757     0.024852968
1365.0000       292.78167       98603.085       14057.355       3.2515000       2.5075000      0.63925000       343.25600       1.7929496     0.025419508
1370.0000       292.66021       98612.311       13947.354       2.6015000       2.7122500   -0.0020000000       343.19800       1.7978558     0.023938479
1375.0000       292.59769       98614.997       13882.987       2.3222500       2.3287500      0.12525000       343.83700       1.7456657     0.025338156
1380.0000       292.41477       98612.577       13731.005       1.0827500       1.1260000      0.13000000       344.22100       1.7675737     0.025473010
1385.0000       292.50055       98596.631       13755.314      0.84925000       1.5105000      0.27425000       343.22300       1.7659910     0.024813912
1390.0000       292.55084       98589.396       13762.428       2.1625000       2.4932500     -0.55350000       343.73800       1.8285026     0.023554472
1396.0000       292.62431       98574.717       13758.117       2.1112500       2.7897500     -0.60475000       343.33100       1.8232991     0.024580239
1401.0000       292.66259       98571.516       13753.414       1.2002500       1.9820000     -0.28300000       343.52300       1.7961964     0.023364167
1406.0000       292.67593       98584.523       13750.050       1.5385000       1.7292500     0.070750010       343.85800       1.8281424     0.024978174
1411.0000       292.70597       98591.528       13761.545       2.0997500       2.5282500    -0.068750000       343.23900       1.7546446     0.023679263
1416.0000       292.76200       98603.043       13794.143       3.6772500       1.6242500      0.49625000       343.45800       1.7845542     0.024569851
1421.0000       292.75919       98607.664       13794.723       3.1482500       1.5905000    -0.027750000       343.91500       1.7875160     0.023102356
1426.0000       292.74952       98610.000       13794.605       2.3245000     0.067000000   -0.0075000000       343.93600       1.7753000     0.023120629
1431.0000       292.70599       98606.499       13787.546       3.6387500       1.3422500     -0.65350000       343.92600       1.7869418     0.022695803
1436.0000       292.57846       98589.664       13753.910       2.5842500       1.0542500    -0.055000000       344.23100       1.7723811     0.023250079
1441.0000       292.47915       98583.008       13712.384       3.5197500       1.4630000     0.036250000       343.48600       1.7692559     0.027544833
1446.0000       292.35191       98572.338       13656.560       3.6097500      0.39450000      0.37275000       343.41600       1.7960252     0.022087808
1451.0000       292.27493       98572.058       13620.758       5.2090000       1.4542500     0.052000000       343.56200       1.7439508     0.023974255
1456.0000       292.21962       98590.658       13580.278       4.0895000       2.6467500     -0.34575000       342.82500       1.7957719     0.023688427
1461.0000       292.18229       98597.371       13541.224       5.9232500      0.65925000      0.10550000       343.41500       1.7656721     0.021767127
1466.0000       292.19931       98606.632       13515.007       3.2445000       1.2272500     -0.31450000       342.69300       1.7549748     0.020239953
1471.0000       292.19894       98608.069       13498.655      0.45575000       2.3185000      0.33075000       343.66300       1.7930221     0.020301627
1476.0000       292.21397       98595.829       13481.873       2.0867500       2.5340000     -0.46025000       343.21900       1.7577853     0.021332063
1481.0000       292.20290       98588.809       13465.638      0.51450000       1.8640000      0.39525000       343.67500       1.7692174     0.022065872
1487.0000       292.10979       98573.481       13437.050      0.84600000       2.0325000      0.41850000       343.07000       1.8261470     0.020787634
1492.0000       292.14445       98572.307       13466.974       2.2337500       1.2992500     0.011500000       343.09100       1.7971227     0.022980282
1497.0000       292.25391       98580.519       13546.402       2.1040000       1.7797500     -0.37875000       343.04200       1.7784066     0.021914870
1502.0000       292.31808       98586.279       13583.040       2.0295000       1.2840000      0.32525000       343.70600       1.7549552     0.024639785
1507.0000       292.49168       98602.475       13628.127       2.3715000      0.93775000       1.0365000       343.53400       1.7623904     0.022672938
1512.0000       292.54322       98609.406       13695.816       3.5137500      0.61400000     -0.64275000       343.35900       1.7416435     0.022987257
1517.0000       292.48661       98613.591       13762.146       1.1397500      0.91350010      0.24375000       344.43800       1.7499111     0.024751654
1522.0000       292.43897       98611.117       13793.488       3.0225000       2.3232500    -0.072750000       343.55600       1.7879219     0.022589748
1527.0000       292.31523       98600.204       13851.227       3.5780000       2.1547500     -0.79850010       343.22300       1.7739404     0.023128411
1532.0000       292.27314       98592.864       13878.312       2.0010000       2.3920000     -0.11275000       344.04500       1.7207785     0.023601771
1537.0000       292.28702       98574.239       13871.407       3.6480000       1.9950000     -0.22700000       343.46500       1.7256325     0.024354428
1542.0000       292.23370       98571.506       13817.807       2.5227500       1.7922500      0.11800000       343.92600       1.7431329     0.022859575
1547.0000       292.18343       98580.483       13725.830       3.2412500       1.8202500      0.20625000       343.70800       1.7497565     0.022490119
1552.0000       292.13927       98586.223       13662.357      0.32000000       3.4132500     -0.23375000       343.17400       1.7489353     0.023883797
1557.0000       292.02931       98603.601       13547.870      0.99975000       1.9597500      0.30175000       343.86400       1.7187883     0.024898981
1562.0000       291.96616       98609.110       13464.817       1.3477500       1.4705000     0.067500000       343.86800       1.7389051     0.023148193
1567.0000       291.96124       98609.718       13419.677      0.56300000       1.5797500      0.61775000       344.47300       1.7478938     0.025272646
1572.0000       291.94116       98605.251       13387.442       1.3752500       2.0200000     -0.17625000       343.36700       1.7631296     0.023335262
1578.0000       291.90131       98586.764       13338.436       2.0725000       2.3597500     0.091750000       343.54100       1.7534793     0.022822256
1583.0000       291.88785       98581.066       13328.112       1.6885000       2.4790000      0.93200000       343.64500       1.7732040     0.024842410
1588.0000       291.86531       98571.167       13354.963       2.4617500       3.5332500    -0.037250000       343.59900       1.7478427     0.024532407
1593.0000       291.91479       98574.088       13396.007       1.7990000       1.8390000     -0.27000000       343.55200       1.7307570     0.025884341
1598.0000       292.02642       98592.880       13460.836       1.3952500       2.5647500     -0.10700000       343.84300       1.7453855     0.024265064
1603.0000       292.08672       98600.333       13508.223       3.0067500       2.3802500      0.66475000       343.54100       1.7580623     0.026300628
1608.0000       292.18794       98613.591       13571.342       2.6622500       3.2062500     0.073500000       343.36800       1.7818945     0.024069878
1613.0000       292.24569       98612.940       13635.666       2.8222500       3.1000000      0.35275000       343.35900       1.7445890     0.024813880
1618.0000       292.26422       98598.635       13703.828       1.9987500       2.5755000     -0.65975000       343.49100       1.7325068     0.025947271
1623.0000       292.25159       98591.030       13733.444       2.7267500       2.9342500     -0.90750000       343.33200       1.7544510     0.024027720
1628.0000       292.20412       98572.869       13756.835       3.2235000       1.2017500     -0.13225000       343.26200       1.7878832     0.024614482
1633.0000       292.19411       98571.507       13779.192       2.7735000       2.5800000     -0.12625000       343.10500       1.7454291     0.023931367
1638.0000       292.16644       98581.422       13789.659       1.8510000       1.9092500     0.083500010       343.37500       1.7369125     0.025182374
1643.0000       292.12651       98587.684       13747.727       2.9810000       2.6712500      0.75000010       343.46600       1.7705199     0.025379448
1648.0000       292.09278       98605.307       13679.283       2.4075000       2.0420000      0.37875000       343.05700       1.7749212     0.025295521
1653.0000       292.09924       98609.943       13635.245      0.81400000       1.7832500     -0.14450000       343.06500       1.7865825     0.024996779
1658.0000       292.08700       98609.442       13532.561       2.1185000       2.4325000     0.071250010       342.94600       1.7694493     0.023577343
1663.0000       292.09938       98604.029       13481.262       1.4600000      0.99300000      0.33125000       343.58100       1.8206313     0.025921858
1669.0000       292.19708       98585.311       13492.659       2.2365000       2.0062500    -0.026500000       343.55900       1.7794415     0.026298142
1674.0000       292.23798       98580.136       13466.357       2.2982500      0.76975010     0.024750000       343.33300       1.7513251     0.023939161
1679.0000       292.24491       98574.856       13410.255       2.2330000       1.2902500     -0.34850000       343.27600       1.7762381     0.025018202
1684.0000       292.26498       98571.664       13393.985       2.6755000       2.9022500       1.2025000       343.81700       1.7551178     0.023320084
1689.0000       292.27706       98575.945       13377.411       4.8182500       2.2412500       1.2070000       343.78000       1.7994070     0.024311621
1694.0000       292.34543       98575.122       13415.570       4.8335000       3.3885000     -0.28800000       343.21000       1.7850477     0.024344401
1699.0000       292.44882       98570.058       13494.604       3.1202500       4.8502500     -0.33675000       343.23900       1.7457006     0.024785904
1704.0000       292.48991       98568.971       13566.796       1.1875000       4.2380000     -0.68350010       342.82900       1.7777234     0.026483222
1709.0000       292.54550       98570.385       13670.947       1.2512500       2.1020000      0.87750010       343.47700       1.7451631     0.024833228
1714.0000       292.59615       98570.398       13773.804       1.9545000       2.4985000      0.32825000       344.04400       1.7502282     0.025095940
1719.0000       292.59777       98567.564       13903.136       2.8952500       3.0255000     -0.14375000       343.94100       1.7986494     0.025651688
1724.0000       292.60761       98573.118       13956.301       3.7540000       2.9647500      0.59400000       343.56800       1.7721758     0.024313630
1729.0000       292.66052       98582.801       14012.196       4.1307500       1.0337500      0.21850000       343.73100       1.7622149     0.026565220
1734.0000       292.66250       98590.734       14005.424       2.3052500       2.5830000     -0.29125000       344.23500       1.8040348     0.024661754
1739.0000       292.58871       98606.632       13898.806       3.4780000       1.0835000     -0.30125000       343.69800       1.7635722     0.021758686
1744.0000       292.59617       98610.273       13868.191       1.8285000      0.72000000      0.36100000       344.68000       1.7901106     0.026215182
1749.0000       292.66498       98608.761       13854.499       1.2375000       1.2175000      0.74225000       345.17000       1.7863043     0.024357719
1754.0000       292.64780       98602.342       13819.513       2.3490000       1.6802500    -0.038500000       343.97500       1.8697923     0.025570053
1760.0000       292.61219       98582.866       13792.806       2.0327500       1.2747500      0.16200000       344.86000       1.7592518     0.024323277
1765.0000       292.56017       98582.364       13729.057       2.2385000      -1.3467500      0.67725000       345.25200       1.7969161     0.025037159
1770.0000       292.42489       98582.486       13612.643       4.6507500       2.5985000      -1.1177500       342.91400       1.7853197     0.022885477
1775.0000       292.43071       98588.145       13596.921       4.1935000      0.70825000     -0.31825000       343.58800       1.7623459     0.022402580
1780.0000       292.48864       98607.799       13590.617       3.5300000       2.2500000     0.081750010       344.05000       1.8317170     0.022784356
1785.0000       292.58668       98610.273       13694.245       4.8832500       2.4027500     -0.16825000       343.75500       1.7301985     0.025531400
1790.0000       292.65870       98607.882       13768.237       3.4135000       2.0385000     -0.77975000       343.30000       1.7851204     0.024888883
1795.0000       292.73090       98591.197       13839.816       3.5225000       2.1442500     -0.29325000       344.45600       1.7841543     0.024660965
1800.0000       292.76287       98584.029       13905.224       2.4502500       1.8415000      0.58275000       344.81800       1.8068292     0.024716272
1805.0000       292.80019       98573.191       13990.746       2.8812500       4.0397500     -0.93350010       343.29500       1.7777482     0.024458872
1810.0000       292.77565       98571.396       14024.588       4.3892500       1.6250000      0.18575000       344.06100       1.7642497     0.023188525
1815.0000       292.70182       98576.989       14028.240       3.1450000       3.1037500     -0.44125000       343.76600       1.7971701     0.023713111
1820.0000       292.56010       98596.140       14011.394       4.2262500       3.4707500     -0.58675000       342.87200       1.7772646     0.024773530
1825.0000       292.44789       98600.898       13966.353       3.6805000      0.30175000      0.84500000       344.03500       1.7751925     0.022923137
1830.0000       292.27712       98608.885       13860.316       3.6815000    -0.078000000    -0.021500000       343.95800       1.7710408     0.023431208
1835.0000       292.23105       98592.644       13824.048       4.5072500       1.3815000     -0.48925000       342.93100       1.7426512     0.025562944
1840.0000       292.22525       98584.426       13795.719       2.7827500       1.9787500     -0.31225000       343.69800       1.7738326     0.023966606
1845.0000       292.33050       98570.343       13801.165       3.0475000       2.4787500     -0.27300000       343.02500       1.7746396     0.022640939
1851.0000       292.41386       98566.826       13796.895       2.6555000       1.3310000      0.68800000       344.35700       1.7725440     0.021345032
1856.0000       292.54359       98579.005       13793.823       2.3235000       3.5077500     -0.52600000       343.02000       1.8136337     0.020995688
1861.0000       292.57800       98586.229       13785.093       2.5527500      0.65425000      0.36850000       344.83000       1.7845152     0.023359807
1866.0000       292.52162       98606.167       13761.698       1.2405000       2.4620000      0.29600000       343.87700       1.7803589     0.021932526
1871.0000       292.50024       98609.233       13758.591       2.8230000       3.4112500     -0.62625000       342.60200       1.7778766     0.023549627
1876.0000       292.41906       98595.369       13763.345       2.5292500       3.1522500     -0.43875000       343.44600       1.7767912     0.021986218
1881.0000       292.38117       98589.146       13769.711       2.5435000       1.7310000     0.022250000       344.04900       1.7539209     0.022575521
1886.0000       292.41413       98569.753       13800.046       3.0237500       5.1567500      -1.3547500       343.34000       1.7704932     0.022784621
1891.0000       292.40274       98565.760       13814.423       3.2547500       3.5022500     -0.19750000       342.97000       1.7994862     0.023120965
1896.0000       292.39468       98580.599       13840.444       3.2697500       4.0370000      0.59125000       344.44000       1.8122746     0.022193239
1901.0000       292.35265       98586.584       13828.219       2.8660000       3.4072500      -1.0780000       343.96400       1.8085045     0.022947273
1906.0000       292.24385       98600.491       13778.124       2.5882500       2.0425000   -0.0037500000       343.93600       1.8255980     0.021254532
1911.0000       292.18514       98603.945       13743.136       3.5860000       1.3557500     -0.31700000       342.90200       1.7837733     0.022557187
1916.0000       292.12068       98594.972       13671.624       3.2182500       2.3860000      0.32375000       343.86800       1.7907768     0.023228628
1921.0000       292.08280       98589.855       13634.781       3.2525000       1.7540000     -0.89800010       343.67900       1.7843368     0.021506154
1926.0000       292.11406       98574.555       13648.547       2.0165000      0.20925000    -0.043750000       344.86400       1.7842609     0.022180311
1931.0000       292.10302       98572.057       13628.148       3.1885000      0.96475010    -0.091000010       343.51800       1.7765580     0.019406144
1936.0000       292.06609       98581.606       13587.534       3.8042500      0.24150000     -0.14875000       343.85700       1.7278441     0.023796226
1942.0000       292.04234       98586.720       13564.376       3.2550000      0.72175000     -0.43700000       343.82400       1.7415549     0.022468292
1947.0000       292.00524       98601.728       13524.235       3.8172500       1.0837500     -0.27675000       343.57900       1.7582877     0.021362901
1952.0000       291.98927       98603.873       13517.506       5.8800000      0.49725000     -0.36625000       343.15700       1.8121006     0.021448426
1957.0000       291.98746       98594.008       13536.664       4.1695000       1.0792500     -0.42825000       343.46600       1.7368609     0.021806877
1962.0000       292.00150       98588.637       13571.745       4.8820000      0.81625000      0.22750000       343.79800       1.7661430     0.022949223
1967.0000       292.03881       98576.085       13639.820       3.6572500       1.1742500      0.27450000       344.00300       1.7744519     0.020025173
1972.0000       292.05897       98572.180       13685.236       4.9235000       1.4080000      0.49825000       343.12800       1.7486793     0.021918731
1977.0000       292.12149       98570.746       13761.697       2.5680000       2.1245000   -0.0060000000       343.47100       1.7553947     0.020545673
1982.0000       292.11026       98575.288       13787.035       4.5042500       1.0082500     -0.44175000       343.27600       1.7410706     0.021315650
1987.0000       292.05017       98595.122       13783.163       3.7725000      0.78850000     -0.57150000       343.15400       1.7559330     0.021289818
1992.0000       291.98335       98598.641       13754.291       2.8750000       2.2065000     -0.30325000       343.42200       1.7486144     0.021620176
1997.0000       291.82297       98601.941       13654.407       2.5717500       1.6387500     -0.31625000       343.76900       1.7155365     0.019535048
2002.0000       291.76462       98596.707       13619.670       3.8097500       1.3270000      0.21475000       343.56200       1.7326892     0.019539867
2007.0000       291.74879       98566.820       13603.603       2.8807500      0.11000000      0.60150000       343.67900       1.7625872     0.024173126
2012.0000       291.73597       98560.092       13573.558       2.6362500      0.89000000      0.30325000       343.71500       1.7211343     0.020431989
2017.0000       291.78189       98560.706       13568.494       2.7382500       1.7322500      0.80575000       343.41700       1.7197162     0.019025071
2022.0000       291.81190       98564.489       13561.469       2.3800000      0.52850000    -0.076750000       343.51900       1.7136837     0.020466952
2028.0000       291.84186       98590.956       13524.558       1.8207500       1.1127500     -0.12475000       344.21300       1.7178994     0.023367717
2033.0000       291.86170       98595.869       13513.013       2.9262500      0.70625000      0.45175000       343.90200       1.7178404     0.021203726
2038.0000       291.89942       98593.189       13532.651       2.7420000      0.57975000     -0.29650000       343.51600       1.6904567     0.025945679
2043.0000       291.91303       98590.250       13537.802       3.9937500       2.1970000      0.15425000       343.40200       1.7296416     0.022183822
2048.0000       291.89936       98572.958       13524.355       4.8202500       1.4890000    -0.066500000       343.13700       1.7409952     0.020252168
2053.0000       291.89907       98573.129       13540.305       4.5537500       1.8907500    -0.081250000       343.41300       1.7474087     0.019575779
2058.0000       291.92267       98582.006       13586.819       4.1547500       1.2420000      0.41750000       343.33100       1.6961366     0.023471251
2063.0000       291.89051       98588.236       13604.995       2.3302500      0.82350000      0.38300000       343.87600       1.7620249     0.022281680
2068.0000       291.82676       98607.661       13633.106       3.7305000      0.41750000      -1.2447500       343.55900       1.7400447     0.020006864
2073.0000       291.77067       98608.816       13631.327       5.0325000     -0.34575000     0.025250000       343.25300       1.7544668     0.018299939
2078.0000       291.63736       98601.061       13576.709       4.0502500      0.94725010      0.15800000       343.62100       1.7536964     0.017641709
2083.0000       291.62209       98591.683       13583.483       3.3565000       1.1237500     -0.45850000       342.95200       1.7353244     0.020729937
2088.0000       291.67131       98562.186       13604.837       3.3927500       2.4422500     -0.25325000       342.90900       1.7568572     0.018501214
2093.0000       291.71438       98560.195       13632.799       3.7117500      0.98025010     -0.34450000       343.49300       1.7333820     0.020257069
2098.0000       291.81770       98571.688       13697.678       2.5457500      0.64550000      0.39450000       343.99400       1.7206541     0.021018393
2103.0000       291.89832       98577.566       13748.888       2.3855000       1.7635000     -0.15050000       343.84900       1.7828924     0.023037812
2108.0000       291.98478       98603.333       13801.092       3.7742500      0.46475000     0.062000000       343.28200       1.7463294     0.019956579
2113.0000       292.03890       98605.490       13835.873       3.7760000      0.80550000     -0.24700000       343.30700       1.7020033     0.019101646
2119.0000       292.09679       98586.546       13863.814       3.7032500       1.6960000      0.32000000       343.34300       1.7745539     0.020015355
2124.0000       292.13765       98580.654       13916.700       2.6427500       1.4645000    -0.019750000       343.22900       1.7671574     0.017746604
2129.0000       292.15449       98566.707       13970.185       2.5500000      0.65275000      0.43250000       343.35500       1.7127177     0.022927454
2134.0000       292.15560       98569.161       14015.788       2.9742500      0.21150000     -0.63600000       343.72400       1.7245104     0.021854879
2139.0000       292.16556       98584.150       14112.945       3.5105000      0.83075000     -0.21325000       343.27100       1.7613915     0.021634243
2144.0000       292.13799       98590.194       14110.382       3.8405000       1.6777500      0.17800000       343.39200       1.7247839     0.022152962
2149.0000       292.05869       98603.981       14051.362       3.6712500       1.3602500      0.49350000       343.32400       1.7443161     0.027052115
2154.0000       292.00881       98601.769       13981.093       3.2600000     0.028500000     -0.52450000       343.30200       1.7124690     0.022096453
2159.0000       291.94208       98588.164       13833.378       4.3947500      0.14775000    -0.098000000       343.49100       1.7476234     0.020587192
2164.0000       291.92989       98578.445       13789.645       3.6340000      0.50925000      0.27050000       343.74700       1.6906753     0.024526711
2169.0000       291.96127       98555.961       13790.199       3.8670000     -0.68600000      0.10375000       343.26500       1.7467592     0.021918403
2174.0000       291.93308       98557.963       13729.110       3.5735000      0.21350000     0.066250000       343.21200       1.7242605     0.020284088
2179.0000       291.90364       98572.182       13682.568       1.8187500   0.00050000000      0.58025000       344.26600       1.7131523     0.021630055
2184.0000       291.89338       98579.995       13645.546       2.7217500      0.79625000     -0.31925000       343.87500       1.7023592     0.025716544
2189.0000       291.84910       98603.313       13555.876       2.7000000      0.61100000     -0.30825000       344.00200       1.7259856     0.020831943
2194.0000       291.82734       98605.237       13515.357       1.3975000      0.78600000      0.10800000       343.84900       1.7231222     0.023026534
2199.0000       291.84770       98593.589       13531.561       1.6332500       1.7215000      0.31675000       344.08500       1.7860705     0.018737452
2204.0000       291.85773       98584.019       13538.613       1.8237500      0.99600010      0.31025000       344.25900       1.7757818     0.018688664
2210.0000       291.84397       98561.057       13532.105       3.1012500       2.4577500    -0.014750000       343.33000       1.7364799     0.019629566
2215.0000       291.85510       98563.905       13548.499       2.2600000      0.85775010      0.36025000       343.63100       1.7414964     0.020724601
2220.0000       291.89966       98572.880       13600.504       1.7952500     0.051500000      0.39275000       344.25700       1.7074466     0.019836600
2225.0000       291.92960       98580.356       13646.423       3.2575000       1.1652500    -0.042250000       343.67700       1.7406472     0.018818739
2230.0000       291.95070       98604.911       13681.985       3.4120000      0.57500000      0.16600000       343.98600       1.7874095     0.022304215
2235.0000       291.98535       98591.120       13779.495       3.4045000       1.5587500    -0.041000000       343.22600       1.7552272     0.019674940
2240.0000       292.00684       98585.047       13845.292       3.4762500      0.96575000    -0.058000000       343.25500       1.7021224     0.024340645
2245.0000       292.00035       98570.102       13904.136       3.1957500       1.6315000     0.049750000       343.18600       1.7327213     0.021593303
2250.0000       292.00058       98566.433       13940.392       3.2072500       1.1197500      0.22675000       343.56600       1.7311303     0.021268587
2255.0000       291.98489       98579.402       13927.027       2.7200000       2.3337500     -0.12875000       343.28600       1.6881681     0.023235069
2260.0000       291.99350       98585.387       13936.900       1.4535000       2.4952500     -0.60225000       343.52500       1.7886386     0.021558154
2265.0000       292.01445       98591.373       13949.306       2.0097500       1.8332500      0.29575000       343.13700       1.7615652     0.020124512
2270.0000       292.05641       98604.041       13966.201       2.0807500       1.6232500     -0.12775000       343.49900       1.7544853     0.019923404
2275.0000       292.05545       98600.140       13944.655       2.0760000       1.4230000      0.44050000       344.06500       1.7652590     0.025309135
2280.0000       292.06189       98586.430       13928.763       2.8517500      0.47850000       1.1990000       344.20200       1.7479948     0.022721601
2285.0000       291.95491       98568.653       13788.416       3.6472500       2.3477500    -0.029500000       343.71000       1.7546232     0.021525378
2290.0000       291.93018       98558.142       13731.501       3.2967500       1.6265000     -0.50525000       342.67000       1.7870243     0.022281526
2295.0000       291.96011       98550.361       13712.009       3.0450000      0.75500010     -0.34475000       343.61400       1.7850742     0.021442867
2301.0000       291.99585       98548.019       13713.753       2.9282500       1.2980000     -0.62675010       343.23300       1.7814451     0.023196643
2306.0000       292.12887       98559.955       13827.929       1.6040000      0.58300000      0.45375000       344.10500       1.7420428     0.021588534
2311.0000       292.17469       98561.696       13863.897       2.0942500     0.081000000      0.22475000       343.52700       1.7802360     0.019568451
2316.0000       292.17007       98558.695       13866.378       2.9820000       1.7815000     -0.54350000       343.22000       1.7352221     0.021774595
2321.0000       292.15758       98560.785       13864.689       2.5087500       1.6560000    0.0067500000       342.77300       1.7650238     0.021084679
2326.0000       292.07525       98554.981       13802.058       1.6555000       1.0657500      0.44625000       343.93500       1.7618016     0.019255940
2331.0000       292.03636       98558.596       13781.857       1.9955000       2.4090000     -0.23200000       342.80200       1.7267592     0.023431034
2336.0000       291.99530       98581.484       13788.736       2.2355000       1.4735000     -0.50450000       343.13600       1.7748456     0.023358028
2341.0000       291.98815       98588.835       13788.586       1.8792500       3.2527500      0.31925000       343.14600       1.7442131     0.019942758
2346.0000       292.04784       98595.038       13825.180       2.2317500       2.1117500     -0.13150000       342.98900       1.7244898     0.022621497
2351.0000       292.05632       98593.421       13818.217       3.3912500      0.51025000      0.34400000       344.29300       1.7031435     0.021850011
2356.0000       292.04267       98567.824       13759.543       1.4722500       1.0792500     -0.13100000       343.79300       1.7353887     0.019816870
2361.0000       292.05273       98561.416       13740.492       1.6510000       1.5592500   -0.0022500000       343.49800       1.7375430     0.023299444
2366.0000       292.07283       98560.716       13753.838       1.8762500      0.21875000      0.35450000       344.16700       1.7391254     0.020218337
2371.0000       292.05152       98563.325       13711.417       1.3452500     0.099500010      0.31850000       344.58800       1.7102122     0.021558964
2376.0000       292.00732       98587.134       13628.355       2.4642500      0.36850000     0.094000000       344.26500       1.7278891     0.018307202
2381.0000       291.99721       98594.697       13598.432       2.4767500       1.2265000     -0.39575000       343.51600       1.7995204     0.021172669
2386.0000       291.95361       98595.851       13535.819       1.8105000       1.0360000      0.25450000       343.83800       1.7644660     0.022212603
2392.0000       291.93594       98590.811       13511.304       3.7587500       2.0360000    -0.085750010       342.83000       1.7368942     0.020199402
2397.0000       291.95484       98566.061       13563.883       3.2657500     -0.13525000     -0.10450000       343.46200       1.7398504     0.021341698
2402.0000       292.01272       98561.027       13616.285       3.3810000      0.86550000      0.10500000       343.07900       1.7130956     0.023171584
2407.0000       292.10130       98560.740       13681.752       3.1060000      0.49050000     0.051500000       343.49000       1.8046875     0.023957606
2412.0000       292.17532       98564.658       13739.996       2.5977500      0.66850000      0.10875000       343.32000       1.7443700     0.023486907
2417.0000       292.31188       98590.479       13811.874       2.4800000      0.72875010     -0.15750000       343.16500       1.7797128     0.022310910
2422.0000       292.39481       98595.328       13901.535       2.3445000       1.4577500     -0.43100000       343.45900       1.7894373     0.020857741
2427.0000       292.43378       98590.703       14005.798       2.1505000       1.7457500     -0.27100000       343.20600       1.7171903     0.021618641
2432.0000       292.46973       98585.296       14081.962       1.5165000      0.40750000      0.25975000       344.30900       1.7645589     0.020035241
2437.0000       292.48218       98557.634       14192.519       2.4302500      0.85425000     0.019750000       344.20700       1.8641388     0.020001550
2442.0000       292.51199       98555.550       14249.760       2.0200000       1.4930000     -0.67900000       344.20200       1.7492401     0.019991933
2447.0000       292.52353       98572.368       14256.937       1.6162500       1.4755000     -0.14425000       343.93100       1.7211612     0.022351443
2452.0000       292.55746       98576.331       14251.036       1.4185000       2.4792500    -0.022500000       343.47700       1.7699099     0.020931357
2457.0000       292.60672       98593.905       14205.626       2.0537500       3.4250000     -0.10750000       344.05400       1.7614855     0.020518345
2462.0000       292.67081       98594.039       14182.518       1.3405000       1.7160000      0.44025000       344.83300       1.7810163     0.020321178
2467.0000       292.75926       98567.101       14131.458       1.8135000       2.1600000     -0.13575000       343.27800       1.8209706     0.019045326
2472.0000       292.82951       98560.493       14111.306       1.9870000       2.1332500     -0.32375000       343.77500       1.8169832     0.018622705
2477.0000       292.92833       98555.657       14131.385       2.1930000      0.86175010    -0.079250000       344.32700       1.8120761     0.022966171
2483.0000       292.98788       98560.495       14127.639       2.8375000       1.5177500     -0.15775000       344.44100       1.7490681     0.024202886
2488.0000       293.01130       98584.830       14125.594       2.3692500      0.79675000      0.16700000       345.05800       1.7901050     0.022002013
2493.0000       293.00843       98590.263       14119.531       3.0612500     -0.17400000     -0.68075000       344.48000       1.7529706     0.022750043
2498.0000       292.95818       98594.799       14096.213       2.5530000      0.84850000     0.064250000       344.45100       1.7607493     0.022581907
2503.0000       292.93821       98589.992       14098.291       2.6665000       1.3250000     -0.41200000       343.67200       1.7430386     0.026271232
2508.0000       292.90044       98561.846       14122.251       2.5182500       1.2062500      0.65175000       344.68200       1.7900117     0.021816065
2513.0000       292.88658       98561.118       14121.893       3.4040000       1.8212500     -0.61100000       344.23700       1.7550479     0.019631522
2518.0000       292.88900       98571.704       14128.584       2.1102500       1.9185000     0.057000000       344.71600       1.7540777     0.021011095
2523.0000       292.90533       98577.600       14115.868       2.8025000       3.2282500      0.47550000       344.81100       1.7335575     0.027890353
2528.0000       292.93090       98603.105       14079.285       3.7567500       1.9795000    -0.026750000       343.45300       1.7832693     0.023044840
2533.0000       292.96688       98605.090       14044.670       3.9232500       2.7677500     -0.49750000       343.29200       1.7508495     0.022649184
2538.0000       293.04036       98587.886       14010.626       2.6717500      0.93800000      0.10325000       343.52100       1.8061120     0.020321919
2543.0000       293.07419       98581.790       13958.453       5.3450000       2.8117500     -0.75675000       343.87300       1.7379737     0.022296675
2548.0000       293.13182       98567.375       13883.519       3.9045000       1.0507500      0.80400000       344.31700       1.7194147     0.022980917
2553.0000       293.09682       98568.135       13824.383       4.3332500       1.2232500     0.083750000       344.48000       1.7339298     0.023465793
2558.0000       292.98318       98585.339       13759.628       3.5305000       1.4527500     0.089250010       343.15900       1.7916473     0.021589215
2563.0000       292.90692       98588.152       13703.149       2.3645000       1.8525000     -0.38150000       344.05300       1.8206926     0.021204754
2568.0000       292.78239       98595.165       13671.841       3.7202500       1.6060000     -0.68575000       343.46400       1.7953235     0.019324974
2574.0000       292.67216       98588.696       13587.366       4.3497500       2.4762500     -0.94175000       343.04100       1.7556186     0.027019721
2579.0000       292.59760       98563.694       13484.756       2.7222500       3.3235000      0.22000000       344.92200       1.7660244     0.018885600
2584.0000       292.56532       98561.273       13432.178       4.4672500       2.9342500     -0.46825000       342.68100       1.7704806     0.024421212
2589.0000       292.55821       98561.473       13376.094       2.6652500       4.7655000      0.92950000       344.31100       1.8191669     0.026252418
2594.0000       292.51794       98567.894       13344.079       5.1037500       2.6140000     -0.39625000       342.81400       1.8371276     0.024140268
2599.0000       292.51015       98593.334       13359.312       3.7320000       2.1385000     -0.28100000       342.76100       1.8545775     0.024078127
2604.0000       292.48166       98595.132       13346.135       3.3025000       2.5737500     -0.36325000       342.81400       1.7899668     0.023773972
2609.0000       292.40284       98588.924       13318.573       3.1777500       2.6647500     -0.41525000       342.70200       1.8089701     0.022310016
2614.0000       292.36208       98581.456       13306.612       2.2770000       2.2430000     -0.22050000       342.94100       1.7676740     0.028388974
2619.0000       292.36342       98555.770       13302.883       2.0677500       1.3942500     -0.20625000       343.51900       1.7562505     0.021587649
2624.0000       292.32528       98557.666       13298.892       2.3082500      0.66825000      0.61750000       344.79700       1.8158337     0.026740253
2629.0000       292.26186       98574.085       13303.160       2.2085000       3.2110000     -0.44525000       343.59800       1.7438033     0.024127101
2634.0000       292.21161       98578.150       13291.024       3.4807500       2.5830000     -0.24950000       343.35200       1.7400367     0.020968440
2639.0000       292.16060       98594.939       13270.768       1.3275000       1.6430000     0.099500010       342.80100       1.7609401     0.025823732
2644.0000       292.11049       98590.968       13261.539       1.9570000       2.2152500     -0.39175000       343.58900       1.7649210     0.022527323
2649.0000       292.05948       98563.839       13249.495       2.3540000       2.0557500     -0.10100000       343.86000       1.7576395     0.026998950
2654.0000       292.00970       98559.293       13233.388       1.3957500       2.1737500     -0.22375000       343.65000       1.8067839     0.020461145
2660.0000       291.93113       98557.788       13208.025       1.9620000       1.3987500     -0.59300010       343.81400       1.8042217     0.021426019
2665.0000       291.94452       98561.247       13235.895       1.2100000       1.5755000     -0.42150000       344.03500       1.7364320     0.021247760
2670.0000       291.99249       98577.109       13277.961       2.6857500       2.9150000     -0.44225000       343.40900       1.8325074     0.023481521
2675.0000       292.02472       98578.747       13306.498       1.5165000       1.8380000    -0.030000000       343.76400       1.7342231     0.022394395
2680.0000       292.10087       98577.823       13366.549       1.4910000       2.5410000   -0.0050000000       343.67400       1.7426940     0.021347364
2685.0000       292.16143       98556.623       13412.931       1.1662500       1.0807500      0.73025010       344.36500       1.7794678     0.022349281
2690.0000       292.20195       98551.860       13451.693       1.5177500       2.1652500     -0.37950000       342.89100       1.7567703     0.021318924
2695.0000       292.25607       98556.778       13509.638       1.7690000       2.9912500      0.18250000       342.99300       1.7629212     0.025713832
2700.0000       292.30689       98558.428       13575.060       1.8897500       2.6847500      0.16650000       343.69400       1.7293005     0.022569762
2705.0000       292.36022       98578.890       13669.725      0.93850000       2.1832500      0.47075000       343.73600       1.8633202     0.019672455
2710.0000       292.36295       98584.782       13697.490       3.0905000       1.0220000      0.29700000       343.19500       1.7852006     0.022229403
2715.0000       292.34111       98582.062       13696.623       2.6967500       1.8112500    -0.074500000       343.21500       1.7501695     0.020199575
2720.0000       292.30848       98564.244       13695.984       2.3760000       1.6567500    -0.064750000       343.15900       1.7473096     0.021832195
2725.0000       292.27667       98562.438       13652.195       1.8170000       1.5500000     -0.22375000       343.50800       1.7558866     0.025825435
2730.0000       292.18243       98556.810       13521.741       2.9275000      0.90850000     -0.14100000       343.50800       1.7751939     0.020826382
2735.0000       292.21566       98583.834       13500.560       3.0265000      0.45825000      0.17075000       343.24700       1.7882515     0.021077936
2740.0000       292.24447       98589.979       13484.529       2.3475000       1.2802500    -0.039500000       343.57300       1.7354860     0.027185549
2745.0000       292.30010       98580.841       13504.080       2.8667500     0.014250000      0.33600000       343.29500       1.8094916     0.022612245
2751.0000       292.35941       98576.124       13511.221       3.1397500       1.9020000     -0.18700000       343.79400       1.7422101     0.022828001
2756.0000       292.43836       98547.802       13522.788       3.0985000       2.4147500      0.25550000       343.99200       1.7916470     0.021423080
2761.0000       292.46554       98544.250       13520.123       3.1282500       2.6982500    -0.058000000       343.93200       1.7118401     0.024109300
2766.0000       292.48363       98571.423       13504.884       1.3120000       2.0715000      0.59050010       344.47100       1.7572608     0.024681740
2771.0000       292.45938       98578.000       13488.422       1.8712500       1.9112500      0.86550000       344.76500       1.7297981     0.025056273
2776.0000       292.34018       98589.420       13450.675       1.1405000      0.41900000      0.27250000       344.85000       1.8051859     0.024748763
2781.0000       292.28096       98589.544       13435.040       2.2607500       1.8997500    -0.084250000       344.10700       1.7508652     0.023301470
2786.0000       292.21914       98557.069       13435.591       1.6070000       3.1200000      0.22025000       344.61600       1.7921859     0.021246521
2791.0000       292.18240       98550.037       13428.529       1.7032500       2.4725000     -0.45650000       344.10700       1.7777987     0.025588055
2796.0000       292.18607       98556.804       13426.699       1.9420000       1.7537500    -0.078250010       344.19900       1.7795087     0.024217063
2801.0000       292.19723       98559.134       13430.498       1.8500000       1.3865000     -0.37575000       344.54100       1.7936232     0.025462421
2806.0000       292.17441       98580.703       13374.368      0.60700010       1.1225000     -0.47775000       344.17800       1.7743317     0.023739732
2811.0000       292.23965       98584.742       13420.796       1.9910000       1.5910000     -0.33475000       344.70800       1.7636437     0.027313308
2816.0000       292.41119       98567.168       13571.886       1.9442500       1.1202500     0.050250000       344.81400       1.7551539     0.026702729
2821.0000       292.52155       98563.331       13667.810       2.5077500       3.5610000    -0.046000000       343.23300       1.8012517     0.030854536
2826.0000       292.69584       98558.647       13830.807       1.7922500       3.1225000     -0.31025000       343.94900       1.7464976     0.026567093
2831.0000       292.79227       98558.062       13932.160       1.3915000       1.1365000     -0.75075010       344.04300       1.7942847     0.026610944
2836.0000       292.77598       98576.092       13923.883       1.8552500       1.9447500     0.030500000       344.61300       1.7441050     0.029772626
2842.0000       292.81149       98578.164       13986.061       2.2727500       2.4370000      0.21100000       344.21500       1.7975231     0.024126993
2847.0000       292.81005       98568.619       14054.148       1.2902500       3.3322500     -0.14450000       343.69700       1.7902961     0.025576451
2852.0000       292.85776       98564.183       14121.172       2.5542500       3.3167500     -0.46650000       344.53300       1.7363572     0.026729665
2857.0000       292.97032       98545.399       14252.538       2.7310000       3.4770000     -0.58100000       344.43800       1.7986878     0.025015050
2862.0000       293.02658       98547.400       14288.609       2.5327500       4.9962500     -0.59425000       344.09500       1.8155702     0.026510727
2867.0000       293.07765       98572.246       14278.605       4.9797500       4.4945000     -0.55725000       342.99000       1.8185157     0.026549285
2872.0000       293.12406       98579.603       14248.518       2.4362500       2.4615000      0.56825000       344.45100       1.7900512     0.024188075
2877.0000       293.11255       98590.262       14120.096       3.8392500       2.4515000     -0.10800000       343.25900       1.8367215     0.029408056
2882.0000       293.15981       98594.286       14066.111       2.9202500       2.8760000    0.0067500000       343.45100       1.8145001     0.024431726
2887.0000       293.27112       98578.798       14035.764       3.4772500       2.4545000     0.030000000       344.05000       1.7579802     0.023308893
2892.0000       293.32717       98578.319       14004.378       3.6592500       3.6792500    -0.053000000       343.43100       1.7677821     0.029571367
2897.0000       293.40333       98590.451       14021.300       2.8150000       2.8985000     -0.13225000       343.68400       1.7663176     0.030902404
2902.0000       293.42178       98591.715       13992.427       3.9100000       3.1097500     -0.35600000       344.35500       1.7763012     0.027806522
2907.0000       293.37533       98595.262       13924.020       2.9065000       4.0895000     -0.74225000       343.64700       1.8064327     0.026452550
2912.0000       293.34168       98590.310       13887.610       3.2112500       4.0135000      0.21025000       344.08100       1.7939533     0.025923576
2917.0000       293.29198       98566.960       13856.173       3.1080000       3.6857500      0.30925000       343.77800       1.7514055     0.029781597
2922.0000       293.22816       98560.293       13815.097       2.8265000       3.0702500     0.067000000       344.49500       1.7932115     0.027186015
2927.0000       293.16735       98558.064       13807.047       1.5605000       1.5170000      0.16975000       345.01900       1.7656222     0.024674377
2933.0000       293.04809       98559.245       13737.011      0.95350000       2.1050000      0.63575010       344.93000       1.7751623     0.027690851
2938.0000       292.87761       98577.566       13630.755       1.5920000       5.3070000     -0.64350000       343.67400       1.8076429     0.024206887
2943.0000       292.79003       98577.239       13548.339       1.2020000       2.8375000      0.16350000       343.63500       1.8284027     0.026780958
2948.0000       292.69251       98567.593       13428.150     -0.13750000       3.0850000      0.12425000       344.21400       1.8320332     0.025784325
2953.0000       292.66760       98563.001       13381.931       2.6297500       3.7405000     0.010750000       343.63100       1.8280502     0.027892362
2958.0000       292.75461       98544.880       13389.517      0.72550000       1.9515000      0.44925000       344.93500       1.8243690     0.030241630
2963.0000       292.75870       98548.822       13367.876       1.0142500       2.4495000     -0.10725000       344.65600       1.8027196     0.025623094
2968.0000       292.74616       98574.542       13361.652       1.8220000       3.9937500     -0.55700000       344.07400       1.8365893     0.025139742
2973.0000       292.75606       98579.549       13369.926       2.8952500       2.3175000     -0.48125000       343.22600       1.8208284     0.023065231
2978.0000       292.76548       98589.645       13369.521       3.0940000       2.6542500     0.037750000       343.35700       1.8177720     0.023752079
2983.0000       292.73951       98587.407       13379.310       1.8410000       2.1735000     0.055500000       344.32300       1.8076402     0.023290768
2988.0000       292.74075       98556.500       13437.262       3.2667500       3.1437500     -0.64825000       343.70000       1.8155542     0.023569391
2993.0000       292.68136       98556.539       13446.967       3.8970000       3.2482500     -0.54525000       343.18600       1.8423984     0.025145911
2998.0000       292.53023       98573.811       13425.538       3.0185000       1.7002500     -0.32975000       344.35600       1.7678392     0.026608153
3003.0000       292.44618       98577.841       13408.596       1.8042500       1.2547500       1.0380000       344.83200       1.7714568     0.025092463
3008.0000       292.33650       98594.836       13351.279       3.9370000       3.1377500      0.20325000       343.58200       1.7822849     0.029896690
3013.0000       292.32079       98592.931       13366.041       1.8737500       2.8297500   -0.0085000000       343.70000       1.8121028     0.023093321
3018.0000       292.39556       98562.236       13434.559       3.1555000       5.0372500     -0.39550000       343.59800       1.7737420     0.023996619
3024.0000       292.40715       98562.553       13448.505      0.62925000       4.3692500      -1.0090000       343.24800       1.7904221     0.024681762
3029.0000       292.45119       98573.673       13483.641       1.7107500       4.7827500      0.28775000       344.08200       1.7659039     0.023866553
3034.0000       292.47197       98576.601       13494.338       1.4757500       3.1022500     -0.38775000       343.87300       1.7560410     0.024242000
3039.0000       292.43522       98595.916       13444.018      0.89600000       3.1430000     -0.95050010       342.87900       1.7756672     0.026410784
3044.0000       292.46327       98590.047       13452.491       1.5592500       3.4447500     -0.74975000       342.74900       1.7936822     0.027957125
3049.0000       292.53264       98557.137       13491.324       1.4627500       2.0405000      0.45525000       344.15400       1.7962361     0.024434954
3054.0000       292.60142       98554.312       13542.665      0.14375000       1.7195000       1.1132500       344.21400       1.7800262     0.026639766
3059.0000       292.69608       98555.961       13614.220      0.60350000       1.1940000      0.14375000       344.12300       1.7683998     0.024246430
3064.0000       292.74702       98563.276       13665.278       1.3122500       1.3780000     -0.17575000       343.86200       1.7849813     0.025778190
3069.0000       292.81470       98595.030       13743.276       1.3272500       2.0092500      0.14875000       343.95100       1.8093790     0.025803572
3074.0000       292.81881       98594.250       13776.759       1.5915000       2.9712500     -0.65100000       343.08400       1.7832508     0.024883564
3079.0000       292.76461       98575.516       13778.564      0.60600000       1.8337500      0.16775000       343.73100       1.8555084     0.023105665
3084.0000       292.72563       98573.345       13774.061      0.99425010       2.4677500     -0.17025000       343.94500       1.8723433     0.025630945
3089.0000       292.66915       98562.865       13768.009      0.14975000       2.9192500      0.10050000       343.73000       1.8201838     0.026713590
3094.0000       292.60012       98563.185       13714.799       1.0927500       3.7180000     -0.40000000       343.34800       1.8297684     0.026304974
3099.0000       292.52178       98584.101       13622.716      0.19125000       2.4797500     -0.67150000       343.11800       1.7614030     0.022839370
3104.0000       292.43322       98582.009       13540.416       1.5372500       2.9192500     -0.63975000       343.75900       1.7690445     0.025774954
3109.0000       292.29293       98564.702       13409.420       1.0692500       3.2075000     -0.21700000       344.34300       1.8390791     0.028655022
3115.0000       292.24512       98562.300       13347.378       1.2117500       4.9335000     -0.47400000       343.08700       1.7912411     0.027214491
