0.00000000      291.83561       98614.118       14026.546       2.9602500       2.5557500      0.47850000       344.42200       1.9717328     0.012626418
5.0000131       291.85300       98620.044       13990.389       3.0442500       2.8257500     -0.35400000       344.21600       1.9624019     0.013660710
10.000026       291.86170       98630.303       13944.623       3.2567500       4.0622500     -0.35650000       343.53200       2.0506664     0.013062651
14.999999       291.94551       98635.545       13941.199       1.5955000       3.2385000     -0.33500000       343.62300       2.0052485     0.012384100
20.000012       292.09454       98634.922       13980.901       1.1005000       2.1792500     -0.18300000       344.52800       1.9595628     0.011045080
25.000025       292.27228       98636.970       14048.655       2.5502500       3.6627500     -0.68400000       343.07200       2.0611227     0.013283901
29.999998       292.54590       98641.488       14143.479       2.6147500       2.0192500      0.29450000       343.05600       2.0422769     0.011527363
35.000011       292.66148       98640.790       14226.954       4.1757500       5.0057500     -0.75475000       342.78700       2.0520743     0.014339619
40.000024       292.82371       98637.348       14384.823       2.7467500       2.9552500      0.78975000       343.93800       2.0444508     0.012276120
44.999997       292.74929       98631.625       14421.826       3.0787500       4.6640000     0.019500000       343.31100       1.9684587     0.011525345
50.000010       292.42123       98621.774       14382.918      0.61825000       2.6192500       1.2570000       344.01000       2.0170026     0.013829332
55.000024       292.29113       98614.853       14367.752       1.4030000       3.3897500    -0.043750000       343.12600       2.0347838     0.012541435
59.999996       292.05333       98605.139       14295.344       2.3285000       3.2760000     -0.36100000       343.38900       2.0032268     0.011951057
65.000010       292.04397       98600.872       14276.132       1.2775000       1.8370000       1.0277500       344.40800       2.0095603     0.014062432
71.000017       292.23230       98599.495       14284.168       1.9230000       2.8987500    0.0010000000       343.28700       1.9798250     0.011899205
75.999990       292.38862       98598.734       14261.944       2.7100000       2.2365000    0.0012500000       343.88800       2.0044425     0.013486626
81.000003       292.54853       98599.587       14268.556       1.6677500       2.5257500       1.1330000       343.59100       1.9998671     0.012790461
86.000016       292.83730       98600.385       14334.668       2.7055000       2.6382500      0.60350000       343.76100       1.9504928     0.013556964
90.999989       292.94408       98604.108       14339.492       3.5232500       4.7312500     -0.62300000       342.41600       2.0268765     0.014395117
96.000002       292.95003       98613.311       14318.685       2.2315000       2.1657500     -0.79525010       343.32200       2.0063868     0.011991799
101.00002       292.93798       98620.268       14310.779       1.6220000       2.4150000     -0.30075000       343.60100       2.0092218     0.012837048
105.99999       292.85219       98627.211       14289.661       4.4455000       2.5665000     -0.18775000       342.85500       2.0273468     0.011898623
111.00000       292.60379       98636.565       14227.624       4.0992500       1.6405000     -0.36000000       343.11400       1.9421002     0.012672008
116.00001       292.44274       98640.367       14162.156       4.0285000       2.7122500     -0.17375000       343.48600       1.9452205     0.012838114
120.99999       292.29447       98641.412       14113.438       3.0062500       2.2110000      0.21500000       343.75900       1.9977320     0.015745306
126.00000       292.12945       98637.188       13997.124       3.3252500       2.3712500      0.44750000       343.65000       2.0159655     0.012501923
131.00001       292.02279       98635.159       13908.810       3.8962500       2.1940000    -0.077000010       342.48100       2.0337403     0.015531302
135.99999       292.01479       98634.836       13833.923       3.7067500      0.74475000     -0.23475000       343.34600       2.0056267     0.011929389
141.00000       291.99371       98630.970       13785.944       4.2382500       2.4137500     -0.38525000       343.23700       1.9647251     0.012051075
146.00001       291.98486       98625.853       13757.261       2.2042500       1.1682500      0.17225000       343.82000       1.9635087     0.011428360
151.00003       292.00047       98621.218       13746.312       3.1817500       1.3380000    -0.028750000       343.40700       1.9866656     0.014230054
156.00000       292.00059       98615.055       13737.306       3.0642500       2.7490000     -0.21900000       343.49100       1.9986016     0.011995740
162.00001       291.99747       98603.028       13753.681       2.7857500       3.1847500       1.2070000       344.67500       1.9827906     0.012101955
167.00002       292.02045       98599.821       13749.047       4.0667500       3.3390000      0.37400000       343.46600       1.9488063     0.011750399
171.99999       292.05168       98599.077       13772.541       3.3490000       2.0722500    -0.027250000       343.73200       2.0105322     0.012607609
177.00001       292.15295       98600.935       13855.680       2.8567500       2.7340000    -0.053000000       342.75600       2.0027688     0.013134079
182.00002       292.16850       98605.144       13886.528       4.6780000       4.0685000     -0.52200000       343.19700       2.0059445     0.014399591
186.99999       292.10833       98614.704       13867.004       2.0730000       3.5305000    -0.052750000       343.29700       2.0174714     0.013025461
192.00000       292.09849       98621.658       13908.819       2.6197500       2.4292500     -0.55350000       342.98500       2.0062930     0.012721572
197.00002       292.05270       98631.734       13973.915      0.58150010       1.5937500      0.94075010       343.15200       2.0038158     0.012929247
201.99999       292.03518       98637.525       14012.655       1.6337500       3.4615000     -0.40350000       343.03700       2.0053803     0.012355771
207.00000       292.07581       98640.618       14106.023       1.7930000       2.2642500      0.40825000       343.76500       1.9965092     0.014564938
212.00002       292.10613       98641.358       14155.307       2.4992500       1.9067500      0.29375000       343.13600       2.0170657     0.012188986
216.99999       292.13449       98636.779       14138.116      0.56550000       2.0855000    -0.081000000       343.28500       2.0311967     0.013619450
222.00000       292.15468       98634.758       14133.174       2.3815000       2.4570000     -0.30075000       343.55700       1.9868366     0.013613348
227.00002       292.20476       98635.486       14138.399       2.7295000       2.2630000      0.21900000       342.86200       2.0317694     0.013474798
231.99999       292.21218       98630.233       14123.862       3.0665000       2.0592500     -0.13925000       342.94700       2.0362941     0.013714292
237.00000       292.18119       98623.222       14083.289       1.8275000       2.7880000    -0.084750000       343.77100       2.0453902     0.014038951
242.00002       292.14965       98614.907       14050.500       2.3815000       2.0660000     -0.11625000       342.71100       2.0111244     0.013180296
246.99999       292.06217       98592.298       13995.121       2.5722500       2.2595000     -0.51075000       342.51300       2.0367545     0.013097035
253.00000       292.03229       98585.736       13968.158       1.4862500       2.4200000     -0.52600000       342.32900       1.9882372     0.011715089
258.00001       292.05709       98590.306       13980.828       1.5190000       2.2982500    0.0030000000       342.59500       2.0308088     0.013521916
263.00002       292.04743       98595.797       13966.060      0.80550000       2.9540000     -0.20075000       342.30700       1.9897026     0.013240893
267.99999       292.05692       98615.271       13952.392       1.0007500       2.7257500     -0.31650000       342.60400       1.9838902     0.012261521
273.00001       292.05301       98625.445       13940.184      0.43525000       2.1960000     -0.16675000       342.81600       1.9823889     0.016718963
278.00002       292.00507       98634.458       13895.871      0.79000000      0.78250000      0.32050000       343.58800       2.0125906     0.013150506
282.99999       291.98878       98638.364       13887.127       1.1765000       2.1500000    -0.054750000       343.79100       2.0159879     0.012631099
288.00001       292.00040       98638.786       13907.768      0.94650010       1.9985000       1.1562500       343.89100       2.0223074     0.012898094
293.00002       292.00052       98635.584       13923.725       2.1432500       2.5595000      0.12250000       343.67200       2.0272003     0.013768756
297.99999       292.01306       98623.076       13958.973       1.1455000       3.3080000    -0.056500000       342.75500       1.9912273     0.012186975
303.00001       291.99932       98617.359       13976.768      0.46375000       2.9310000    -0.027500000       343.62800       2.0389055     0.015062930
308.00002       291.97472       98615.164       13983.707       2.1430000       2.8645000     -0.14300000       342.82800       1.9827248     0.013483615
312.99999       291.94120       98607.807       13999.163       2.6422500       3.6490000      -1.0095000       342.85100       1.9911081     0.014210789
318.00001       291.88008       98596.183       14033.550       3.3087500       2.4125000      0.35275000       343.34900       1.9988717     0.013016029
323.00002       291.83066       98592.941       14022.096       2.2270000       2.6205000    -0.099000010       342.59400       2.0161799     0.013486747
327.99999       291.74057       98587.831       13976.198       1.4992500       1.3417500      0.21425000       344.02300       2.0146067     0.014545783
333.00000       291.73220       98588.396       13958.077       1.0255000       1.2047500      0.65600000       344.14600       2.0560660     0.012577302
338.00002       291.79398       98600.419       13929.182      0.39100000       2.2755000      0.39600000       343.86900       1.9943161     0.013164534
344.00003       291.80578       98610.069       13881.447       1.5310000       2.1442500      0.23650000       343.58600       2.5494441     0.013009283
349.00000       291.85647       98617.649       13852.837       1.3700000       2.8360000     0.094750000       343.73000       2.1514394     0.013697717
354.00001       291.86412       98624.619       13833.596       1.2105000       2.8317500      -1.6122500       343.43000       2.1584444     0.015405342
359.00002       291.80075       98635.458       13781.793      0.61225000       1.0980000      0.29900000       343.89000       2.1139440     0.017006749
364.00000       291.78716       98638.509       13776.522       2.0717500       1.2587500      0.80300000       344.35000       2.1119904     0.015222130
369.00001       291.79992       98638.334       13821.976      0.69425000       2.2417500     0.098750000       343.75300       2.1707301     0.012651537
374.00002       291.79986       98634.570       13848.279       2.4915000       3.2762500     -0.48400000       342.49300       3.2828596     0.015909967
379.00000       291.81166       98623.208       13893.090       1.3850000       2.8315000     -0.83175000       342.75900       2.1248979     0.014251790
384.00001       291.79523       98616.132       13902.941       1.4875000       2.0392500      0.75350000       343.56500       2.1477510     0.015081687
389.00002       291.71403       98606.358       13867.939       1.8412500       2.7722500     0.066000000       343.49400       2.1790065     0.012471415
394.00000       291.75932       98601.609       13911.432       1.4890000       2.6097500     -0.57125000       342.87500       2.3278406     0.013498302
399.00001       291.87100       98600.473       13977.573      0.89825000       2.1270000     -0.30875000       343.01100       5.2982166     0.016495339
404.00002       291.93709       98599.094       14036.934       1.9337500       1.7102500      0.29050000       343.23000       2.9562251     0.016520259
408.99999       292.08572       98599.072       14162.007       2.1097500       2.7067500      0.47925000       343.95500       2.1344051     0.014451389
414.00001       292.15641       98600.638       14236.960       1.6880000       3.3630000     -0.42600000       343.32000       4.7626536     0.014141008
419.00002       292.12979       98602.092       14258.712       2.3705000       2.8662500      0.77350000       343.77300       2.1503866     0.013263571
423.99999       292.16655       98607.415       14317.312       1.2525000       2.4965000     -0.42175000       342.82200       2.5905778     0.012499922
429.00001       292.24105       98618.689       14411.375       1.2000000       2.1440000      0.42950000       343.67200       2.0461779     0.014422608
435.00001       292.28021       98625.065       14459.384       2.6005000       3.2342500      0.25900000       343.39800       2.1171823     0.015020136
439.99999       292.31255       98632.667       14494.244      0.62425010       1.4152500     -0.53750000       343.51100       2.0458518     0.014467746
445.00000       292.30533       98631.153       14479.800       1.6562500       3.6702500      0.29200000       343.36100       2.3492430     0.015461273
450.00001       292.25374       98623.630       14403.853       1.9062500       2.7652500      0.11275000       343.65500       2.0886223     0.013187041
455.00003       292.23383       98614.034       14371.138       1.5005000       3.1822500     -0.83350000       343.35100       2.0972288     0.015693466
460.00000       292.20605       98595.907       14337.016      0.54425000       1.1987500      0.63175000       344.18900       5.5425775     0.017593922
465.00001       292.17637       98587.656       14280.356       1.1097500       2.0660000    -0.070500000       344.35300       2.2321300     0.016534446
470.00003       292.17411       98576.552       14234.777       1.3880000       2.5132500     0.043250000       343.48500       2.7826933     0.015471045
475.00000       292.11622       98578.886       14161.043     -0.24675000       2.6500000    -0.073500000       343.19100       2.2109601     0.014038571
480.00001       292.02336       98596.693       14044.514      0.36050000       1.4757500      0.66725000       343.83700       2.5925670     0.016350260
485.00002       291.93425       98597.104       13956.979       1.6147500       1.6277500      0.18025000       343.13500       2.5099292     0.014163915
490.00000       291.79963       98595.361       13860.593       1.9830000       2.0482500     -0.36025000       343.30500       2.0623297     0.016658089
495.00001       291.73666       98596.496       13811.857       2.6692500       2.8452500     -0.62800000       343.45100       3.9148640     0.015465975
500.00002       291.69393       98587.836       13772.450       2.8272500       2.9205000     -0.24350000       343.37100       2.3259476     0.015367202
505.00000       291.67147       98590.358       13773.386       2.4350000       2.9552500     -0.13250000       343.36500       2.4318840     0.014390330
510.00001       291.70086       98606.459       13826.478       2.0327500       2.4935000      0.20000000       343.76000       3.0571079     0.012106606
515.00002       291.70116       98608.842       13868.059       1.7922500      0.60900000      0.13050000       344.48800       2.6267521     0.019263799
520.99999       291.70652       98606.932       13948.441       1.7695000       1.3860000      0.11550000       343.39700       3.9622647     0.016212882
526.00000       291.66953       98591.234       13944.872       2.9032500       2.8015000      0.67350010       343.40200       4.4216008     0.015729306
531.00002       291.64926       98587.656       13973.709       3.3690000       1.8382500   -0.0082500000       343.07400       7.3419297     0.019196991
535.99999       291.64475       98589.332       14034.121       2.8287500      0.25225000     0.090500000       343.66200       5.0331935     0.017059430
541.00000       291.60636       98592.868       14039.466       3.8017500      0.56500000      0.21550000       344.11800       4.5078084     0.016443966
546.00002       291.54002       98611.872       14028.604       1.3680000       1.8805000      0.45525000       344.30000       12.630343     0.029027768
550.99999       291.50032       98622.192       14024.279       2.1422500       1.5170000      0.10775000       343.36400       7.1689028     0.020022165
556.00000       291.46062       98628.818       14001.506       2.3690000       1.5462500    -0.011250000       343.62100       4.5648596     0.018913266
561.00001       291.38759       98631.572       13919.130       2.1850000      0.76675000      0.21575000       343.71500       3.1024580     0.016754096
565.99999       291.37030       98633.320       13884.816       1.2157500       1.7250000      0.16350000       343.72900       3.5094917     0.014539641
571.00000       291.39456       98632.246       13881.000       1.2110000       2.2280000      0.61925010       344.42200       8.2820683     0.022780206
576.00001       291.43063       98624.015       13848.168       1.2640000       1.1705000       1.5282500       344.00200       5.6308902     0.016726357
580.99999       291.45102       98616.191       13832.433       1.8630000       2.1802500      0.50600000       343.86500       3.5772147     0.016654800
586.00000       291.48539       98595.651       13842.561       3.1822500       1.6755000     -0.54675000       343.12000       4.5423792     0.015511646
591.00001       291.50645       98587.097       13852.035       3.4282500       2.2940000   -0.0035000000       343.69500       3.2448954     0.018258619
596.00003       291.51522       98584.709       13866.053       1.6757500       2.6165000     -0.13925000       343.31300       2.8190576     0.017009645
601.00000       291.50047       98588.458       13886.004       3.2450000       2.4000000     -0.36775000       342.61000       3.5525606     0.020917289
606.00001       291.50059       98593.061       13905.748       2.5052500      0.62700000     -0.16650000       343.30500       6.4239601     0.016181424
612.00002       291.49985       98606.953       13931.454       2.2395000      0.82400010     -0.57650000       343.20100       3.2368273     0.019180876
616.99999       291.50006       98616.313       13980.395       2.8845000       3.1217500    -0.098500010       342.59600       8.9399976     0.023125919
622.00001       291.50006       98622.282       14012.534       2.0622500       3.5515000      0.20375000       342.57900       3.7101815     0.017344295
627.00002       291.51436       98632.639       14082.699       1.4767500       2.9837500      0.37875000       343.34800       3.8701581     0.016626438
631.99999       291.50312       98632.935       14084.862       2.6952500       2.0245000     -0.34550000       343.25100       4.0651061     0.015825345
637.00000       291.43745       98623.018       13997.637       2.4655000       1.2955000     -0.37825000       343.49300       6.8572408     0.021568739
642.00002       291.43978       98614.860       13973.513       2.9597500       1.2907500     -0.25950000       342.69100       3.9812712     0.018327543
646.99999       291.44666       98593.673       13915.463       3.2665000       2.3135000     -0.32350000       342.54700       3.9712536     0.017569568
652.00000       291.49072       98586.313       13912.469       2.2820000       1.3260000    -0.038750000       342.98700       6.2708070     0.018834787
657.00002       291.67552       98587.789       14024.911       2.5610000      0.47100000      0.88600000       342.71600       4.0401212     0.014424700
661.99999       291.73106       98589.198       14058.509       1.7360000       2.5025000     -0.64625000       343.03600       5.0103059     0.015535665
667.00000       291.71119       98598.901       14060.971       3.4212500       2.1142500     -0.41300000       342.71800       4.7826421     0.018919175
672.00002       291.70871       98606.907       14069.581       2.3245000       1.9360000     0.072250000       342.92800       4.7907787     0.016537343
676.99999       291.61891       98619.016       14028.619       2.9742500       1.7397500     -0.24900000       342.86200       2.4941274     0.014480105
682.00000       291.58159       98622.620       14018.148       1.6152500       2.2277500    -0.077250000       343.31700       3.1032004     0.013974601
687.00002       291.60010       98621.796       14046.166       1.8762500       2.4130000     -0.44800000       342.98100       3.1273733     0.016758620
691.99999       291.60006       98621.552       14052.185       2.3922500       2.6597500     -0.86375000       343.03100       2.5216101     0.015651520
697.00000       291.57168       98616.582       14031.599       2.3285000       1.6942500     -0.20425000       343.55900       2.3331413     0.019637098
703.00001       291.60185       98607.819       14052.397      0.98100010       2.6975000      0.11050000       343.50800       2.1869519     0.017963263
708.00002       291.67780       98598.509       14100.026      0.63700000       1.8290000     -0.58225000       343.42100       2.2107827     0.016792332
713.00000       291.71820       98592.433       14118.391      0.21175000       1.0847500      0.62675010       343.68300       2.5630288     0.015913602
718.00001       291.77721       98577.781       14143.120      0.15025000       2.7387500      0.35425000       343.50100       2.0051730     0.014631150
723.00002       291.82272       98577.062       14168.028       2.9075000       4.3785000      -2.1205000       342.88100       2.0157211     0.014772391
727.99999       291.83774       98589.131       14174.180       2.4240000       1.7055000      0.54475000       342.91600       2.1436410     0.012957825
733.00001       291.85757       98597.821       14177.377       2.3410000       2.7110000    -0.069000010       343.15600       2.1040694     0.016005773
738.00002       291.88112       98616.179       14181.379       2.2297500       1.1160000     -0.60925000       343.20600       2.6900054     0.021500278
742.99999       291.91107       98625.080       14201.123       2.7167500       3.0442500     -0.13900000       342.96700       2.3710793     0.017024185
748.00001       291.95069       98631.876       14224.530       1.7472500       2.6332500      0.18800000       343.47300       3.2233522     0.015618277
753.00002       291.95693       98632.465       14230.306       2.0340000       2.6142500      0.34725000       343.36100       2.1346185     0.018552641
757.99999       291.95659       98626.443       14255.677       2.4065000       2.0042500     -0.10525000       343.25500       2.0583009     0.013935358
763.00001       291.95301       98618.377       14258.852       1.1375000       2.3515000      0.76350000       343.31200       2.0507643     0.015179398
768.00002       291.93086       98599.706       14241.628      0.33975000       2.0835000     -0.10075000       343.19000       2.5313803     0.015019740
772.99999       291.88751       98590.479       14199.962       2.0502500       3.1965000     -0.29775000       343.09900       2.6339634     0.018881051
778.00000       291.81209       98577.737       14123.964      0.94650010       2.6550000   -0.0070000000       343.06300       3.4697607     0.015638998
783.00002       291.78580       98577.099       14083.029       1.0132500       2.2632500      0.26425000       343.25100       2.2939075     0.018073252
787.99999       291.77367       98589.049       14039.396      0.39250000       2.6447500     0.094250000       343.09400       3.0104420     0.015242569
794.00000       291.72486       98599.875       13974.241      0.40950000       1.4297500      0.12075000       343.19900       2.2081370     0.017995171
799.00001       291.70285       98618.691       13927.332       1.7372500       4.5305000      -1.1207500       342.99800       3.1545032     0.015748519
804.00002       291.69285       98626.855       13911.665      0.22325000       1.9270000     0.094750000       343.55400       1.9811297     0.014724219
809.00000       291.65498       98630.394       13892.487       2.0077500       1.6517500      0.44375000       343.49900       2.0802422     0.013697855
814.00001       291.63161       98633.155       13879.471       1.9200000       2.5695000     0.033750000       343.21900       2.2164537     0.019089726
819.00002       291.65693       98633.654       13908.137       1.8747500       1.6800000    -0.072750000       343.49100       2.5950667     0.015528233
824.00000       291.65069       98628.867       13924.988       1.3602500       3.1047500     -0.33700000       343.03200       2.5066334     0.020679995
829.00001       291.61235       98620.279       13924.787       1.4205000       2.0937500     -0.80850010       343.69000       4.6272753     0.017198106
834.00002       291.58221       98610.923       13927.543       1.7725000       1.0452500      0.36975000       343.84300       2.6713256     0.013755925
839.00000       291.54700       98590.060       13941.281    -0.057750000       3.1677500     -0.16000000       343.01700       2.0218661     0.013991946
844.00001       291.54327       98585.144       13967.033       3.0220000       2.8257500     -0.13750000       342.95400       2.1947873     0.016417884
849.00002       291.54339       98585.507       13988.928       2.0257500       3.2717500     -0.63025000       343.01700       2.0571182     0.013349588
853.99999       291.54966       98591.529       14008.672       1.9417500       2.7297500     -0.29575000       343.19200       2.0413840     0.018452309
859.00001       291.57687       98612.755       14037.598      0.77700000       1.6622500    -0.019750000       343.50800       2.3078983     0.014515478
864.00002       291.62257       98621.403       14086.801       2.2352500       2.4092500     -0.38925000       343.21300       2.5255686     0.014351414
868.99999       291.68223       98632.517       14146.193       1.9170000       2.0050000    -0.057750000       343.45500       1.9885709     0.014993606
874.00001       291.72230       98633.272       14179.262       2.3922500       2.5412500      0.18500000       343.12600       5.4979325     0.021888096
879.00002       291.76553       98621.675       14219.058       3.2115000       2.5595000     -0.35125000       343.27200       2.5324014     0.013677841
884.99999       291.85963       98616.769       14283.208       2.0302500       2.5720000    -0.030750000       343.00100       2.5798381     0.018538843
890.00000       291.97659       98612.310       14353.295       2.6535000       3.5110000     -0.94325010       342.82100       2.0068918     0.016366914
895.00001       291.96194       98604.454       14305.461       2.2515000       1.8817500      0.39350000       342.87100       2.1093983     0.017076827
899.99999       291.92501       98596.435       14234.329       3.7275000       2.2757500     -0.86975000       342.78800       3.9222720     0.016389634
905.00000       291.87906       98590.462       14143.122       3.7672500       2.6767500     0.075250010       342.92500       5.4825720     0.017970680
910.00001       291.68887       98577.566       13913.873       3.1377500       2.7355000      0.27575000       343.27700       3.6031383     0.019091164
915.00003       291.64379       98577.798       13817.090       2.5917500       3.3367500    0.0095000010       342.80000       4.6860813     0.015203461
920.00000       291.69040       98586.295       13790.585       1.8072500       2.8967500     -0.38850000       342.96900       2.0041710     0.016864689
925.00001       291.70919       98595.915       13747.192       1.3697500       2.3285000     0.034750000       343.14700       2.3622359     0.017074664
930.00003       291.75480       98614.692       13724.771       1.3960000       3.1755000     -0.58000000       343.16700       2.0818281     0.018092595
935.00000       291.75602       98623.028       13681.071       2.1972500       2.0465000     -0.53850000       343.23600       2.2589014     0.017090859
940.00001       291.73859       98632.993       13616.211       1.4917500       1.9207500      0.13450000       343.44900       2.0376649     0.019566350
945.00002       291.76723       98632.676       13631.795       1.6717500      0.48200000      0.43975000       344.04700       3.2716273     0.016303615
950.00000       291.78858       98623.716       13674.151       1.0665000       2.0835000     -0.32225000       343.65500       5.9134190     0.024380121
955.00001       291.81675       98614.116       13712.463       1.7882500       2.3935000     -0.36600000       343.52100       3.2518546     0.019448517
960.00002       291.87808       98596.174       13799.574       1.4752500       1.6945000      0.29250000       343.69000       3.0535214     0.015041142
965.00000       291.95726       98587.929       13899.508       1.4777500       1.7170000      0.23675000       343.68300       4.6213554     0.015954275
970.00001       292.03848       98577.779       13994.836       1.6027500       1.9167500      0.34050000       344.25100       2.9410081     0.016970076
976.00002       292.12629       98582.126       14138.889       2.9852500       2.5997500     -0.37875000       343.07400       2.1719408     0.017213968
980.99999       292.20794       98588.809       14262.200       1.6287500       1.5372500      0.19075000       343.42800       3.0430840     0.020912123
986.00000       292.26019       98606.404       14384.557       2.2830000       2.8615000      -1.0842500       343.16100       6.9120019     0.020800419
991.00002       292.29964       98616.500       14455.460       1.8770000       2.4770000      0.68700000       343.38600       6.4771503     0.019452300
995.99999       292.37014       98628.804       14549.439       1.5645000       3.0887500     -0.77525000       342.70800       3.2808302     0.017134851
1001.0000       292.41230       98633.378       14575.304       1.5960000       4.0520000     -0.35150000       342.64100       2.5415699     0.021152256
1006.0000       292.42977       98631.786       14542.030      0.47875000       2.6917500      0.17900000       343.26600       2.0929291     0.017239293
1011.0000       292.39344       98622.510       14404.517       2.5745000       2.1930000    -0.027750000       342.99400       7.5912903     0.020762156
1016.0000       292.41488       98612.022       14357.041       1.7322500       3.2825000     -0.28950000       342.69700       2.2840017     0.014616468
1021.0000       292.45625       98594.049       14300.769       1.1760000      0.88500010     -0.21125000       343.34300       2.1227406     0.016398717
1026.0000       292.45417       98580.467       14277.252      0.79025010       2.1327500    -0.076500010       342.77000       2.0533369     0.016075499
1031.0000       292.45526       98576.599       14241.181       1.7442500       1.6300000     -0.27350000       343.13600       2.0113499     0.015443218
1036.0000       292.39960       98586.336       14142.370     0.073250000       2.5972500     -0.33975000       343.47900       2.3405246     0.017128944
1041.0000       292.38722       98594.057       14103.972      0.88300000       3.0270000     0.075000000       343.41200       2.0316898     0.016077298
1046.0000       292.39943       98604.251       14095.728       4.2045000       2.0047500      0.20150000       343.10000       2.1430134     0.016586732
1051.0000       292.44884       98623.317       14119.566       2.7727500       3.1217500     0.038000000       342.95500       2.9675357     0.017656695
1056.0000       292.46898       98625.616       14128.912       2.6982500       2.8532500      0.26925000       343.75500       3.0799751     0.015997079
1062.0000       292.51153       98621.953       14180.214       2.8487500       3.7310000     -0.48875000       342.77700       4.6576950     0.015381397
1067.0000       292.45172       98603.118       14129.778       1.4885000       2.2255000   -0.0040000000       343.23000       2.9716332     0.015292990
1072.0000       292.44300       98592.143       14133.810       1.4522500       1.1770000      0.25575000       343.72400       2.0878802     0.015082286
1077.0000       292.42961       98571.232       14161.113       2.1595000       2.9987500     -0.31575000       343.01000       2.7548168     0.016655619
1082.0000       292.44228       98570.479       14190.461      0.80750010       3.1507500     -0.23825000       342.63100       2.8064059     0.016611424
1087.0000       292.53863       98598.829       14312.369      0.90700010       1.9982500      0.33100000       342.99600       2.0841015     0.015612815
1092.0000       292.56620       98603.373       14324.528       2.3160000       2.2995000     0.047750000       342.93300       2.8087162     0.013965209
1097.0000       292.57165       98600.461       14264.322       1.4402500       1.4880000      0.91675000       343.28100       3.7022897     0.024240964
1102.0000       292.55898       98607.309       14208.966      0.51400000      0.66125010      0.51350000       343.44000       2.3717995     0.015346419
1107.0000       292.47645       98605.153       14062.669       1.4310000       1.9212500     -0.43650000       343.11200       2.0656772     0.014696162
1112.0000       292.43746       98603.480       13973.055       2.8552500       3.9102500     -0.35700000       342.92500       3.5963318     0.015403526
1117.0000       292.42390       98622.712       13935.881       3.0037500       3.3377500     -0.42925000       343.40300       4.4098132     0.015307773
1122.0000       292.39389       98624.872       13871.267       3.2462500       2.2092500      0.73025010       342.98200       2.9954653     0.018091941
1127.0000       292.38024       98602.075       13792.599       2.4867500       1.5842500      -1.4050000       343.26000       3.6541869     0.014122091
1132.0000       292.34934       98592.454       13736.618       2.5157500       1.6562500     0.012250000       343.59500       2.2092475     0.016017121
1137.0000       292.27680       98580.331       13660.138       1.5425000       2.5460000     0.082750010       343.55400       2.5623436     0.015183369
1142.0000       292.23847       98577.101       13624.890       1.4810000       3.6147500     -0.75050000       343.65700       2.0982458     0.012695409
1147.0000       292.19621       98582.876       13626.699      0.54100000       2.1835000      0.38725000       343.88300       2.1053622     0.018235614
1153.0000       292.19040       98592.265       13644.619       3.2112500       3.8540000    -0.089000000       343.54700       2.2000497     0.014428067
1158.0000       292.23882       98613.449       13704.204       2.4832500       2.3202500      0.72175000       343.81400       4.0809130     0.016768816
1163.0000       292.25894       98619.975       13732.934       2.2412500       2.6687500     -0.49225000       343.37700       3.3428028     0.018293191
1168.0000       292.28242       98622.561       13755.961      0.48225000       3.6047500    -0.083500010       343.23300       8.5191144     0.022509723
1173.0000       292.31212       98622.031       13785.591       1.2377500       2.6025000      0.11625000       343.48100       3.9647730     0.016945456
1178.0000       292.33773       98611.381       13803.781       3.3380000       3.2257500     -0.53175000       343.26900       2.4462634     0.018290733
1183.0000       292.35753       98602.046       13825.530       1.6997500       3.8415000     -0.94900010       343.30300       2.3422321     0.015209011
1188.0000       292.39485       98585.643       13859.611       1.1390000       3.2922500     -0.35150000       343.34700       2.2041309     0.014270001
1193.0000       292.41092       98582.167       13888.537       1.9042500       2.8465000    -0.020250000       343.38700       2.0676173     0.015205861
1198.0000       292.41291       98579.536       13922.592       2.5695000       2.6522500      0.10400000       343.47500       3.0867052     0.017873440
1203.0000       292.39921       98584.835       13930.844       2.8227500       2.2475000    -0.040750000       343.04700       2.9019124     0.017333358
1208.0000       292.32248       98612.883       13903.433       3.3530000       2.8522500     -0.17100000       342.86000       4.6743046     0.015642205
1213.0000       292.34304       98621.099       13923.898       2.0370000       2.8467500     -0.39125000       343.22600       3.5964608     0.015858384
1218.0000       292.43233       98622.545       13970.891       1.7637500       2.7100000      0.29250000       343.05300       3.7770552     0.017379345
1223.0000       292.46208       98622.055       13979.264      0.73825000       3.1100000   -0.0030000000       342.95600       3.1000769     0.013976138
1228.0000       292.54911       98611.747       14011.598       1.1427500       2.8137500     -0.13625000       343.02100       3.4013410     0.012372774
1233.0000       292.57774       98602.437       14018.432       2.4317500       2.3282500      0.53000000       343.48300       2.4435141     0.016777308
1238.0000       292.51792       98588.118       13987.286     -0.52375000       2.1680000      0.42675000       343.33100       2.9652891     0.014720510
1244.0000       292.48165       98580.962       13926.521       1.1965000       2.7422500      0.39125000       343.24400       2.0686518     0.014914786
1249.0000       292.45704       98572.511       13864.528       1.1887500       1.6497500     -0.23475000       343.16100       2.1354950     0.013962654
1254.0000       292.43692       98573.616       13807.373       2.5147500       1.8647500      0.63075000       343.75900       2.7926405     0.018109020
1259.0000       292.43407       98587.709       13728.355       1.8305000       2.4787500     -0.90200010       343.00000       2.0105206     0.014483412
1264.0000       292.37183       98594.702       13637.070       2.8045000       1.7647500      0.59875010       343.29000       4.9797225     0.015838531
1269.0000       292.27418       98605.689       13532.882       4.0267500       2.0360000    -0.037250000       343.14000       3.3234433     0.016685437
1274.0000       292.21458       98608.918       13471.176       2.4780000       1.4932500      0.49725000       343.42700       2.1196447     0.013983309
1279.0000       292.10275       98608.628       13390.201       2.6232500       1.4330000      0.56375000       343.41500       3.8665743     0.013917803
1284.0000       292.06191       98604.784       13350.171       1.3195000       1.0445000   -0.0047500000       343.99400       4.0506324     0.017646767
1289.0000       292.08879       98592.050       13371.667       2.7172500       1.3637500     0.078250010       343.05700       3.7913165     0.015819579
1294.0000       292.10514       98586.673       13376.541       2.2805000       1.6120000     0.015250000       343.49700       3.5665442     0.014669610
1299.0000       292.13181       98577.102       13369.298       2.0750000      0.58325000       1.5607500       343.88700       3.6182297     0.019444738
1304.0000       292.16813       98579.148       13392.454       2.1785000      0.22250000      0.29425000       344.03400       4.2359690     0.017130422
1309.0000       292.23026       98592.962       13441.845       4.8085000       1.0435000      0.65075000       343.68100       3.2005539     0.016301416
1314.0000       292.27992       98598.903       13495.862       2.7895000      0.63575010      0.30975000       343.97700       5.0029582     0.018207492
1319.0000       292.34012       98611.123       13560.976       2.1900000      0.18075000      0.60775010       344.78900       3.3240708     0.018324307
1324.0000       292.37362       98613.509       13637.191       2.9200000       3.5485000     -0.57800000       343.34000       4.5521388     0.017550929
1329.0000       292.37753       98609.522       13733.409       2.6592500      0.82550000      0.23500000       343.99500       2.8811440     0.013105616
1335.0000       292.43531       98600.809       13840.308       1.9995000       1.6542500    -0.050500000       344.12800       3.3592266     0.016883452
1340.0000       292.48512       98584.915       13954.429       2.5630000       2.5542500      0.17625000       344.29100       3.3436821     0.013824545
1345.0000       292.54405       98579.641       14010.900       2.6602500       2.0350000     -0.11575000       343.85900       2.5155599     0.015150875
1350.0000       292.63510       98571.290       14034.766       2.4657500       2.5342500    -0.067000000       342.99300       3.2948943     0.018217771
1355.0000       292.71461       98575.571       14076.963       3.9035000       3.4160000     -0.35200000       342.94700       2.6533750     0.018532752
1360.0000       292.84016       98594.641       14133.407       3.9572500       3.3015000     -0.72925000       342.90100       3.8728022     0.015388452
1365.0000       292.79880       98601.801       14075.355       3.3750000       2.8027500    -0.073000010       343.45300       3.6581525     0.016578796
1370.0000       292.67103       98611.326       13959.200       2.1835000      0.89450000      0.53350000       343.77900       2.1933055     0.014658882
1375.0000       292.61131       98614.759       13896.542       1.4222500       1.2232500      0.52700000       343.64900       7.2433691     0.020302983
1380.0000       292.42441       98613.687       13744.011       1.6707500      0.98875000     0.099500010       344.01800       2.4108201     0.018365042
1385.0000       292.40629       98606.141       13698.394       1.9357500       1.9447500     -0.40675000       342.89000       2.3208911     0.018493196
1390.0000       292.54082       98590.732       13761.262       2.2557500       1.0202500      0.29750000       343.94400       3.2888387     0.016915277
1395.0000       292.59071       98584.610       13765.804       2.5737500       2.5700000    -0.057750000       343.32900       3.6491024     0.016321999
1400.0000       292.64876       98571.911       13754.968       2.0250000       1.6132500      0.48325000       343.81400       2.0127207     0.014137888
1405.0000       292.67966       98573.135       13751.917       1.6022500      0.62950000      0.64275000       344.03100       2.7342686     0.018487153
1410.0000       292.69394       98588.718       13756.233       1.8927500       2.8712500     -0.55650000       343.45100       4.7632442     0.017018522
1415.0000       292.72405       98595.765       13771.306       2.7960000       1.0155000     -0.43675000       343.85700       4.2812210     0.022562344
1420.0000       292.76332       98606.267       13795.611       1.9090000       2.3020000     0.027000000       343.13200       2.6224516     0.012879956
1426.0000       292.75376       98610.097       13794.341       3.0992500      0.49150000      0.11050000       344.22200       3.0199615     0.014079123
1431.0000       292.71767       98607.602       13790.079       3.9040000      0.31450000      0.45825000       344.00900       2.6167474     0.020515222
1436.0000       292.59832       98591.289       13761.470       3.1152500       1.6187500      0.38100000       344.00700       3.2795982     0.015142871
1441.0000       292.49902       98584.144       13721.184       4.5145000       2.3520000     -0.39650000       343.60500       2.6115131     0.015901091
1446.0000       292.37026       98573.283       13664.083       2.6265000      0.93400000     -0.68425010       343.30500       3.0156668     0.013637429
1451.0000       292.28836       98571.522       13627.673       4.3175000       1.6120000     -0.11850000       343.28000       5.4170716     0.017460293
1456.0000       292.23104       98577.165       13594.349       4.2782500       1.7665000     -0.35650000       342.87900       3.2305913     0.020344896
1461.0000       292.18774       98596.223       13548.437       3.3627500       1.5752500      0.26350000       343.93700       5.4746046     0.015053808
1466.0000       292.17057       98600.992       13515.338       3.6780000       1.5297500    -0.069250000       343.01800       4.2820112     0.014453971
1471.0000       292.19902       98608.283       13501.630       1.7425000       2.6300000    -0.068250000       342.95000       4.2837111     0.016327546
1476.0000       292.21468       98597.240       13485.922       2.0050000       2.1900000      0.31750000       343.03900       3.0682708     0.013683772
1481.0000       292.20612       98590.208       13468.350       1.7512500       1.4880000     -0.38275000       343.02300       6.1200634     0.019804540
1486.0000       292.10971       98575.666       13432.638      0.42100000       2.3492500      0.39600000       343.39200       5.6943686     0.016619398
1491.0000       292.12468       98572.042       13451.760       2.1400000       1.4870000      0.21725000       343.09400       1.9928371     0.016521068
1496.0000       292.18887       98574.543       13497.934       1.0927500       1.8435000      0.12450000       343.50700       8.2159097     0.020159638
1501.0000       292.29075       98583.661       13568.437       2.4820000      0.97925010     -0.27125000       343.36100       4.1874468     0.016714882
1506.0000       292.36321       98590.990       13604.800       1.8312500    -0.073250000     -0.22250000       344.03700       2.7630924     0.014507327
1511.0000       292.53013       98607.084       13668.433       2.2905000       1.0395000      0.12975000       343.88500       3.5985277     0.019476980
1517.0000       292.49316       98613.480       13754.973       1.8420000       1.3237500      0.23675000       344.14000       3.1295144     0.016709541
1522.0000       292.45049       98612.016       13787.830       3.2065000       1.9920000     -0.30300000       343.88200       6.4688949     0.022987075
1527.0000       292.32659       98601.522       13842.565       2.2950000       3.0122500      0.11300000       343.53700       5.6030534     0.016838310
1532.0000       292.27960       98594.432       13875.044      0.90325000       2.0485000      0.11800000       344.23800       5.2951352     0.020978956
1537.0000       292.29621       98575.671       13878.681       2.6130000      0.80875000     -0.17550000       343.57100       2.4478210     0.015310207
1542.0000       292.24535       98571.463       13830.817       1.4660000       1.5757500     -0.14975000       344.11900       4.9372748     0.018388037
1547.0000       292.19064       98579.649       13737.412       1.6290000       2.0192500     -0.33350000       344.38900       2.2253571     0.018327403
1552.0000       292.14918       98584.866       13675.790       1.8730000       3.7022500      0.68225000       344.51000       1.9337549     0.020360119
1557.0000       292.04494       98601.898       13566.853       1.2287500       2.0347500     -0.44325000       344.14400       2.2515029     0.017472855
1562.0000       291.97679       98608.409       13479.855       1.9857500       2.0860000      0.19800000       343.84500       3.6330057     0.017372213
1567.0000       291.96530       98610.008       13427.317       1.6420000       1.4065000     0.043250000       344.02100       1.9725357     0.017307246
1572.0000       291.94514       98606.547       13393.095       2.1520000       3.5292500     -0.37025000       343.03400       2.5906580     0.019309135
1577.0000       291.91013       98589.727       13349.267       1.9165000       3.1857500     0.026000000       343.39400       3.2999361     0.019416319
1582.0000       291.89176       98583.052       13329.372       2.2007500       1.8027500     -0.28450000       343.33300       2.8746118     0.020935074
1587.0000       291.85617       98572.130       13343.342       2.6082500       2.1202500    0.0072500000       343.25700       2.7286857     0.015203333
1592.0000       291.89043       98572.006       13377.529       2.4647500       1.9960000     -0.15400000       343.72600       2.3011584     0.015592280
1597.0000       292.00230       98589.549       13442.766       2.0490000       1.5037500   -0.0025000000       343.64200       4.5520218     0.017329719
1602.0000       292.06260       98597.502       13488.888       2.6540000       1.6460000      0.29425000       343.36900       2.6334441     0.015363786
1608.0000       292.17331       98612.813       13558.414       3.3940000       3.2820000    -0.087500010       343.53600       5.5118120     0.017816437
1613.0000       292.23619       98613.676       13622.844       3.3647500       1.7997500      0.14925000       343.00100       2.1149685     0.018530842
1618.0000       292.26380       98600.007       13696.047       2.0795000       2.0115000     -0.38100000       343.77500       5.2039310     0.018503241
1623.0000       292.25608       98592.650       13728.764       2.9392500       2.7535000     -0.73325000       343.37800       4.2852725     0.016635428
1628.0000       292.20611       98574.024       13750.871       2.1175000       2.5337500     0.057750000       343.65700       2.3252586     0.014963297
1633.0000       292.19611       98571.191       13775.715       3.8395000       1.9495000     -0.57275000       343.08400       3.5222888     0.018851009
1638.0000       292.17443       98580.483       13794.881       2.0387500       1.5550000      0.92000000       343.69800       3.7042823     0.017818573
1643.0000       292.13450       98586.223       13758.217       3.5487500       3.3817500     0.035500000       342.93500       2.0095143     0.017770784
1648.0000       292.09300       98603.784       13687.077       2.9257500       2.9455000     -0.41400000       342.95800       2.8812227     0.014226170
1653.0000       292.09695       98609.413       13644.732       1.8512500       2.1877500    0.0055000000       342.75600       5.6218045     0.015983119
1658.0000       292.08749       98609.921       13545.864       1.6015000       3.2302500     -0.29025000       342.92700       2.6891014     0.017113919
1663.0000       292.09492       98605.514       13489.501       2.1272500       1.9117500    -0.026250000       343.19600       4.3490429     0.018187816
1668.0000       292.17726       98588.073       13500.855       2.3807500      0.37500000    -0.027000000       343.70300       2.9823287     0.014413192
1673.0000       292.22310       98581.909       13477.870       3.2130000       1.7825000      0.32400000       343.12800       2.1239786     0.018066683
1678.0000       292.23697       98576.841       13420.662       2.1952500       1.0370000      0.15775000       343.73100       6.5140866     0.022290461
1683.0000       292.25691       98572.638       13398.820       2.5965000       2.6872500     -0.49025000       343.12200       3.0079964     0.022904706
1688.0000       292.25674       98575.932       13371.386       3.0215000       1.7765000      0.53375000       343.35900       4.5502988     0.015703659
1694.0000       292.32975       98575.384       13405.290       5.1050000       3.5605000     0.071000000       343.24600       5.8393900     0.017046344
1699.0000       292.43899       98570.429       13481.979       3.9142500       4.2100000     -0.19775000       343.57000       6.7704179     0.018276289
1704.0000       292.48277       98569.086       13551.147       1.3475000       4.5697500     -0.17500000       343.32100       3.4817563     0.014557337
1709.0000       292.53389       98570.381       13651.240      0.74475000       2.8545000      0.10600000       343.29300       2.0406059     0.018884222
1714.0000       292.58701       98570.396       13752.658       2.0755000       1.9262500     0.098500010       344.08900       2.0229973     0.018325514
1719.0000       292.59580       98566.897       13888.968       3.3757500       3.3290000     0.030000000       343.97700       3.5107699     0.015132215
1724.0000       292.60564       98571.712       13948.027       2.6477500       2.6652500     0.056250000       343.53000       2.5055776     0.015620192
1729.0000       292.65707       98581.378       14007.958       5.4667500       3.1720000     -0.32250000       343.04500       2.4762243     0.015909998
1734.0000       292.66414       98589.039       14010.507       2.3290000       1.7727500     -0.24700000       344.06000       5.5249046     0.020616934
1739.0000       292.59023       98605.308       13906.235       3.2097500       2.1815000      0.30825000       344.15100       3.2234401     0.020084495
1744.0000       292.59267       98609.943       13873.448       2.6785000       1.3277500      0.27075000       344.06700       9.3172756     0.020809073
1749.0000       292.66535       98609.442       13861.106       1.7592500      0.24750000       1.0785000       344.82700       5.4987754     0.017954771
1754.0000       292.65328       98604.029       13826.767       2.9180000      0.42800000      0.11300000       343.78300       3.8601901     0.016663422
1759.0000       292.62611       98584.439       13812.187       2.3935000      0.61375000      0.72225000       344.25300       3.2217421     0.017272829
1764.0000       292.58393       98581.976       13757.168       2.3022500      0.64450000      0.18825000       344.06900       5.6015852     0.020547739
1769.0000       292.43663       98581.657       13628.278       4.3247500       1.6447500    -0.067750010       342.86400       3.7542666     0.021903291
1774.0000       292.42235       98585.266       13599.212       3.7490000       2.0782500      -1.4882500       343.34800       4.3098338     0.018310487
1779.0000       292.47446       98605.364       13583.697       4.2670000      0.38725000     -0.32500000       343.66800       4.7436605     0.018496716
1785.0000       292.52905       98610.282       13625.019       4.6427500       2.4647500     -0.20750000       343.60400       3.1518509     0.013777625
1790.0000       292.64535       98608.759       13753.807       3.7527500       2.1595000     -0.28000000       344.51500       4.3993003     0.014016284
1795.0000       292.70684       98602.379       13824.095       1.8345000       1.2897500     -0.46675000       345.23100       2.4721873     0.016972044
1800.0000       292.75845       98585.266       13892.704       3.5287500       1.4775000       1.0875000       344.69300       3.8978913     0.021866785
1805.0000       292.77075       98580.064       13952.449      0.93800000       2.9390000     -0.79375000       343.54300       3.6610450     0.017028035
1810.0000       292.78450       98571.164       14020.223       2.0420000       2.7420000     -0.19500000       344.42700       3.2871749     0.014564812
1815.0000       292.72053       98575.279       14029.942       3.9887500       3.9762500     -0.17775000       343.62100       2.5849356     0.031558337
1820.0000       292.58089       98594.898       14016.896       3.1215000       2.7207500     -0.49125000       344.11100       5.7408743     0.019082445
1825.0000       292.47143       98600.140       13977.688       3.4402500       2.4247500    -0.054500000       343.02900       2.0368427     0.013500851
1830.0000       292.29219       98609.123       13869.644       4.8627500       1.1717500      0.15350000       343.31200       3.7032357     0.014344433
1835.0000       292.23687       98604.934       13829.481       4.0882500      0.96500000    0.0090000010       343.61200       6.7383101     0.021968495
1840.0000       292.22238       98585.960       13800.182       2.1622500       3.0230000    -0.031750000       343.66600       4.4132461     0.018083500
1845.0000       292.25684       98578.844       13783.807       2.7600000       1.8060000      0.47925000       343.59300       4.0686511     0.014727791
1850.0000       292.38607       98566.819       13798.531       2.7975000       2.6087500    -0.052500000       344.14800       3.2127570     0.014671922
1855.0000       292.45558       98569.050       13794.044       2.3637500       3.3560000     -0.21450000       344.06900       2.7934170     0.016243192
1860.0000       292.57026       98583.174       13788.908       3.3527500       3.6307500     -0.98375000       343.21600       2.1037511     0.012279206
1865.0000       292.57455       98591.225       13778.605       2.0910000       2.0725000     -0.23925000       343.78900       3.5744598     0.015687703
1870.0000       292.51029       98609.053       13758.873       2.5832500       2.3470000     -0.15700000       342.92500       2.2966716     0.015053131
1876.0000       292.42969       98596.475       13762.934       3.2040000       2.8475000      0.31150000       343.64400       6.9301323     0.018384457
1881.0000       292.38671       98590.482       13767.859       2.9335000       2.1330000      0.31450000       343.75700       2.6652037     0.015391335
1886.0000       292.41492       98571.586       13796.418       1.7715000       1.6415000     -0.41150000       344.45100       2.6705244     0.014005576
1891.0000       292.40600       98565.868       13812.051       3.0547500       3.2365000      0.12850000       344.59400       5.9265808     0.018321612
1896.0000       292.40013       98579.402       13840.299       2.0232500       3.3840000      0.97025010       344.07200       5.3151695     0.015831476
1901.0000       292.36303       98585.387       13832.390       3.3347500       2.3790000      0.13575000       343.66800       1.9980667     0.012274373
1906.0000       292.30129       98591.373       13802.922       3.5072500       1.7847500     -0.35900000       343.69300       4.5538226     0.017853633
1911.0000       292.19593       98603.758       13750.615       3.9035000       1.1390000     -0.35925000       343.93400       2.6518592     0.012790339
1916.0000       292.14675       98602.177       13710.835       3.4402500       2.0947500     -0.87325010       343.05900       10.820921     0.037167510
1921.0000       292.08837       98590.976       13640.621       3.1780000      0.64800000     0.096250010       343.82800       2.7370984     0.012757343
1926.0000       292.11477       98575.817       13651.578       1.8207500      0.36100000      0.36575000       344.73200       2.7573313     0.012315863
1931.0000       292.10623       98572.049       13632.926       3.4945000      0.42975000      0.77425000       344.47300       10.002043     0.018807301
1936.0000       292.07005       98580.927       13591.765       4.5780000     -0.51650000      -1.0280000       343.45400       3.5482264     0.025211536
1941.0000       292.05026       98584.818       13571.671       3.6662500      0.22675000     0.012750000       343.82400       5.4056839     0.015427271
1946.0000       292.03047       98589.944       13554.226       4.3990000      0.60925000    -0.076250000       343.78700       4.2152927     0.013107527
1951.0000       291.99415       98603.770       13517.754       4.6025000    -0.034000000      0.36225000       343.65600       2.6998792     0.013141690
1956.0000       291.98575       98602.139       13523.241       4.7142500      0.92700000     -0.21300000       343.65700       3.0698984     0.027037248
1961.0000       291.99437       98590.932       13555.703       3.8545000      0.61275010      0.34800000       344.13100       3.5464881     0.013536140
1967.0000       292.03474       98577.326       13630.622       2.7627500      0.97000000     -0.19350000       343.53100       4.6289205     0.014851360
1972.0000       292.05496       98572.654       13676.229       2.7870000       2.0610000     -0.26575000       343.88600       6.4246526     0.016478068
1977.0000       292.11931       98570.431       13753.363       4.0050000       1.7947500      0.52825000       343.37900       6.0027308     0.015388663
1982.0000       292.11545       98573.984       13784.150       4.1782500       1.1770000     0.027000000       343.35300       3.4730401     0.018080837
1987.0000       292.06058       98593.826       13785.769       3.5477500       2.6985000    -0.065500010       343.14100       4.2888097     0.015855646
1992.0000       291.99868       98598.332       13762.174       2.7115000      0.37600000      0.55075000       343.77600       6.4247519     0.016235914
1997.0000       291.83912       98602.067       13663.333       2.2602500       1.0480000       1.1652500       343.74600       2.2963513     0.012429202
2002.0000       291.77331       98598.367       13625.298       3.9842500       1.0925000     0.076250000       343.33400       3.0073011     0.013257171
2007.0000       291.75437       98569.074       13610.416       3.1060000       2.4390000     -0.10275000       343.24500       3.5157782     0.012865858
2012.0000       291.73652       98560.832       13579.034       3.2672500       2.3462500     -0.22800000       343.26300       4.8533364     0.013737464
2017.0000       291.77587       98560.697       13569.483       3.0450000       2.0960000     0.055000000       343.37200       5.0603417     0.015150619
2022.0000       291.80590       98563.233       13563.152       1.9887500      0.34700000      0.37925000       343.84700       6.1309916     0.015368598
2027.0000       291.83393       98587.263       13532.509       2.4435000    -0.048750000    -0.078250010       343.79200       4.3053363     0.014236019
2032.0000       291.85376       98594.644       13516.201       2.5895000      0.69025000     -0.12600000       343.75100       5.2860338     0.015499188
2037.0000       291.89046       98593.283       13530.090       3.4110000       1.0512500    -0.061750000       343.72100       2.9954825     0.013598553
2042.0000       291.90909       98591.889       13535.955       4.8282500       1.5737500     -0.54125010       343.37900       2.6130266     0.013391483
2047.0000       291.89946       98574.644       13521.671       5.1825000       2.5820000     -0.63750000       342.80300       3.1257121     0.012366517
2052.0000       291.89919       98572.309       13532.341       3.7205000      0.65375000      0.79375000       343.45200       4.7478059     0.014746051
2058.0000       291.92609       98581.051       13582.536       2.9717500       1.4445000     -0.53000000       343.24000       5.3177768     0.013432441
2063.0000       291.89895       98586.796       13601.797       2.5675000       1.8182500      0.60225000       343.27100       3.7993036     0.015106899
2068.0000       291.83649       98606.543       13631.284       2.1952500     -0.17575000     0.038250000       343.97200       4.4278330     0.017407343
2073.0000       291.78288       98609.176       13633.133       4.1880000      0.38125000     -0.38100000       343.43900       3.5409978     0.012785361
2078.0000       291.64632       98602.344       13577.580       3.8910000       2.2590000     -0.23725000       343.09300       5.2366074     0.014462194
2083.0000       291.62121       98593.953       13580.640       3.3757500       2.4137500    -0.059500000       343.46300       4.7213673     0.013349768
2088.0000       291.66581       98563.790       13601.080       3.1335000      0.83825000      0.73775010       343.22500       4.4383725     0.012889669
2093.0000       291.70369       98559.790       13625.981       3.6947500      0.42600000      0.76975010       343.71300       5.3933958     0.013324226
2098.0000       291.80157       98570.963       13687.382       2.7412500      0.97025010      0.58525000       344.11400       11.192891     0.020622223
2103.0000       291.88220       98576.090       13738.683       3.7795000      0.39775000      0.19450000       343.21000       4.0477608     0.013616633
2108.0000       291.97236       98601.688       13793.279       3.1497500       2.2145000     -0.90000000       343.28200       3.9914718     0.016386822
2113.0000       292.02914       98605.868       13829.489       4.0812500      0.18325000      0.26600000       343.20800       6.4903348     0.016728261
2118.0000       292.07700       98588.911       13845.191       3.1080000       1.4905000      0.27975000       343.64200       8.6601434     0.021567907
2123.0000       292.12278       98583.007       13894.458       3.1495000       1.2757500     -0.49275000       342.65600       3.9553437     0.013834877
2128.0000       292.15058       98567.849       13952.755       2.3690000       1.0780000      0.56725000       343.27000       5.3591147     0.014270491
2133.0000       292.15665       98567.269       13997.203       2.5792500      0.15150000     -0.29300000       343.74500       5.5095889     0.014060932
2138.0000       292.16957       98581.732       14101.248       3.5160000       1.5880000     -0.48200000       342.91000       4.5564353     0.018481255
2143.0000       292.15203       98587.776       14116.857       3.7145000       1.6112500    -0.045250000       343.28100       5.6354326     0.016211462
2149.0000       292.06873       98603.514       14061.859       4.4830000       1.6215000     -0.22400000       343.04200       6.0457000     0.015811074
2154.0000       292.01874       98602.819       13997.510       1.6662500      0.96975000      0.57950000       343.58400       4.9887956     0.016611964
2159.0000       291.94747       98589.811       13845.763       4.8817500      0.17325000     -0.13400000       342.98700       7.9054695     0.023120274
2164.0000       291.93036       98580.587       13795.972       2.4655000      0.89075010      0.11975000       343.67800       4.2015981     0.017486178
2169.0000       291.96544       98556.744       13801.321       4.4167500     0.056250000      0.28750000       343.04600       6.1486500     0.015710719
2174.0000       291.93970       98556.774       13742.055       2.5627500      0.98375000     0.025750000       343.24700       5.4465862     0.015306890
2179.0000       291.90562       98570.938       13689.489       1.9155000      0.38950000      0.40875000       343.95600       5.7381913     0.015595055
2184.0000       291.89547       98578.220       13653.272       2.5462500      0.89225010     0.079000000       343.89400       2.0010025     0.016489519
2189.0000       291.85495       98601.874       13566.780       3.0672500      0.78525000     -0.17675000       343.36900       4.7121623     0.014282265
2194.0000       291.83069       98605.555       13521.598       3.0050000       2.3072500      0.41175000       344.06700       3.5780186     0.014558973
2199.0000       291.84572       98595.059       13530.919       2.4540000      0.97650000      0.20625000       344.25400       3.5083198     0.013976058
2204.0000       291.85571       98586.230       13536.690       1.3395000       1.7312500      0.15950000       343.93500       2.4162715     0.016127196
2209.0000       291.84295       98562.329       13529.716       3.1052500      0.14725000     -0.16900000       343.76400       1.9752953     0.012816388
2214.0000       291.84918       98561.733       13540.153       2.2195000       1.6477500     0.053750000       343.13200       4.1730561     0.014736458
2219.0000       291.88770       98570.982       13583.662       1.1932500      0.13325000      0.45975000       344.54800       4.6322224     0.017550918
2224.0000       291.91762       98576.897       13627.401       2.1882500    -0.061500000      0.36300000       344.03000       2.3920492     0.017697661
2229.0000       291.94258       98602.925       13661.316       2.7265000    -0.065250000      0.34800000       343.54900       2.4760880     0.011833362
2234.0000       291.96289       98604.890       13717.712       3.3872500       1.0277500     -0.20375000       343.03900       4.1761660     0.014386251
2240.0000       292.00356       98586.255       13833.284       3.4535000       1.7732500     -0.11600000       343.00300       3.2739631     0.012218807
2245.0000       292.01487       98580.249       13887.534       3.6205000       1.7897500    -0.042000000       343.37100       3.0376004     0.013293983
2250.0000       292.00053       98566.577       13934.789       2.8970000      0.67975000     -0.17825000       343.36800       5.8012206     0.015494601
2255.0000       292.00076       98568.808       13954.558       2.8850000       1.5447500     -0.21800000       343.12000       5.2882863     0.014733661
2260.0000       291.99079       98584.190       13934.722       1.9942500       2.3635000     -0.31100000       343.39400       5.1796414     0.016224670
2265.0000       292.00927       98590.176       13946.622       2.6035000       2.0057500     -0.27075000       342.70600       6.3518224     0.015784435
2270.0000       292.05512       98603.909       13968.624       1.8665000       1.9775000     -0.68500010       343.36500       2.0436857     0.031092749
2275.0000       292.05663       98601.528       13950.220       2.7932500       1.8530000     -0.10900000       343.62400       3.3294456     0.023330872
2280.0000       292.06538       98588.192       13937.605       3.6990000       1.1420000     -0.62450000       343.52500       2.2730154     0.012729361
2285.0000       292.03790       98578.381       13881.322       3.8187500       2.3700000     -0.50600000       342.70400       4.1146559     0.016624205
2290.0000       291.93207       98559.932       13739.999       3.0672500       1.3697500      0.17925000       343.18600       3.9276059     0.016702572
2295.0000       291.93789       98552.545       13711.866       2.9737500       1.2277500      0.18325000       343.49600       7.9074257     0.018779961
2300.0000       291.98000       98548.015       13707.642       2.4020000       1.1292500      0.25225000       344.27300       10.033911     0.018543577
2305.0000       292.02699       98549.496       13733.313       2.4742500      0.74525000      0.26700000       343.61900       6.1837779     0.019111029
2310.0000       292.16086       98561.298       13852.705       1.2952500       1.8900000      0.14075000       343.56800       6.2035383     0.017539268
2315.0000       292.18416       98561.548       13872.676       3.2945000      0.87500010     -0.23525000       342.95100       6.8795720     0.017316795
2320.0000       292.16558       98559.946       13867.655       2.7282500       2.0750000    -0.066250000       343.48600       5.7517991     0.014959014
2326.0000       292.08460       98555.005       13808.033       2.6622500      0.97250000    -0.096250010       343.00800       2.6911216     0.014898266
2331.0000       292.04309       98557.375       13784.609       1.9282500       1.9247500      0.31200000       343.58500       6.7874404     0.018710491
2336.0000       291.99967       98579.421       13789.416       1.0862500       1.0720000      0.84050010       344.28200       5.0593207     0.018750284
2341.0000       291.98761       98587.761       13788.182       1.9430000       2.6662500    -0.079000000       343.87300       3.2311015     0.013384388
2346.0000       292.04466       98594.473       13824.056       1.7707500       2.5222500     -0.25675000       342.74000       4.8028372     0.016401889
2351.0000       292.05561       98594.337       13821.287       2.8645000       2.0707500     -0.47525000       343.00100       2.4926949     0.015508276
2356.0000       292.05422       98586.798       13797.550       1.6620000       2.4330000     -0.17850000       343.21600       4.8267775     0.022727632
2361.0000       292.05073       98562.201       13743.718       2.0067500       2.0650000      0.54875000       343.74700       5.7666366     0.017192753
2366.0000       292.06061       98560.761       13730.519       2.9385000      0.93250010     -0.50700000       343.84400       5.3311164     0.018514389
2371.0000       292.05678       98562.299       13721.291       1.9580000       1.1792500      0.21025000       344.40100       5.4469089     0.015614772
2376.0000       292.00941       98584.853       13635.232       2.4900000       1.4655000     -0.32375000       343.50000       8.5065162     0.018568454
2381.0000       291.99919       98593.697       13603.823       2.1687500       1.1737500     -0.18200000       344.27000       5.5394940     0.014983731
2386.0000       291.96000       98595.827       13544.930       1.6175000      0.12850000      0.40075000       343.41500       3.9643325     0.013067718
2391.0000       291.93790       98593.478       13513.742       4.2570000       2.2600000     -0.16625000       343.82400       5.3356516     0.014621300
2396.0000       291.94038       98584.962       13518.387       3.1080000      0.83925000     -0.57975000       342.85800       7.9054227     0.016725110
2401.0000       291.98650       98562.292       13593.795       3.0832500      0.65725000      0.26475000       343.93400       3.2412755     0.013260314
2406.0000       292.05969       98561.000       13653.862       2.5072500     -0.12400000    -0.016250000       343.88000       4.5026965     0.018662849
2411.0000       292.14421       98562.336       13715.821       3.1755000      0.45400000      0.30100000       343.20300       2.6632676     0.012703598
2417.0000       292.29219       98588.594       13794.919       2.7347500       1.4382500     -0.28075000       344.24500       4.5128814     0.024285389
2422.0000       292.38029       98594.969       13882.949       1.9055000       1.1062500     0.078750010       343.99700       3.6134342     0.013103704
2427.0000       292.42511       98591.195       13990.068       2.3325000       1.0945000     0.030750000       343.54800       5.2025338     0.015254092
2432.0000       292.46352       98586.771       14067.064       1.5592500       1.1200000      0.10050000       343.51900       5.1328478     0.021968801
2437.0000       292.47621       98559.230       14177.112       1.4730000       1.0530000      0.16025000       343.62900       6.6017030     0.015950242
2442.0000       292.50603       98555.180       14240.956       1.6402500       1.6395000     -0.16750000       343.94400       3.3676567     0.018125347
2447.0000       292.51831       98571.592       14255.558       2.0352500       1.5252500      0.69675000       343.90100       4.0067728     0.016292585
2452.0000       292.54963       98575.527       14253.928       1.6295000       2.1500000     0.069500010       344.10400       2.9531266     0.018862157
2457.0000       292.59540       98592.678       14209.945       2.9525000       2.6335000      0.16325000       344.76600       2.0578863     0.027787078
2462.0000       292.65699       98594.812       14187.348       2.6047500       1.9142500      0.12375000       344.20300       1.9881972     0.021189741
2467.0000       292.74512       98569.041       14137.518       1.1432500       2.0985000       1.0277500       344.92300       2.4139754     0.012136492
2472.0000       292.81552       98561.402       14113.976       1.8525000       2.5140000     -0.19600000       343.25900       2.6462826     0.014846007
2477.0000       292.91496       98555.885       14131.675       2.4435000      0.23975000      0.71800010       344.98400       2.7436789     0.018616289
2482.0000       292.97196       98557.700       14129.257       2.9985000       1.4687500      0.24850000       344.52700       3.6315658     0.019819713
2487.0000       293.00538       98581.272       14127.057       2.2075000      0.57825010      0.19525000       344.84100       4.1873171     0.018505397
2492.0000       293.01260       98588.683       14122.368       2.6327500      0.23525000     0.039250000       344.15100       6.5839908     0.018767379
2497.0000       292.96618       98594.617       14098.232       2.6727500      0.83750000      0.18375000       344.41600       6.3667094     0.015242194
2502.0000       292.94619       98592.817       14096.240       3.2605000       1.3310000     -0.11175000       343.67700       3.7875303     0.014700123
2508.0000       292.90473       98563.063       14121.680       2.5932500       1.2762500      0.24450000       344.75800       5.2535863     0.013403512
2513.0000       292.88833       98560.549       14122.392       1.7525000      0.88350000     -0.28375000       345.17500       5.7320945     0.016293098
2518.0000       292.88721       98570.966       14129.541       2.1920000       1.0295000     0.052750000       344.51400       3.4662729     0.012188348
2523.0000       292.90107       98576.127       14119.471       2.9670000       1.8367500      0.22775000       344.25900       4.3548771     0.015306931
2528.0000       292.92518       98601.525       14085.529       3.2300000       2.1735000     -0.78875010       344.22000       2.6185239     0.016706547
2533.0000       292.95870       98605.482       14052.051       2.4227500      0.79675000      0.31100000       344.56600       2.6643325     0.018808308
2538.0000       293.03212       98589.092       14019.636       5.3620000      0.85975000     -0.48125000       344.10600       4.7083534     0.016242401
2543.0000       293.06840       98583.018       13969.834       4.9652500       1.8995000     -0.72725000       343.53800       6.9934268     0.021194954
2548.0000       293.13282       98568.126       13895.494       4.7752500      0.10250000      0.48650000       344.10100       3.2437419     0.019027255
2553.0000       293.10783       98567.380       13836.105       3.9220000       1.7655000     -0.30250000       343.75500       6.3018601     0.017556643
2558.0000       292.99704       98584.465       13771.568       4.0682500       2.4430000     -0.32050000       343.56300       10.118290     0.021534062
2563.0000       292.92310       98587.797       13714.018       3.0387500       1.2550000     -0.34275000       344.10200       2.3534604     0.012695665
2568.0000       292.80248       98595.209       13683.895       4.2240000       2.8477500     -0.23525000       343.78400       4.9968715     0.018168600
2573.0000       292.70694       98592.035       13617.823       3.7495000       1.8785000    -0.097500000       343.50300       3.5426708     0.015342459
2578.0000       292.61741       98566.409       13509.734       5.3397500       2.5367500      0.87675010       344.13500       2.8883194     0.012632812
2583.0000       292.57528       98561.493       13451.526       5.1780000       3.0017500     -0.19850000       343.78100       4.2362598     0.014897160
2588.0000       292.57434       98560.670       13394.475       3.6067500       2.3497500    -0.067500000       343.61500       5.4517509     0.014766814
2593.0000       292.53403       98564.569       13354.502       4.5535000       3.2820000     -0.60350000       343.17900       3.9483533     0.013137765
2599.0000       292.51440       98592.059       13361.530       4.2965000       2.2875000     -0.34450000       342.70900       2.2329114     0.011565799
2604.0000       292.48832       98595.383       13349.048       3.3885000       2.6067500      0.29450000       342.84000       4.9421120     0.013795058
2609.0000       292.41246       98589.824       13321.596       2.7605000       2.0080000      0.28550000       343.83800       4.1190896     0.014897839
2614.0000       292.36925       98583.345       13308.583       2.2037500       1.9922500     -0.16425000       343.35000       4.6008079     0.027807195
2619.0000       292.36958       98556.572       13303.991       1.7585000       2.4495000     0.054000000       343.62500       2.6415602     0.014141545
2624.0000       292.33388       98556.499       13299.486       2.7405000      0.84575000    -0.075000000       344.09800       3.6206311     0.017901507
2629.0000       292.27184       98573.290       13304.869       1.7505000       1.1515000      0.22100000       345.12500       2.4479558     0.012422669
2634.0000       292.22170       98577.325       13293.928       2.9637500       1.6612500     -0.62550000       343.56600       2.7481742     0.013032447
2639.0000       292.17063       98594.532       13272.779       1.0057500       1.2920000      0.15275000       343.10600       2.6324109     0.029459838
2644.0000       292.12050       98592.563       13263.275       2.6677500       2.0117500     -0.28775000       343.10400       2.5562925     0.014120063
2649.0000       292.06949       98565.367       13252.638       1.0795000       2.0475000     -0.25950000       344.21900       2.8692281     0.018628409
2654.0000       292.01962       98559.790       13236.662       1.6065000       1.8667500     -0.43675000       343.83500       2.0220032     0.013345158
2659.0000       291.93610       98557.782       13203.001       1.9937500       1.7872500      0.15925000       344.08700       1.9921264     0.021640546
2664.0000       291.93474       98559.273       13222.116       2.4255000       1.4075000     -0.58375000       343.71900       3.0645490     0.013892995
2669.0000       291.98331       98575.411       13268.245       2.1592500       2.4037500     -0.20400000       343.15500       2.5092969     0.015356351
2674.0000       292.01023       98578.538       13294.354       2.3445000       2.1570000     -0.16825000       343.58900       4.2315172     0.014328253
2679.0000       292.07657       98579.418       13344.853       2.7227500       1.9887500   -0.0060000000       343.54300       10.031681     0.023973367
2684.0000       292.13733       98573.927       13399.358       1.8385000       1.6067500      0.30825000       344.14400       3.4780641     0.014291022
2690.0000       292.19389       98552.300       13443.355       2.6497500       2.6055000    -0.074500000       342.89300       4.6667889     0.016922756
2695.0000       292.23393       98552.661       13487.987       2.1512500       2.3875000     0.068000000       343.42300       3.8503999     0.013277276
2700.0000       292.29771       98557.802       13562.156       2.3640000       2.5252500     -0.33625000       343.33400       11.474622     0.026148082
2705.0000       292.33870       98562.408       13625.759       2.6895000       2.9050000     -0.38800000       343.29300       4.0128870     0.015815426
2710.0000       292.36437       98584.292       13694.226       2.3437500       1.2077500      0.59950000       344.11400       3.1021266     0.017953198
2715.0000       292.34744       98583.295       13699.088       1.8525000       1.2522500      0.31450000       343.68800       3.8507907     0.013280643
2720.0000       292.31326       98564.897       13700.523       2.2180000      0.35250000     0.046000000       343.10900       5.1197913     0.016215841
2725.0000       292.28409       98562.605       13663.759       2.7135000       2.7327500     -0.61625000       343.10900       5.6496078     0.017637467
2730.0000       292.18623       98556.157       13531.422       2.9127500       1.5672500     -0.52900000       343.34100       5.9797392     0.014576982
2735.0000       292.18229       98562.440       13493.186       3.0390000      0.82175000     -0.20525000       343.27500       5.1190523     0.013526758
2740.0000       292.23773       98589.461       13486.551       2.6667500      0.60675000      0.23225000       344.05800       2.6074003     0.014590971
2745.0000       292.27633       98588.492       13482.358       2.8945000      0.52400000     0.083250000       344.07200       4.2969842     0.014775826
2750.0000       292.33964       98578.283       13509.234       3.0687500       1.1540000    -0.047750000       344.14400       4.6376745     0.022295405
2755.0000       292.38906       98571.785       13513.461       2.4565000       2.4527500     -0.29225000       344.40500       2.9642913     0.013487111
2760.0000       292.45767       98544.155       13522.230       3.1890000       3.0227500     -0.83325000       343.11700       7.5730783     0.018286286
2765.0000       292.46987       98548.180       13514.372       3.7550000       1.8405000    -0.070500000       343.68200       4.7979381     0.017686731
2770.0000       292.47360       98575.821       13495.629       2.0280000       2.4517500     -0.33600000       344.08900       4.4621417     0.018739903
2775.0000       292.42677       98580.139       13476.043       1.5452500       1.9070000     -0.19900000       344.31700       3.2987562     0.015757304
2781.0000       292.29174       98590.322       13437.425       1.9055000       2.2602500     0.013000000       343.82200       5.7087698     0.014767598
2786.0000       292.22945       98559.508       13437.329       1.7590000       2.3395000     -0.36350000       343.80700       4.1010398     0.014201707
2791.0000       292.18777       98550.755       13429.722       2.2465000       2.6375000     -0.71425000       343.73700       3.1333612     0.013431394
2796.0000       292.18532       98556.781       13426.114       2.4327500       2.6007500      0.17275000       344.39000       3.2223363     0.012889013
2801.0000       292.19402       98558.372       13429.622       1.9282500       2.0590000     -0.60800000       343.72100       3.0696579     0.018577358
2806.0000       292.21501       98563.658       13434.577      0.33175000       2.0362500     0.044000000       343.39800       2.2986600     0.028112842
2811.0000       292.22251       98584.643       13407.251      0.96200010       2.0205000     -0.72375010       343.92900       2.1183601     0.020854729
2816.0000       292.32862       98581.591       13496.454       1.6885000       2.0677500     -0.56600000       344.38300       1.9691002     0.016802914
2821.0000       292.49948       98563.898       13648.142       2.9055000       2.5707500     -0.57300000       343.95500       2.0585335     0.017340202
2826.0000       292.67042       98559.364       13805.540       1.9012500       2.8267500     -0.61300000       343.90300       2.1383421     0.015903435
2831.0000       292.77708       98557.779       13915.244       1.3860000       1.5827500      0.10300000       344.61400       2.3034951     0.014593292
2836.0000       292.77005       98574.884       13915.297       1.5397500       1.8412500     -0.11975000       344.63200       1.9818445     0.013173065
2841.0000       292.79966       98578.460       13963.299       3.6187500       2.9102500     0.076750000       343.94900       2.0406801     0.013251448
2846.0000       292.82921       98575.870       14024.035       2.2625000       2.6147500     -0.77525000       344.02300       1.9965693     0.015312822
2851.0000       292.83559       98566.121       14093.348      0.99500010       1.8090000      0.50950000       345.11900       2.0824067     0.014672805
2856.0000       292.89871       98560.867       14165.467       2.6735000       3.7000000     -0.60200010       343.59800       2.0558536     0.012648877
2861.0000       293.00559       98545.398       14279.342       2.3180000       3.9367500     -0.32250000       343.65800       2.0035864     0.026293943
2866.0000       293.05549       98568.560       14280.752       2.8627500       3.0102500       1.3262500       344.64900       1.9949802     0.014461610
2872.0000       293.11580       98578.344       14257.364       3.2475000       3.4852500    -0.030500000       343.42100       1.9947342     0.013048057
2877.0000       293.10604       98588.718       14133.202       4.0175000       1.8632500     -0.13125000       344.03700       2.0248691     0.011298038
2882.0000       293.14840       98593.975       14075.377       3.1722500       2.7707500     -0.27625000       343.50600       2.0546575     0.014812271
2887.0000       293.25843       98579.484       14043.508       3.2260000       3.4125000     -0.45725000       342.95200       2.0575230     0.014502264
2892.0000       293.31695       98578.022       14009.668       2.8210000       2.2190000      0.66475000       344.76500       1.9716317     0.015808972
2897.0000       293.39510       98589.900       14024.954       2.4602500       2.5752500     -0.38250000       343.64600       2.0301928     0.012933334
2902.0000       293.42112       98591.661       13999.608       3.1505000       2.5345000     0.066000000       343.61700       2.0188727     0.015609303
2907.0000       293.38056       98595.500       13931.968       2.0292500       3.6427500     0.097500000       344.83800       2.0054780     0.016523030
2912.0000       293.34942       98591.803       13894.449       2.6645000       4.5532500     -0.70750000       343.54900       2.0284084     0.014796952
2917.0000       293.30330       98568.912       13864.510       2.7682500       4.0997500     -0.90525010       343.41200       1.9997054     0.024742316
2922.0000       293.24189       98561.214       13823.233       2.3437500       5.1367500     -0.21450000       344.11900       2.0589977     0.015142134
2927.0000       293.18378       98558.558       13815.227       1.9882500       2.2392500    -0.055250000       344.18900       1.9961217     0.015625611
2932.0000       293.09178       98558.062       13764.334      0.77625010       1.4745000      0.23750000       344.65900       1.9830933     0.012952596
2937.0000       292.91940       98575.927       13663.130       2.0820000       3.6840000     -0.52025000       343.70300       2.0169915     0.014940878
2942.0000       292.82216       98578.128       13581.556       2.0425000       1.6935000      0.42675000       344.23200       1.9823405     0.016093446
2947.0000       292.71651       98569.084       13456.119       1.3275000       1.7277500      0.42900000       345.17600       1.9878224     0.013790867
2952.0000       292.67154       98564.986       13396.372      0.64825000       2.0777500      0.41300000       343.80600       1.9911481     0.017264135
2958.0000       292.75225       98545.302       13394.556       1.2952500       2.6955000      0.29075000       344.32500       1.9565248     0.016305677
2963.0000       292.75891       98547.227       13371.728       2.3417500       1.7115000      0.42275000       344.80900       1.9242810     0.039231303
2968.0000       292.74418       98573.099       13360.755       1.9877500       3.9590000     -0.71850000       343.61900       2.0588032     0.013741886
2973.0000       292.75408       98578.842       13367.766       2.3492500       3.1425000      0.21800000       344.72200       1.9820704     0.017218399
2978.0000       292.76919       98589.059       13368.908      0.99200000       2.3145000      0.19475000       343.72300       1.9625617     0.024249533
2983.0000       292.74569       98588.543       13376.459       3.5440000       2.0940000     0.068000000       343.47500       2.0148185     0.014520203
2988.0000       292.74798       98557.696       13433.075       2.6857500       2.3700000      0.36600000       343.79500       1.9765616     0.020139544
2993.0000       292.69633       98555.729       13446.532       2.2500000       1.5252500      0.10300000       344.32800       1.9899194     0.015206374
2998.0000       292.54855       98573.005       13428.058       2.2332500       2.4287500     0.089000000       344.22600       1.9684973     0.014742163
3003.0000       292.46199       98577.035       13412.556       1.9422500       1.6595000     0.097750010       344.25900       2.0263941     0.017752175
3008.0000       292.34575       98594.007       13351.856       3.1872500       4.3340000     -0.19125000       343.11100       1.9891765     0.016276515
3013.0000       292.31987       98594.118       13360.731       3.2405000       3.2862500     -0.66525000       343.36700       1.9877510     0.013425762
3018.0000       292.39362       98563.388       13431.261       3.0972500       4.3520000      0.72375010       343.45100       1.9838745     0.015508555
3023.0000       292.40330       98561.069       13444.969       2.1870000       5.8312500      -1.4552500       343.74400       1.9993350     0.025932978
3028.0000       292.43929       98572.895       13474.591       3.5175000       3.9277500     -0.80425010       343.63100       2.0160286     0.014401685
3033.0000       292.46519       98575.262       13492.106       2.4230000       3.9247500      -1.4685000       342.72700       2.0215047     0.014355442
3038.0000       292.43106       98595.114       13446.228       1.2882500       3.8272500     -0.80650000       343.52300       2.0820983     0.015177467
3043.0000       292.44903       98593.745       13446.703      0.62000000       3.7792500     -0.72375010       343.32000       2.0244763     0.013964419
3049.0000       292.52034       98558.628       13482.913      0.56225000       3.0815000      0.35950000       343.50000       2.0032667     0.013336422
3054.0000       292.58669       98554.260       13531.154      0.25050000       2.3865000      0.65950000       344.31600       2.0025447     0.015721081
3059.0000       292.68441       98555.384       13604.039     0.017250000       2.2132500      0.20625000       344.55400       2.0105583     0.017675282
3064.0000       292.73781       98561.222       13655.046       1.4860000       2.6597500     -0.32400000       343.49500       2.0261055     0.015860929
3069.0000       292.80945       98593.856       13734.000       1.8050000       1.0285000      0.10775000       343.76500       1.9861822     0.015580067
3074.0000       292.82094       98595.292       13771.788      0.19125000       2.2177500     -0.33950000       343.64200       2.0135697     0.022710148
3079.0000       292.77084       98576.087       13777.764      0.64950000       1.9855000    -0.042500000       343.56100       2.0271870     0.014676145
3084.0000       292.73447       98573.688       13776.094      0.50075000       1.3965000      0.60975000       344.53300       2.0021881     0.019674623
3089.0000       292.68146       98563.551       13775.131     -0.19750000       3.6567500     -0.14950000       343.55500       2.0081472     0.018109798
3094.0000       292.61492       98562.621       13727.778       2.1295000       2.6632500      0.24350000       343.87700       1.9934985     0.033686324
3099.0000       292.53807       98583.609       13637.788     -0.25700000       2.3595000     -0.31600000       344.12800       2.0070174     0.015193624
