0.00000000      291.83712       98615.304       14018.011       3.8375000       1.6590000     -0.68600000       342.96700       1.8606234     0.018502803
5.0000131       291.83009       98624.340       13968.737       1.6600000       1.9015000      0.70050000       344.69800       1.8540668     0.022999794
10.000026       291.87452       98631.548       13941.573       3.6482500       3.6905000     -0.20100000       343.76100       1.8406304     0.013212178
14.999999       291.96817       98636.298       13944.049      0.61900000       3.0797500     -0.65950000       344.06000       1.8474330     0.015541132
20.000012       292.12694       98635.329       13992.236       1.6247500       3.9277500     -0.31725000       344.36300       1.8626350     0.012999941
25.000025       292.31255       98637.383       14065.535       2.5230000       1.9762500     -0.31725000       343.71800       1.9185820     0.017223816
29.999998       292.57303       98641.548       14159.216       2.5992500       2.0777500      0.61925010       343.74300       1.9214145     0.020800099
35.000011       292.78342       98640.155       14318.641       3.5105000       4.2812500     -0.44775000       342.62700       1.9069312     0.016460088
40.000024       292.81992       98636.400       14396.336       1.4505000       3.2825000     -0.10950000       343.63900       1.8528019     0.014597107
44.999997       292.53415       98627.301       14381.706       2.8180000       5.2722500     -0.48000000       343.42500       1.8668336     0.017752264
50.000010       292.39423       98620.391       14381.348       2.4480000       2.5622500       1.1047500       343.90800       1.8900301     0.017688749
55.000024       292.26659       98613.467       14362.552       2.0672500       2.6747500     0.012750000       343.57500       1.8394074     0.015988365
59.999996       292.04238       98604.088       14290.218      0.70675000       3.1062500       1.3500000       344.62000       1.8611368     0.013351204
65.000010       292.05571       98600.316       14274.197      0.52625000       3.0465000     -0.20775000       343.66300       1.8831342     0.017436742
70.000023       292.23230       98599.495       14284.168       2.7087500       4.9467500     -0.42225000       343.04400       1.8644712     0.015927611
74.999996       292.38862       98598.734       14261.944       3.1200000       2.7062500    -0.013000000       343.35400       1.8989690     0.017046260
81.000003       292.58187       98599.912       14271.758       2.9807500       2.2715000      0.10350000       343.71300       1.9315752     0.022503267
86.000016       292.86554       98600.935       14337.213       1.3822500       3.0095000     -0.56025000       343.38600       1.8831022     0.013968151
91.000029       292.95511       98605.144       14338.136       2.2005000       3.9955000     -0.64075010       342.87600       1.9014553     0.013759229
96.000002       292.95352       98614.704       14318.149       1.8960000       3.0212500      0.19100000       343.82400       1.8767947     0.014609563
101.00002       292.92672       98621.658       14307.625       2.7240000       3.1707500     0.048750000       342.63200       1.9067908     0.016944150
106.00003       292.73177       98631.734       14273.349       3.6372500       3.1460000     -0.42650000       343.32600       1.9010966     0.017211803
111.00000       292.57168       98637.525       14215.262       4.6600000       2.7222500      0.48325000       343.30700       1.8501302     0.016329822
116.00001       292.39908       98640.618       14162.185       2.5575000       1.6322500     -0.19350000       343.87500       1.8947734     0.014082096
121.00003       292.26957       98641.358       14099.505       2.0732500       2.3000000     -0.37500000       343.31100       1.8559554     0.016003488
126.00000       292.10403       98636.779       13978.100       4.1415000       2.5317500     -0.84500000       342.77800       1.8838198     0.015160280
131.00001       292.00759       98634.758       13893.182       3.9655000       3.5132500     -0.52125000       342.47600       1.8686545     0.012601359
136.00003       292.00959       98634.163       13822.777       4.7950000      0.48825000      0.33025000       343.07000       1.8728312     0.013068948
141.00000       291.99096       98630.046       13778.667       4.7802500       2.0607500     -0.37375000       342.44500       1.8425957     0.015078804
146.00001       292.00038       98625.187       13761.896       2.1890000       1.7255000      0.21525000       343.98200       1.8756150     0.015556902
151.00003       292.00049       98620.092       13743.579       3.4625000       1.8447500     0.017250000       343.55900       1.9096792     0.021362339
156.00000       291.98604       98608.839       13745.786       3.2752500       1.8527500     0.095000010       343.56400       1.8556007     0.015462110
161.00001       291.99747       98603.028       13753.681       5.9732500       2.4777500     -0.26525000       343.42300       1.8851872     0.013623264
166.00002       292.02045       98599.821       13749.047       3.3682500       5.2017500     -0.92875000       343.12600       1.8648960     0.019947350
171.99999       292.05940       98599.235       13779.525       2.2470000       1.8362500      0.61225000       343.69000       1.8647708     0.015362368
177.00001       292.15901       98601.582       13863.112       2.9317500       2.5050000    -0.027000000       343.32300       1.8789018     0.013109886
182.00002       292.16718       98606.278       13890.798       1.7882500       4.1380000     -0.56625000       343.39700       1.9040673     0.016330131
187.00003       292.10636       98616.096       13874.023       1.3765000       3.5320000     -0.20525000       343.03400       1.9232710     0.015311014
192.00000       292.09652       98623.047       13919.197       1.9017500       1.3102500      0.37950000       343.51600       1.8890978     0.017283148
197.00002       292.04716       98633.091       13981.173      0.22000000       2.7175000      0.29800000       343.94300       1.9276531     0.016230123
202.00003       292.03473       98638.385       14021.149       1.3705000       2.5565000      0.21800000       343.25300       1.9100577     0.014681863
207.00000       292.08188       98640.968       14118.355       1.7762500       2.4892500    -0.087750000       343.43400       1.8345502     0.021785531
212.00002       292.11220       98641.202       14161.444       2.0862500       3.5980000     -0.87275000       342.56400       1.8932644     0.018088015
217.00003       292.13856       98636.371       14137.365       1.5765000       2.3485000      0.31050000       343.12200       1.9139598     0.019634488
222.00000       292.15868       98634.359       14131.830       2.0745000       2.2875000      0.54325000       343.19100       1.8993131     0.016496045
227.00002       292.20821       98634.633       14136.549       2.5125000       2.6002500    -0.078000000       343.37700       1.9064106     0.014808752
232.00003       292.21071       98628.886       14119.373       2.0277500       1.4237500      0.51725000       343.84600       1.8946991     0.016513973
237.00000       292.17593       98621.772       14076.931       1.9702500       2.2547500     -0.30475000       342.73900       1.8913531     0.019784455
242.00002       292.14177       98612.926       14043.644       2.2197500       1.2847500      0.19125000       342.76000       1.9031522     0.015535714
247.00003       292.05468       98590.451       13989.081       1.1662500       1.3612500      0.78700010       343.72400       1.9016973     0.015801278
252.00000       292.03229       98585.736       13968.158       1.8825000       2.0625000      -1.2037500       342.76800       1.8980855     0.012701015
257.00001       292.05709       98590.306       13980.828      0.35850000       2.7735000     -0.28550000       343.07400       1.8747163     0.015087746
263.00002       292.04548       98597.490       13962.670      0.75850000       2.9062500     -0.44350000       342.54800       1.8573656     0.017691520
267.99999       292.05712       98617.503       13950.346      0.66125010       2.4287500     -0.37200000       342.55400       1.8682192     0.016657267
273.00001       292.05075       98627.183       13937.149      0.16900000       1.9762500    -0.033250000       343.12100       1.9106136     0.020067517
278.00002       292.00083       98635.534       13892.772       1.0447500       1.6797500     0.095250000       343.96500       1.8773854     0.016755263
282.99999       291.98699       98638.703       13887.402      0.78175000       1.4412500      0.86500010       343.91100       1.8590581     0.019954899
288.00001       292.00042       98638.455       13910.442       1.1180000       1.2900000      0.40800000       344.07600       1.8729627     0.014307812
293.00002       292.00054       98634.480       13927.692       1.3075000       2.5210000    -0.042250000       342.99400       1.8682132     0.018135082
297.99999       292.01132       98621.832       13962.980       1.3107500       2.9337500     -0.66925000       342.49000       1.8726295     0.016688113
303.00001       291.99507       98616.367       13979.653      0.52875000       2.6400000      0.12850000       342.75900       1.9057794     0.021598796
308.00002       291.96900       98613.790       13986.783       1.8260000       2.6642500     -0.42525000       342.77800       1.9327588     0.013049766
312.99999       291.93303       98606.189       14002.273       3.5397500       2.7967500     -0.45500000       342.45100       1.8972292     0.019296158
318.00001       291.87020       98595.338       14032.845       2.8232500       2.6162500     -0.54725000       342.59300       1.8928082     0.017616443
323.00002       291.82078       98592.587       14017.433       2.5502500       1.8625000     0.067250010       342.89700       1.8746604     0.014198862
328.00003       291.73589       98587.537       13972.687       2.6075000       1.8940000     -0.30850000       343.05000       1.8929663     0.018852662
333.00000       291.73505       98589.119       13954.280      0.68300000       1.7772500      0.26975000       344.34100       1.8489737     0.019472988
338.00002       291.79595       98602.026       13921.231       1.0802500       2.6117500      0.19750000       343.75900       1.8703662     0.017493314
343.00003       291.80578       98610.069       13881.447       1.5940000       2.5687500     -0.24400000       343.13900       1.8887979     0.020165971
348.00000       291.85647       98617.649       13852.837       1.7995000       3.4587500     -0.31450000       343.10300       1.8625670     0.019053257
354.00001       291.86264       98626.003       13829.865      0.47525000       2.5105000     0.095500010       343.46300       1.8987910     0.018983380
359.00002       291.79705       98636.362       13778.736       2.5510000       3.4390000      -1.5300000       343.71000       1.8892628     0.016993058
364.00000       291.78592       98638.678       13778.471       1.2332500       1.8607500      0.51550000       344.61100       1.8660519     0.015706813
369.00001       291.79991       98637.876       13826.978      0.78375010       1.7275000     -0.50650000       343.86600       1.8706099     0.014656590
374.00002       291.79985       98633.376       13853.928       2.5455000       3.5650000   -0.0082500000       342.66300       1.9061531     0.014796194
379.00000       291.80939       98621.799       13896.166      0.82050000       2.0742500      0.16325000       343.21000       1.8967645     0.016751804
384.00001       291.79041       98614.706       13903.252       1.2085000       2.2742500     -0.61425000       344.02100       1.9107879     0.023237960
389.00002       291.71907       98605.207       13874.462      0.60525000       2.3062500     -0.57850000       343.55400       1.8736952     0.015993814
394.00000       291.77440       98600.961       13923.402       1.6775000       2.2620000      0.30275000       343.31900       1.9264122     0.014986077
399.00001       291.88331       98600.097       13988.167       1.8625000       2.1457500     -0.36575000       343.17300       1.9366656     0.014176536
404.00002       291.95168       98598.968       14050.730       2.6845000      0.73575000      0.95600000       343.59800       1.8719495     0.013650623
408.99999       292.10281       98599.287       14178.507       2.9215000       4.0432500      0.50775000       343.06900       1.8984312     0.019878755
414.00001       292.16613       98601.098       14249.674       1.1242500       2.0972500      0.31375000       343.64700       1.8790842     0.014244382
419.00002       292.13610       98602.951       14269.717      0.18850000       1.7670000      0.64350000       344.39600       1.9120120     0.016087107
423.99999       292.17548       98608.788       14330.110       2.6235000      0.97025010      0.29325000       343.57400       1.9037725     0.015277314
429.00001       292.24882       98619.877       14421.356       1.3002500       3.2312500     0.094500010       343.85700       1.8666976     0.016196666
434.00002       292.28021       98625.065       14459.384       1.4155000       2.1255000      0.46425000       343.04500       1.9039002     0.017407607
438.99999       292.31255       98632.667       14494.244      0.90300010       2.3210000    -0.085750010       343.57700       1.8979277     0.016468089
445.00000       292.26967       98628.657       14430.461       1.2917500       4.2860000     -0.20625000       343.04400       1.9478446     0.012271923
450.00001       292.24976       98622.005       14397.262       1.6420000       2.9447500      0.14250000       343.88200       1.9485480     0.015260665
455.00003       292.22983       98604.268       14376.104       1.4115000       2.8542500     0.071250010       343.08800       1.9091066     0.018234458
460.00000       292.20011       98594.061       14326.376       1.4525000       2.8815000     -0.74625000       343.10200       1.9317472     0.013830281
465.00001       292.17044       98586.299       14267.989       1.3577500       1.6282500     -0.54700010       344.20200       1.8976259     0.018606744
470.00003       292.16458       98576.412       14221.507       2.7197500       3.2627500     -0.64975010       343.33100       1.9235057     0.014887578
475.00000       292.10156       98580.264       14144.092      0.13900000       2.0485000      0.11175000       343.75200       1.9297407     0.014867294
480.00001       292.00654       98597.074       14026.676     0.043250000       1.6820000      0.12800000       344.08600       1.9118853     0.019063311
485.00002       291.86878       98593.593       13916.344       1.6567500       1.5117500      0.57800000       343.95000       1.9069289     0.019227793
490.00000       291.78495       98595.683       13848.990       2.5980000       2.4990000     -0.99200000       343.16300       1.9105090     0.014277135
495.00001       291.72959       98589.369       13794.564       2.2497500       1.9425000      0.32800000       343.44700       1.8677469     0.018665845
500.00002       291.68747       98587.946       13770.100       2.4410000       2.7217500     -0.57525000       342.84800       1.9244129     0.014203687
505.00000       291.66993       98591.454       13777.379       2.6187500       2.3712500     -0.59100000       343.71700       1.9257088     0.013195150
510.00001       291.70091       98607.234       13833.817       2.3237500       1.2440000      0.21150000       344.28600       1.8850992     0.016519271
515.00002       291.70122       98608.872       13877.841       1.7580000       1.2997500      0.66350000       343.84100       1.8800134     0.017285970
520.00000       291.70652       98606.932       13948.441       1.9185000       1.5640000      0.40925000       343.93300       1.9011192     0.017011448
525.00001       291.66953       98591.234       13944.872       3.2652500       2.4695000     -0.55825000       343.30300       1.9037460     0.020431935
530.00002       291.64926       98587.656       13973.709       2.5550000       2.0797500      0.16925000       343.48600       1.9242640     0.017573234
536.00003       291.63805       98589.645       14036.567       3.1957500       1.3700000     -0.21000000       342.89600       1.9071516     0.013257731
541.00000       291.59721       98594.167       14038.471       3.6172500       1.0220000      0.40275000       343.13400       1.8713955     0.016337057
546.00002       291.53208       98614.232       14029.222       2.3605000       2.0237500      0.15150000       343.19100       1.8865700     0.018680658
551.00003       291.49238       98623.813       14021.195       2.1912500       1.2192500      0.56950000       343.66100       1.8874399     0.015421189
556.00000       291.41956       98628.364       13954.984       1.7600000       2.0922500     -0.17375000       343.38500       1.8985150     0.018857626
561.00001       291.38212       98632.123       13911.337       1.2667500       1.2730000      0.14100000       344.01300       1.8633830     0.016583497
566.00003       291.38634       98634.612       13894.445       2.9797500       2.0412500    -0.035500000       343.25800       1.9004307     0.021785994
571.00000       291.39788       98631.280       13877.710       1.8940000       3.6775000     -0.31825000       342.90400       1.8721919     0.014529986
576.00001       291.43473       98622.643       13843.885       2.2640000       3.0217500    -0.021000000       343.34900       1.9037063     0.017205543
581.00003       291.45507       98614.338       13830.992       2.0797500       3.3217500     0.013250000       343.19500       1.9289341     0.021417215
586.00000       291.49059       98593.447       13844.094       2.7520000      0.76300000      0.35725000       343.65600       1.9024242     0.018730705
591.00001       291.50919       98586.126       13854.475       3.2897500       1.5305000    0.0042500000       343.63600       1.9375905     0.011129059
596.00003       291.50038       98587.557       13871.947       3.5375000       2.7760000     0.050500000       342.54400       1.9075392     0.019660898
601.00000       291.50049       98589.070       13889.759       3.1720000       2.9152500     -0.37525000       342.62300       1.8925929     0.017937774
606.00001       291.49993       98598.877       13902.996       2.5912500       1.2542500     -0.12325000       343.31700       1.8846926     0.016373480
611.00003       291.49985       98606.953       13931.454       2.5065000       1.4005000      0.28775000       343.55200       1.9059851     0.018116112
616.00000       291.50006       98616.313       13980.395       3.5322500       2.5342500     0.099000010       343.02500       1.8952480     0.017732228
621.00001       291.50006       98622.282       14012.534       1.3530000       1.9962500      0.84000000       343.53200       1.9058336     0.015540207
627.00002       291.51310       98633.189       14086.109       2.3842500       2.4827500     -0.29225000       343.31400       1.8719569     0.019705067
632.00003       291.49940       98632.258       14080.831       2.4425000       2.2970000     -0.51650000       342.99000       1.9065017     0.017168618
637.00000       291.43595       98621.583       13992.107       2.5967500       1.0045000      0.91750000       343.41000       1.9159071     0.024259059
642.00002       291.44321       98612.933       13969.740       1.7005000       2.2322500      0.12100000       343.25900       1.9120698     0.018429643
647.00003       291.45237       98591.701       13911.568       3.8775000       2.0542500     0.054250000       342.74700       1.8858372     0.019668422
652.00000       291.50418       98585.591       13916.815       2.3607500       1.6970000      0.33025000       343.56500       1.8886082     0.014686754
657.00002       291.69063       98587.768       14033.451       1.1125000      0.94525000      0.39050000       343.70400       1.9427953     0.021090226
662.00003       291.73617       98589.935       14062.498       2.0760000       2.4070000     -0.64300000       342.87500       1.9459027     0.019356068
667.00000       291.71268       98600.505       14063.807       3.7922500       2.0350000     -0.29975000       342.76300       1.9484986     0.019230713
672.00002       291.70525       98608.503       14069.631       2.6460000       1.8872500     -0.22175000       342.76800       1.9185838     0.018076491
677.00003       291.60948       98620.031       14025.386       2.2560000       1.3350000      0.47525000       342.97400       1.9720358     0.023104493
682.00000       291.57707       98622.900       14017.762       1.9075000       1.6742500      0.29325000       343.38100       1.9538331     0.018684213
687.00002       291.60010       98621.954       14047.786       1.0290000       2.1635000     -0.22800000       343.24900       1.9302899     0.021572953
692.00003       291.60005       98621.194       14052.765       2.3067500       2.1315000     -0.68325000       343.19100       1.9721994     0.022527394
697.00000       291.57421       98615.249       14033.648      0.76725010       1.9190000     0.077250000       343.71500       1.9045427     0.018629827
702.00001       291.60185       98607.819       14052.397       1.7372500       2.2667500     -0.40000000       343.29600       1.9546760     0.022226335
707.00003       291.67780       98598.509       14100.026       1.2172500       1.8897500    -0.062000000       343.51200       1.9356582     0.022213691
713.00000       291.72620       98591.231       14121.679       1.0082500       2.8297500      0.43725000       343.54100       1.9596076     0.020873614
718.00001       291.78730       98577.047       14148.632      0.89300010       2.4090000      0.34650000       343.69500       1.9136840     0.018072963
723.00002       291.83034       98577.803       14172.213       2.4002500       5.0797500     -0.46600000       343.04600       1.8744291     0.020217672
727.99999       291.84170       98590.671       14174.845       3.7242500       2.4365000     -0.27275000       343.24700       1.9520866     0.018376127
733.00001       291.86155       98599.856       14177.977       2.1465000       2.5105000      0.35150000       343.29500       1.9547651     0.020982308
738.00002       291.88710       98618.254       14185.057       1.1372500       2.4972500     -0.13850000       343.46500       1.9538658     0.014562854
742.99999       291.91707       98626.417       14205.478       2.3910000       3.9137500     -0.19925000       343.22100       1.9515642     0.019604455
748.00001       291.95294       98632.395       14225.853       1.9507500       2.4192500      0.69275000       343.38600       1.9200240     0.019259288
753.00002       291.95667       98631.982       14231.211       2.8160000       2.6045000     -0.58750000       343.14800       1.9611541     0.018737442
757.99999       291.95686       98625.124       14257.625       1.2945000       1.8665000     -0.29850000       343.49700       1.9462219     0.021608611
763.00001       291.95081       98616.322       14257.517      0.80900000       1.6625000     -0.22900000       343.61600       1.9100786     0.018424213
768.00002       291.92317       98597.664       14234.648      0.82175000       3.4612500     -0.41575000       342.72200       1.9044873     0.021845850
773.00003       291.87737       98588.928       14189.604       1.2542500       2.2535000      0.58925000       343.18500       1.9365207     0.017044770
778.00000       291.80587       98577.003       14115.461       2.0672500       2.9697500      0.17850000       343.19900       1.8898897     0.016231420
783.00002       291.78199       98577.881       14075.314       1.4157500       1.7107500    -0.068500000       343.27400       1.8897845     0.020071391
788.00003       291.76554       98590.604       14028.279      0.81725000       1.5352500     -0.57000010       343.28900       1.9568279     0.022027652
793.00000       291.72486       98599.875       13974.241      0.55950000      0.60600000      0.52750000       343.46900       1.9588749     0.018939151
798.00002       291.70285       98618.691       13927.332       1.0082500       2.7557500     -0.33000000       343.09400       1.9172472     0.018101462
804.00002       291.69091       98628.022       13910.012       1.0447500       2.7167500      0.33150000       342.96800       1.9406497     0.019412880
809.00000       291.64933       98631.145       13888.772       2.2447500       2.1395000     -0.46350000       343.52800       1.9605591     0.017984716
814.00001       291.62841       98633.409       13878.533       2.6295000       1.0445000     -0.19150000       343.22700       1.9960287     0.014360218
819.00002       291.65666       98632.990       13911.680       1.1157500       2.8490000      0.45250000       343.26700       1.9627101     0.019004775
824.00000       291.64797       98627.470       13928.097       1.0272500       1.9527500    0.0047500000       343.18000       1.9871588     0.015020626
829.00001       291.60633       98618.620       13925.075      0.79575000       3.8460000      0.19250000       343.07900       1.9462349     0.017708624
834.00002       291.57616       98608.734       13928.489       1.6445000       2.3530000     -0.67125000       343.59900       1.8887919     0.018896033
839.00000       291.54525       98588.576       13946.055       2.3780000       3.8290000      -1.2472500       342.88600       1.9266407     0.017614555
844.00001       291.54403       98584.912       13972.750       2.4407500       2.2580000      0.23800000       342.99300       1.9327718     0.018682531
849.00002       291.54364       98586.211       13992.521       2.2145000       2.4447500     -0.18050000       343.02700       1.9432870     0.019605611
853.99999       291.55240       98593.483       14013.156       2.5100000       2.4395000     -0.37700000       343.18000       1.9233546     0.016663202
859.00001       291.58504       98614.684       14046.745       1.5397500       1.1877500     -0.19925000       343.11100       1.9573948     0.018888509
864.00002       291.63317       98622.834       14097.685       2.2295000       1.6837500     0.056250000       343.22500       1.9455278     0.018444534
868.99999       291.69020       98633.175       14153.131       2.3202500       2.4485000      0.26275000       343.56300       1.9549883     0.020020437
874.00001       291.73039       98632.663       14185.388       1.8862500       2.3397500   -0.0030000000       343.07800       1.9297315     0.020120348
879.00002       291.77996       98620.858       14229.723       2.9325000       2.6047500     -0.26975000       343.22800       1.9134672     0.018027309
883.99999       291.85963       98616.769       14283.208       2.0065000       2.5310000      0.23100000       342.96600       1.9442641     0.020516137
889.00001       291.97659       98612.310       14353.295       2.5337500       2.4917500     -0.15550000       343.08400       1.9650653     0.020411192
895.00001       291.93519       98601.203       14277.470       2.0102500       2.2592500     -0.19425000       343.09500       1.9301462     0.025966034
900.00003       291.91878       98595.242       14219.386       3.2835000       2.6072500     -0.45125000       342.77900       1.9667060     0.021336241
905.00000       291.76033       98581.780       14020.480       2.7345000       3.1642500      -1.5635000       342.98700       1.9011752     0.016971247
910.00001       291.67592       98577.123       13891.300       2.6172500       2.0227500     -0.26975000       343.05800       1.9347315     0.020634953
915.00003       291.64068       98578.577       13802.527       1.7770000       2.8112500      0.78950010       342.79900       1.9404780     0.019660315
920.00000       291.69314       98587.911       13780.888       1.6050000       1.8610000      0.45675000       343.34600       1.9519386     0.020878225
925.00001       291.71447       98598.300       13740.037       1.7345000       2.1465000      0.27875000       343.66300       1.9410194     0.014801429
930.00003       291.75605       98616.561       13716.206       1.4802500       2.4107500     -0.86475000       343.39300       1.9489439     0.019720299
935.00000       291.72485       98628.686       13628.657       3.0825000       1.9482500     -0.88875000       343.25300       1.9457237     0.021650488
940.00001       291.74330       98633.437       13616.557       2.4480000       1.6230000      0.26900000       343.64100       1.9019191     0.019350207
945.00002       291.77485       98628.727       13657.514       1.7650000       2.2895000      -1.0467500       343.42900       1.9419904     0.021024735
950.00000       291.79323       98622.093       13680.253       1.5637500       1.6345000    -0.087250000       343.84700       1.9072558     0.020153255
955.00001       291.82385       98611.751       13722.471       1.4035000       1.9570000      0.25950000       343.63700       1.9318679     0.021224529
960.00002       291.89288       98594.331       13818.389       1.0445000       1.3467500     -0.14250000       343.80700       1.9519331     0.013838256
965.00000       291.97465       98586.570       13921.265       1.4177500       1.8885000     -0.28675000       343.81100       1.9720335     0.012044075
970.00001       292.05054       98577.365       14013.165       2.6285000       2.4560000     -0.12500000       342.92500       1.9183935     0.018847181
975.00002       292.12629       98582.126       14138.889       1.9482500       2.5412500      0.69450000       343.70600       1.9636957     0.015204512
980.00000       292.20794       98588.809       14262.200       1.9122500       2.8707500     -0.40525000       343.21200       1.9403163     0.024024610
986.00000       292.26808       98608.621       14400.511      0.78200010       2.8250000      0.27825000       343.52600       1.9340221     0.025463895
991.00002       292.30752       98618.223       14466.974       1.6832500       2.7717500      0.97150000       343.65800       1.9128680     0.016201391
996.00003       292.38055       98630.212       14559.331       1.3072500       2.7685000     -0.42150000       343.09100       1.9206403     0.021587649
1001.0000       292.41777       98633.553       14573.385      0.94550000       4.0770000     -0.72975000       342.82300       1.9936596     0.013775101
1006.0000       292.38541       98628.108       14448.447       2.0807500       3.3747500    -0.033750000       343.10200       1.9906478     0.012255277
1011.0000       292.39671       98620.722       14394.365       2.5765000       2.4220000     -0.92650000       342.89900       1.9938868     0.014107282
1016.0000       292.44813       98602.097       14344.971       1.6650000       3.4047500     -0.55600010       342.81200       1.9689061     0.021873796
1021.0000       292.45703       98592.290       14290.594       1.2927500       1.7862500      0.26675000       343.29100       1.9615649     0.017481966
1026.0000       292.45538       98579.088       14271.003      0.68575000       2.0807500     0.099750000       342.77800       1.9743684     0.023034348
1031.0000       292.45398       98576.732       14232.523      0.79775010       1.0600000      0.14525000       343.32700       1.9820493     0.015182478
1036.0000       292.39516       98587.682       14132.271      0.16825000       1.5062500     -0.40125000       343.48300       1.9282495     0.018192493
1041.0000       292.38770       98595.898       14099.914       2.3027500       2.4195000      0.34175000       343.31100       1.9754514     0.014200604
1046.0000       292.43297       98616.987       14119.319       1.7095000       1.9082500    -0.074000000       343.78100       1.9577381     0.020011553
1051.0000       292.45285       98624.275       14120.631       3.0787500       3.4122500    -0.080500010       342.90800       1.9179329     0.021750194
1056.0000       292.50400       98625.625       14167.860       2.4645000       3.7122500     -0.51000010       342.67400       1.9312674     0.023550257
1061.0000       292.51153       98621.953       14180.214       3.3085000       2.7280000     -0.49800000       343.11800       1.9675846     0.020948510
1066.0000       292.45172       98603.118       14129.778       2.3782500       2.0932500   -0.0062500000       343.27900       1.9737903     0.014053876
1071.0000       292.44300       98592.143       14133.810       1.9832500       2.1142500    -0.073750000       343.24500       1.9605788     0.020608043
1077.0000       292.43017       98570.196       14165.804       1.9010000       2.8717500    -0.060750000       343.05000       1.9953724     0.012787178
1082.0000       292.44778       98571.657       14198.102       1.1852500       2.5325000     -0.42900000       343.01500       1.9504342     0.019836529
1087.0000       292.54611       98600.131       14318.833      0.26450000       2.3692500      0.54400000       343.21100       1.9864253     0.020167832
1092.0000       292.56876       98603.692       14320.904       1.0985000       1.7760000      0.10425000       343.17500       1.9965666     0.020529717
1097.0000       292.57116       98601.938       14255.595       1.3767500       1.4662500      0.80525000       343.38600       1.9239072     0.019936999
1102.0000       292.55337       98608.517       14194.391       1.1575000      0.85100000     0.048000000       343.58200       1.9666882     0.015813738
1107.0000       292.46765       98604.515       14042.937       1.4742500       1.3835000     -0.19275000       343.32800       1.9592929     0.012633049
1112.0000       292.43116       98603.601       13957.835       2.8457500       3.8287500      -1.2735000       342.99800       1.9647847     0.014739676
1117.0000       292.41788       98623.946       13923.256       2.8745000       2.6360000    -0.061000000       343.28400       1.9484438     0.019886282
1122.0000       292.38791       98624.100       13857.897       2.6700000       2.1920000      0.38975000       343.39300       1.9669418     0.017121738
1127.0000       292.37503       98599.953       13780.899       2.9522500       2.6100000     -0.97025010       342.93300       1.9715057     0.013772559
1132.0000       292.34169       98590.826       13726.179       2.1477500       2.1737500      0.20825000       343.90500       1.9411750     0.016226512
1137.0000       292.26815       98579.178       13650.891       1.3090000       2.4707500     0.018000000       343.51300       1.9342278     0.022278411
1142.0000       292.23229       98577.215       13621.129       2.3605000       3.3070000     -0.78700010       343.19800       1.9198583     0.022315004
1147.0000       292.19273       98584.063       13627.861      0.47950000       2.1912500      0.15425000       343.46700       1.8771757     0.016063310
1152.0000       292.19040       98592.265       13644.619       3.5402500       3.5237500     -0.22200000       343.39500       1.9562052     0.020940291
1157.0000       292.23882       98613.449       13704.204       2.3007500       2.5382500      0.14725000       343.69300       1.9351181     0.014473219
1162.0000       292.25894       98619.975       13732.934       2.2580000       2.7612500     -0.59750000       343.37000       1.9682783     0.012130081
1168.0000       292.28837       98622.849       13762.057      0.84125010       4.6062500     -0.56925000       343.38200       1.9421924     0.020932672
1173.0000       292.31805       98621.333       13791.261       1.8215000       2.1972500     -0.42225000       343.52800       1.9273816     0.019789181
1178.0000       292.34169       98609.614       13807.886       3.2357500       3.7637500     -0.43225000       342.78200       1.9440437     0.020905487
1183.0000       292.36148       98600.029       13830.247      0.87225000       3.7247500    -0.088500000       343.29900       1.9703890     0.015493862
1188.0000       292.39908       98584.550       13865.618       1.2912500       2.7392500     -0.66700010       343.37100       1.9563607     0.013167599
1193.0000       292.41262       98582.069       13893.988       2.4770000       3.2240000    -0.076250000       343.43000       1.9603988     0.014269547
1198.0000       292.41116       98579.993       13925.207       4.8337500       2.0975000      0.21075000       343.74800       1.9630774     0.014237491
1203.0000       292.39497       98586.798       13931.046       1.9775000       1.0795000     0.012000000       343.16200       1.9323270     0.014367485
1208.0000       292.32355       98615.041       13906.417       2.5887500       3.1172500      0.35425000       342.97700       1.9097043     0.019101722
1213.0000       292.35172       98621.970       13929.658       1.8815000       2.9677500      0.40075000       343.29500       1.9283464     0.021817521
1218.0000       292.43828       98622.842       13972.970       3.6325000       1.9902500      0.85250000       343.05400       1.9809092     0.013316867
1223.0000       292.46803       98621.365       13980.330       2.1087500       1.9060000      0.21900000       343.04700       1.9043571     0.015954003
1228.0000       292.55786       98609.989       14014.695      0.87375000       2.0737500     -0.17400000       343.16800       1.9143580     0.016116653
1233.0000       292.57891       98600.418       14017.206       1.6550000       2.7925000     -0.86125000       343.02600       1.9921888     0.014081277
1238.0000       292.51187       98586.671       13978.640     0.086000000       3.3327500    -0.099750000       343.37000       1.9253409     0.023422296
1243.0000       292.48165       98580.962       13926.521       1.5655000       2.5377500      -1.2020000       342.68400       1.9177381     0.016550948
1248.0000       292.45704       98572.511       13864.528       2.4445000       2.9890000      0.18725000       343.16100       1.9669128     0.015247727
1253.0000       292.43692       98573.616       13807.373       2.5835000       2.8935000      0.12800000       343.03100       1.9225544     0.021325912
1259.0000       292.42359       98589.108       13710.618      0.96100000       2.6695000     -0.39225000       343.22700       1.9684368     0.013787966
1264.0000       292.35643       98596.101       13618.042       2.3187500       2.7262500     -0.35225000       343.26900       1.9091826     0.017854698
1269.0000       292.26226       98606.629       13519.572       3.3817500       2.7202500     -0.31475000       343.01900       1.9526740     0.014922454
1274.0000       292.20266       98609.122       13460.282       1.9667500       1.4590000      0.15250000       343.44700       1.9092734     0.023306860
1279.0000       292.09156       98608.165       13379.815       2.6437500       1.2755000      0.78350000       343.24200       1.9294795     0.014187598
1284.0000       292.05827       98603.557       13345.726      0.16800000      0.75950000      0.89225010       344.28200       1.9061941     0.016712238
1289.0000       292.09105       98590.871       13372.259       2.4117500       1.8837500      0.88600000       343.49200       1.9381035     0.020906314
1294.0000       292.10993       98585.752       13378.089       2.5815000       2.2227500      0.43350000       343.11900       1.9244755     0.024062903
1299.0000       292.13809       98577.007       13372.463       1.8125000     -0.17625000      0.55050000       344.29900       1.9288816     0.018658135
1304.0000       292.17687       98580.314       13399.288       3.7840000      0.89000000     -0.18125000       343.37500       1.9234454     0.014367958
1309.0000       292.24020       98594.151       13451.726       3.5942500       1.9397500     -0.24600000       343.00900       1.9054094     0.018334524
1314.0000       292.28985       98600.090       13508.053       1.8995000      0.32100000      0.51975000       344.52000       1.9125598     0.015272696
1319.0000       292.34780       98612.003       13575.312       2.8812500      0.95025000      0.67200010       343.87300       1.8849432     0.016402556
1324.0000       292.37885       98613.383       13653.793       2.6075000       1.8125000     -0.63025000       343.45900       1.9164911     0.014036121
1329.0000       292.38591       98608.448       13750.918       2.8202500       2.0575000     -0.31050000       344.35400       1.9076560     0.015521107
1334.0000       292.43531       98600.809       13840.308       1.4755000       2.4090000      0.61975000       344.22600       1.9126824     0.018864537
1339.0000       292.48512       98584.915       13954.429       1.4117500       1.8822500      0.78325000       344.09600       1.8878841     0.021239999
1345.0000       292.57148       98573.196       13996.096       3.0357500       3.3120000     -0.52700000       343.72500       1.8810942     0.016234214
1350.0000       292.65100       98571.554       14043.754       2.6905000       2.2515000      0.42500000       343.47400       1.9038303     0.018956058
1355.0000       292.82012       98588.023       14141.230       3.8140000       2.4925000     -0.31900000       343.01400       1.9036001     0.018884617
1360.0000       292.83779       98596.172       14126.075       2.7605000       2.2537500      0.34550000       343.44400       1.9200851     0.017163093
1365.0000       292.78167       98603.085       14057.355       4.1167500       2.0075000     -0.11525000       343.27500       1.8788693     0.016721696
1370.0000       292.66021       98612.311       13947.354       2.6312500       2.7135000    -0.098000000       343.69200       1.8973698     0.019344983
1375.0000       292.59769       98614.997       13882.987       2.4930000       1.1512500      0.17250000       343.87200       1.9708318     0.012253865
1380.0000       292.41477       98612.577       13731.005      0.93600000       1.0955000      0.23775000       344.06700       1.9096374     0.014540693
1385.0000       292.50055       98596.631       13755.314       1.0007500       2.2365000      0.45750000       343.52100       1.9292548     0.019254697
1390.0000       292.55084       98589.396       13762.428       2.9082500      0.93200000       1.3020000       343.83200       1.8715866     0.018187930
1395.0000       292.61518       98576.242       13759.380       2.5210000       1.9115000   -0.0072500000       343.59400       1.9556230     0.021230592
1400.0000       292.65592       98571.566       13754.136       1.3222500       1.5520000      0.24575000       343.92000       1.9368703     0.020155420
1405.0000       292.68437       98574.265       13751.644       1.5097500       1.3057500     -0.54875000       343.78900       1.9311228     0.019243605
1410.0000       292.69996       98590.122       13758.770       2.1605000       2.0655000      0.40050000       343.88300       1.9089808     0.017027062
1415.0000       292.73009       98597.183       13775.038       2.7905000      0.59550010    -0.082000000       343.06500       1.9512879     0.012944738
1420.0000       292.76176       98607.041       13795.354       2.8880000       2.6540000     -0.23500000       343.40800       1.8938245     0.015186540
1425.0000       292.75376       98610.097       13794.341       2.1862500      0.99450000     0.071750000       344.30900       1.9058984     0.020968169
1430.0000       292.71767       98607.602       13790.079       4.4657500    -0.044500000    -0.092000010       343.61600       1.9600863     0.014301712
1436.0000       292.57846       98589.664       13753.910       2.1800000       1.4727500      0.65425000       344.31500       1.8895878     0.019226995
1441.0000       292.47915       98583.008       13712.384       3.9722500       1.0665000     -0.36150000       343.97300       1.9239055     0.018022173
1446.0000       292.35191       98572.338       13656.560       2.4082500      0.69450000     -0.17150000       343.63700       1.8733187     0.013376575
1451.0000       292.27493       98572.058       13620.758       5.5600000       1.3440000    -0.065000010       342.96600       1.8591965     0.016856140
1456.0000       292.21962       98590.658       13580.278       3.4370000       2.3725000     -0.12400000       343.48200       1.9252258     0.018329332
1461.0000       292.18229       98597.371       13541.224       4.4000000       1.0275000     -0.70200000       343.18600       1.8792775     0.013533574
1466.0000       292.19931       98606.632       13515.007       3.5112500       1.6335000     -0.16600000       342.95900       1.9012231     0.017466733
1471.0000       292.19894       98608.069       13498.655       1.2285000       2.5057500     -0.19725000       343.19100       1.8733134     0.014754645
1476.0000       292.21397       98595.829       13481.873       2.2505000       2.2190000     -0.59925000       343.22800       2.3205068     0.017625153
1481.0000       292.20290       98588.809       13465.638     0.073250000       2.2592500      0.28900000       343.11800       1.8864429     0.017876867
1486.0000       292.10877       98574.451       13434.305      0.66125010       2.5010000      0.38925000       343.38700       1.9058162     0.017608498
1491.0000       292.13358       98572.052       13458.825       1.9715000       1.6655000    -0.035750000       343.13700       1.9577087     0.013505728
1496.0000       292.24273       98579.680       13539.024       2.2670000       1.9057500     -0.39950000       342.83200       1.9065357     0.017743862
1501.0000       292.30414       98584.918       13575.748       2.0482500       1.5602500     0.086500000       343.57800       1.9589730     0.020528480
1506.0000       292.47386       98600.639       13614.899       2.2027500     -0.35400000       1.1772500       343.73100       1.9299571     0.019793843
1511.0000       292.53793       98608.320       13682.075       2.1055000      0.54275000    -0.068250000       343.91600       1.9066871     0.023458684
1516.0000       292.49316       98613.480       13754.973       1.4012500       1.0975000     0.059250000       344.27300       1.9240055     0.022547111
1521.0000       292.45049       98612.016       13787.830       2.9595000       2.2747500      0.40600000       343.52300       1.9006515     0.019380014
1527.0000       292.31523       98600.204       13851.227       2.2622500       2.3125000     -0.32850000       343.63800       1.8995768     0.018805859
1532.0000       292.27314       98592.864       13878.312       2.1062500       1.3775000     0.036000000       343.67800       1.9105997     0.017035886
1537.0000       292.28702       98574.239       13871.407       3.3267500       2.2332500      0.11850000       343.76000       1.9506622     0.021944309
1542.0000       292.23370       98571.506       13817.807       1.5237500       1.5210000      0.21700000       344.10200       1.8938610     0.014121260
1547.0000       292.18343       98580.483       13725.830       2.0897500       2.3887500      0.19425000       344.21300       1.9041519     0.019096551
1552.0000       292.13927       98586.223       13662.357     -0.20025000       2.8267500      0.38925000       343.76800       1.9069695     0.023609031
1557.0000       292.02931       98603.601       13547.870       1.2002500       1.6610000     -0.19100000       343.78900       1.9206304     0.015631965
1562.0000       291.96616       98609.110       13464.817      0.80250000       1.6602500     -0.33175000       343.81600       1.9389262     0.011142889
1567.0000       291.96124       98609.718       13419.677      0.34000000       1.2085000    0.0027500000       344.28200       1.9037319     0.016790709
1572.0000       291.94116       98605.251       13387.442       1.3387500       2.8070000      0.13150000       343.31900       1.9262527     0.021997515
1577.0000       291.90548       98588.197       13343.372       1.7792500       2.5042500      0.17625000       343.33400       1.9277555     0.013352122
1582.0000       291.88956       98582.010       13328.264       1.0690000       1.9742500      0.58300000       343.62500       1.9069782     0.024363509
1587.0000       291.85998       98571.496       13348.811       1.9617500       2.3002500      0.53725000       343.68800       1.8912572     0.024956023
1592.0000       291.90185       98572.895       13386.424       1.3847500       2.3032500    -0.094500010       343.62800       1.9502199     0.013070380
1597.0000       292.01436       98591.240       13451.738       1.4965000       1.5900000      0.42825000       343.74700       1.9241138     0.014425238
1602.0000       292.07466       98598.943       13498.492       4.1320000       1.6427500     -0.28925000       343.39400       1.9728092     0.014880338
1607.0000       292.17331       98612.813       13558.414       2.7925000       3.0485000     -0.38550000       343.29500       1.9036226     0.017811209
1612.0000       292.23619       98613.676       13622.844       3.9557500       2.0960000     -0.54400000       343.51100       1.9626959     0.013215999
1618.0000       292.26422       98598.635       13703.828       1.6145000       2.3045000      0.21175000       343.73300       1.9406349     0.020870376
1623.0000       292.25159       98591.030       13733.444       2.2612500       2.6572500     -0.21675000       343.37600       1.9321602     0.016130113
1628.0000       292.20412       98572.869       13756.835       2.6667500       1.8832500     -0.11375000       343.43600       1.9114466     0.020061397
1633.0000       292.19411       98571.507       13779.192       4.7215000       2.0275000      0.45075000       343.52700       1.9154746     0.014939504
1638.0000       292.16644       98581.422       13789.659       2.9900000       2.1665000     -0.20900000       343.84700       1.9313793     0.018274946
1643.0000       292.12651       98587.684       13747.727       3.3377500       3.2535000     -0.17575000       342.93300       1.9173173     0.014389110
1648.0000       292.09278       98605.307       13679.283       2.5120000       3.0035000     -0.25800000       342.91100       1.9370909     0.020385175
1653.0000       292.09924       98609.943       13635.245       1.7365000       1.5267500      0.17300000       342.82300       1.9648336     0.019317579
1658.0000       292.08700       98609.442       13532.561       2.7312500       2.4517500      0.10150000       343.29500       1.9394760     0.019099289
1663.0000       292.09938       98604.029       13481.262      0.57025000       2.1480000      0.11425000       343.33900       1.9562948     0.013554843
1668.0000       292.18741       98586.643       13496.923       3.4820000       1.5150000    -0.059750000       343.62900       1.9313513     0.019587653
1673.0000       292.23079       98580.973       13472.278       2.8140000       1.5600000     0.049750000       343.14700       1.9941108     0.011990375
1678.0000       292.24093       98575.798       13415.180       2.6240000      0.88775000     0.055250000       343.68000       1.9067563     0.017907737
1683.0000       292.26094       98572.101       13396.123       2.6355000       1.7045000      0.68400000       343.37100       1.9280949     0.023078363
1688.0000       292.26640       98575.963       13373.741       4.5890000       1.4820000      0.31200000       343.74000       1.9264539     0.020262928
1693.0000       292.32975       98575.384       13405.290       4.8755000       4.1127500      0.11750000       343.28600       1.9499764     0.013899907
1698.0000       292.43899       98570.429       13481.979       2.8522500       4.4725000     -0.65625010       343.38900       1.9233732     0.015226542
1703.0000       292.48277       98569.086       13551.147       1.6955000       4.2035000     -0.80325000       342.80700       1.9499406     0.013127229
1709.0000       292.54550       98570.385       13670.947       1.3227500       2.6377500     -0.15800000       343.36600       1.9086241     0.020254562
1714.0000       292.59615       98570.398       13773.804       2.6842500       1.8870000     -0.57600000       343.30600       1.9120777     0.016565106
1719.0000       292.59777       98567.564       13903.136       2.7597500       3.3180000      0.12050000       343.46700       1.9025936     0.017847848
1724.0000       292.60761       98573.118       13956.301       2.4712500       2.4327500    -0.057750000       343.74200       1.9256565     0.021963633
1729.0000       292.66052       98582.801       14012.196       3.1652500       2.1317500      0.65650000       343.56400       2.0415245     0.012240623
1734.0000       292.66250       98590.734       14005.424       2.8347500       1.5742500     0.047250000       344.02700       1.9243696     0.017568593
1739.0000       292.58871       98606.632       13898.806       3.2295000       1.4177500     -0.42050000       343.16500       1.9368301     0.014037934
1744.0000       292.59617       98610.273       13868.191       1.7202500      0.99000010      0.71925000       344.67800       1.8562933     0.012578381
1749.0000       292.66498       98608.761       13854.499       1.5095000       1.6010000     -0.69450000       344.68000       1.9058198     0.016866241
1754.0000       292.64780       98602.342       13819.513       2.3735000       1.1487500      0.15450000       343.90400       1.9040263     0.011715857
1759.0000       292.61964       98583.554       13802.936       2.3952500      0.61050000      0.16900000       344.42800       1.9265840     0.012931392
1764.0000       292.57254       98582.072       13743.546       3.5420000     -0.56175010     -0.21600000       343.62400       1.9304671     0.012830222
1769.0000       292.42975       98581.969       13619.791       4.8115000       3.0520000     0.039000000       343.04700       1.9087901     0.020116259
1774.0000       292.42553       98586.603       13597.401       3.7820000       1.9807500     -0.10525000       343.29600       1.8818995     0.016418639
1779.0000       292.48105       98606.681       13586.302       2.9902500       2.2465000    -0.039750000       343.88300       1.8690572     0.014537396
1784.0000       292.52905       98610.282       13625.019       5.4832500       1.8957500      0.10175000       343.55500       1.8705799     0.018619401
1789.0000       292.64535       98608.759       13753.807       3.7827500       2.2475000     -0.59725000       343.50200       1.8305303     0.014770852
1794.0000       292.70684       98602.379       13824.095       1.7595000       1.8312500     -0.14425000       344.73700       1.9253752     0.015336803
1800.0000       292.76287       98584.029       13905.224       1.6722500       3.0635000      0.67525010       345.00000       1.9161688     0.017234309
1805.0000       292.80019       98573.191       13990.746       3.8095000       2.0025000      0.49500000       345.27100       1.9126828     0.016676381
1810.0000       292.77565       98571.396       14024.588       4.4690000       4.3780000     -0.55225000       343.38900       1.8902232     0.016671386
1815.0000       292.70182       98576.989       14028.240       3.8867500       3.2605000     -0.53825000       344.07300       1.9143772     0.018800892
1820.0000       292.56010       98596.140       14011.394       4.0602500       3.5325000      0.41075000       343.06800       1.8891875     0.015459328
1825.0000       292.44789       98600.898       13966.353       3.8560000       2.0360000      -1.0530000       343.44100       1.9047001     0.022675727
1830.0000       292.27712       98608.885       13860.316       2.5995000       1.0167500     -0.21175000       343.37300       1.8829301     0.014211180
1835.0000       292.23105       98592.644       13824.048       2.9870000       1.5827500      0.30550000       343.50300       1.8825886     0.018927732
1840.0000       292.22525       98584.426       13795.719       1.9102500       2.0442500     -0.38325000       343.63100       1.9127363     0.013896565
1845.0000       292.33050       98570.343       13801.165       3.1000000       2.1575000      0.37600000       344.04200       1.8688224     0.021092270
1850.0000       292.39996       98566.675       13797.740       1.9222500       1.8125000      0.55725000       344.11400       1.8591416     0.014487483
1855.0000       292.46949       98570.381       13792.988       3.7802500       3.2095000      0.32575000       343.59200       1.8770910     0.012498375
1860.0000       292.57514       98584.674       13787.053       2.3890000       1.9450000     0.011000000       343.78200       1.8869474     0.018361147
1865.0000       292.56939       98593.000       13776.239       2.0177500       2.7497500     -0.17100000       343.93800       1.8829122     0.017911976
1870.0000       292.50551       98609.318       13758.573       2.5557500       2.9585000      0.26150000       342.95200       1.8904038     0.022407440
1875.0000       292.42969       98596.475       13762.934       2.3485000       3.3620000     -0.35475000       343.23100       1.8983958     0.018685407
1880.0000       292.38671       98590.482       13767.859       2.6165000      0.95450000      0.91400000       344.14600       1.9066695     0.020379369
1886.0000       292.41413       98569.753       13800.046       2.7327500       3.4757500     -0.54600000       343.32700       1.9401610     0.017146409
1891.0000       292.40274       98565.760       13814.423       2.7207500       3.8245000     -0.44275000       343.40100       1.8926877     0.018205302
1896.0000       292.39468       98580.599       13840.444       1.9960000       3.6922500     -0.37450000       343.74100       1.8792937     0.015198177
1901.0000       292.35265       98586.584       13828.219       3.5460000       2.5057500     -0.60200010       343.58400       1.9236673     0.018932635
1906.0000       292.24385       98600.491       13778.124       2.2807500       1.0147500      0.51775000       344.50200       1.8768959     0.013328791
1911.0000       292.18514       98603.945       13743.136       4.2847500       2.3907500      -1.0002500       342.84000       1.8852533     0.019167346
1916.0000       292.12068       98594.972       13671.624       3.1775000       1.7020000     0.062750000       343.59500       1.8620396     0.014329607
1921.0000       292.08280       98589.855       13634.781       3.4145000       1.6585000     -0.21500000       343.69400       1.8867501     0.013786673
1926.0000       292.11406       98574.555       13648.547       1.8345000      0.63325010     -0.17375000       344.36700       1.8537293     0.017831685
1931.0000       292.10302       98572.057       13628.148       3.3465000       1.7700000      0.45400000       344.08900       1.8743055     0.017665838
1936.0000       292.06609       98581.606       13587.534       4.8060000     -0.64900000     -0.13175000       344.29700       1.8548134     0.020880340
1941.0000       292.04630       98585.744       13567.970       3.3725000      0.32700000    -0.076250000       343.92600       1.8734020     0.021242582
1946.0000       292.00994       98600.544       13528.026       3.6327500      0.82200000      0.16475000       343.83800       1.8633660     0.015399782
1951.0000       291.99146       98603.947       13517.223       6.1980000      0.97425000      0.45925000       343.13600       1.8297173     0.018223812
1956.0000       291.98617       98594.936       13531.654       4.1210000    -0.039750000     -0.28150000       343.33400       2.0982903     0.016043450
1961.0000       291.99769       98589.809       13563.389       3.5352500     -0.31975000      0.74150000       344.12100       1.8734601     0.013671223
1966.0000       292.03474       98577.326       13630.622       3.3567500       1.3037500       2.0627500       344.19200       1.8920233     0.014344041
1971.0000       292.05496       98572.654       13676.229       4.6965000       1.7775000     -0.60800000       342.73400       1.8590335     0.014325903
1977.0000       292.12149       98570.746       13761.697       3.2075000       1.3620000      0.33900000       343.38100       1.8983766     0.016976422
1982.0000       292.11026       98575.288       13787.035       2.7437500      0.83400010      0.43100000       343.42800       1.9096921     0.017130121
1987.0000       292.05017       98595.122       13783.163       3.5987500      0.85200010     -0.14025000       343.11300       1.9173221     0.021891052
1992.0000       291.98335       98598.641       13754.291       2.6182500      0.87750010     -0.23375000       343.87700       1.8834543     0.018569908
1997.0000       291.82297       98601.941       13654.407       2.4705000      0.12825000      0.37875000       343.92400       1.8802148     0.016029162
2002.0000       291.76462       98596.707       13619.670       3.3212500       1.2327500      0.30950000       343.75200       1.9025659     0.017076005
2007.0000       291.74879       98566.820       13603.603       2.1182500       2.0370000      0.78550000       343.42500       1.8577712     0.018299598
2012.0000       291.73597       98560.092       13573.558       1.6367500       1.4665000      0.84200010       343.68900       1.8889864     0.018011759
2017.0000       291.78189       98560.706       13568.494       2.9865000       2.7485000     -0.81325010       343.50200       1.9042394     0.018339045
2022.0000       291.81190       98564.489       13561.469       2.6885000      0.63225000      0.21325000       343.45500       1.8890531     0.018081948
2027.0000       291.83789       98589.233       13528.296       2.2467500      0.84325000     -0.15275000       344.04400       1.9160270     0.018476085
2032.0000       291.85773       98595.380       13514.369       2.8435000      0.59900000     -0.22875000       343.64200       1.8773210     0.017763315
2037.0000       291.89519       98593.313       13531.407       2.9072500      0.98325000     -0.11975000       343.53300       1.9040781     0.018517740
2042.0000       291.91131       98591.147       13536.914       4.0560000       1.7027500     -0.18650000       343.13100       1.8500386     0.019967393
2047.0000       291.89941       98573.676       13522.749       4.7155000       1.3660000     -0.83750000       342.99200       1.8635715     0.022011090
2052.0000       291.89913       98572.594       13536.059       2.9522500       1.5742500      0.49625000       343.31800       1.9177878     0.016578003
2057.0000       291.92609       98581.051       13582.536       3.3810000       1.8890000      0.47200000       343.42100       1.9285113     0.018117628
2062.0000       291.89895       98586.796       13601.797       2.2697500      0.76775000     -0.22225000       343.85100       1.8899880     0.014495677
2068.0000       291.82676       98607.661       13633.106       2.7835000       1.0852500     -0.17625000       343.91800       1.9049485     0.016193504
2073.0000       291.77067       98608.816       13631.327       4.5437500      0.76225010     -0.97975000       342.88700       3.8492529     0.017870385
2078.0000       291.63736       98601.061       13576.709       4.1617500       1.5255000      0.20475000       343.23600       1.8593704     0.014677660
2083.0000       291.62209       98591.683       13583.483       4.4670000      0.95650010     -0.38000000       343.17600       1.8813617     0.014549054
2088.0000       291.67131       98562.186       13604.837       3.5207500       2.4562500     -0.10250000       343.40300       1.8625385     0.021282686
2093.0000       291.71438       98560.195       13632.799       2.5845000      0.68875000      0.16300000       343.53800       1.8641885     0.016717928
2098.0000       291.81770       98571.688       13697.678       3.4215000      0.30150000      0.56250000       343.64300       1.8822000     0.015729702
2103.0000       291.89832       98577.566       13748.888       2.3410000      0.63400000     -0.23125000       343.69100       2.4889837     0.014162075
2108.0000       291.98478       98603.333       13801.092       4.8575000       1.2027500     -0.18175000       343.27400       1.9068089     0.013834145
2113.0000       292.03890       98605.490       13835.873       4.1160000      0.85275010      0.44875000       343.30900       1.9224211     0.016851378
2118.0000       292.08714       98587.728       13854.322       2.0950000       2.3207500     -0.19850000       343.61300       1.9080591     0.015900876
2123.0000       292.13046       98581.830       13905.398       3.2860000      0.77300010      0.25225000       342.88000       1.8835796     0.016303118
2128.0000       292.15278       98567.126       13961.411       2.1987500       1.5040000      0.25625000       343.30700       2.0196801     0.017485717
2133.0000       292.15637       98568.064       14006.439       2.5242500      0.38675000      0.51000010       343.92700       1.9456628     0.022478281
2138.0000       292.16807       98582.941       14108.006       3.2825000       1.1752500   -0.0067500000       342.85200       1.8991291     0.015800632
2143.0000       292.14551       98588.985       14114.527       4.0165000       1.7112500     -0.11900000       343.25200       1.9168098     0.015751286
2148.0000       292.06873       98603.514       14061.859       4.1605000      0.97250000      0.20775000       343.43000       1.8901411     0.014917528
2153.0000       292.01874       98602.819       13997.510       2.2815000      0.54525000       1.3152500       344.08400       1.8836861     0.013732395
2159.0000       291.94208       98588.164       13833.378       3.4620000      0.44950000     0.061500000       343.23700       1.9044623     0.017772775
2164.0000       291.92989       98578.445       13789.645       2.4837500     -0.27275000      0.41000000       344.06100       1.8488531     0.014438041
2169.0000       291.96127       98555.961       13790.199       4.0105000     -0.63675000      0.12725000       343.26300       1.8919417     0.019433205
2174.0000       291.93308       98557.963       13729.110       2.6915000      0.57200000      0.53825000       343.92300       1.9000532     0.022345922
2179.0000       291.90364       98572.182       13682.568       1.9200000      0.41075000      0.54000000       344.21400       1.8504276     0.016215482
2184.0000       291.89338       98579.995       13645.546       2.7812500      0.27525000      0.10500000       344.10200       1.8907424     0.018879443
2189.0000       291.84910       98603.313       13555.876       3.0510000      0.64050000      0.27675000       343.61600       1.8643256     0.015153402
2194.0000       291.82734       98605.237       13515.357       2.0240000       1.3020000      0.28175000       343.95500       1.9087590     0.019284489
2199.0000       291.84770       98593.589       13531.561       1.7477500       1.4812500      0.17525000       344.20900       1.8726748     0.014094250
2204.0000       291.85773       98584.019       13538.613       1.6505000       1.0195000      0.25325000       344.38500       1.8919736     0.015481740
2209.0000       291.84322       98561.521       13530.613       1.9580000       1.6672500     -0.18325000       343.77500       1.8769964     0.018220549
2214.0000       291.85189       98562.646       13544.028       2.5640000       1.1112500     0.078750010       343.33500       1.8572268     0.017659310
2219.0000       291.89368       98571.853       13591.974      0.79900000     0.027000000    -0.032750000       343.99400       1.8873685     0.015667405
2224.0000       291.92360       98578.548       13636.802       3.3387500       1.1875000     -0.21400000       343.42300       1.8753243     0.017454943
2229.0000       291.94664       98604.118       13671.336       4.1375000      0.37100000    -0.016750000       343.70100       1.8788386     0.019869506
2234.0000       291.96696       98604.083       13730.883       3.5155000       1.5665000     -0.16625000       343.18500       1.9065244     0.013417333
2239.0000       292.00356       98586.255       13833.284       3.9500000    -0.053250000     -0.28775000       343.18900       2.1100042     0.017400040
2244.0000       292.01487       98580.249       13887.534       3.7282500       1.9380000   -0.0095000010       343.16900       1.9959380     0.020288227
2250.0000       292.00058       98566.433       13940.392       3.1765000       1.9000000   -0.0015000000       343.69400       1.9315842     0.017673514
2255.0000       291.98489       98579.402       13927.027       2.9797500       1.9527500     -0.20575000       343.35000       1.8798931     0.016477428
2260.0000       291.99350       98585.387       13936.900       1.7475000       2.7450000     -0.55525000       343.99900       1.8768249     0.015767751
2265.0000       292.01445       98591.373       13949.306       2.1720000       1.8917500     0.063250010       343.00300       1.8907851     0.019549546
2270.0000       292.05641       98604.041       13966.201       2.2467500       1.9237500      0.16075000       343.75900       1.8968905     0.017602847
2275.0000       292.05545       98600.140       13944.655       1.9817500       1.6977500      0.21575000       343.93700       1.8825532     0.016680061
2280.0000       292.06189       98586.430       13928.763       3.4395000      -1.1460000     0.030000000       343.40400       1.8742615     0.019240340
2285.0000       291.95491       98568.653       13788.416       3.0020000       2.3750000      0.15475000       343.58800       1.8681285     0.013991448
2290.0000       291.93018       98558.142       13731.501       2.9005000       1.2897500      0.50925000       343.65300       1.8590557     0.014515686
2295.0000       291.96011       98550.361       13712.009       2.7325000       1.3597500     -0.42300000       343.68000       1.8755734     0.015010618
2300.0000       291.98744       98547.919       13710.005       3.3342500       2.2047500     -0.31875000       343.55000       1.8402676     0.014027940
2305.0000       292.03934       98550.380       13742.613       1.9787500       1.6747500     -0.33550000       343.92500       1.8596037     0.015245323
2310.0000       292.16853       98561.547       13858.835       2.4765000      0.49975000      0.32725000       344.00300       1.8975483     0.014850849
2315.0000       292.18432       98561.299       13873.464       3.0332500       2.1757500     -0.19675000       343.97400       1.8900277     0.016409244
2320.0000       292.16208       98560.365       13866.554       2.2307500       1.8860000    -0.041750000       343.02200       1.8921140     0.014895713
2325.0000       292.08460       98555.005       13808.033       2.5667500       1.0162500      0.41825000       343.62200       1.8950306     0.017734887
2330.0000       292.04309       98557.375       13784.609       2.0372500       2.5047500     -0.41725000       343.18300       1.9110230     0.018458778
2335.0000       291.99967       98579.421       13789.416       2.2495000       1.8497500     -0.31100000       343.30700       1.8585031     0.016105278
2341.0000       291.98815       98588.835       13788.586       2.3015000       3.1512500     0.026250000       343.04100       1.8932802     0.015990912
2346.0000       292.04784       98595.038       13825.180       1.7715000       2.5102500    -0.067500000       342.85200       1.8898002     0.018258586
2351.0000       292.05632       98593.421       13818.217       2.1732500       1.2330000     -0.47475000       343.47100       1.8969431     0.023635873
2356.0000       292.04267       98567.824       13759.543       1.3482500       1.8277500     0.074750010       343.73100       1.8906475     0.017954942
2361.0000       292.05273       98561.416       13740.492       1.5532500       2.0250000     -0.26925000       343.44300       1.9041431     0.022759088
2366.0000       292.07283       98560.716       13753.838       2.3622500       1.0402500     -0.65275000       343.48800       1.9019762     0.018376587
2371.0000       292.05152       98563.325       13711.417       1.7435000      0.18450000      0.33200000       344.73800       1.8951690     0.018703364
2376.0000       292.00732       98587.134       13628.355       2.6890000       1.1077500    -0.038250000       343.83400       1.8562373     0.019300682
2381.0000       291.99721       98594.697       13598.432       2.0027500       1.6045000      0.29975000       344.38400       1.8593083     0.015718903
2386.0000       291.95361       98595.851       13535.819       1.5542500      0.83050010      0.28075000       343.56400       1.8768248     0.017319350
2391.0000       291.93643       98592.268       13511.807       4.2497500       1.7900000     -0.39000000       342.85300       1.8655765     0.016128304
2396.0000       291.94633       98567.816       13554.929       2.7950000      0.62025000     0.048000000       342.93100       1.9143436     0.016712755
2401.0000       291.99910       98561.535       13604.785       3.2682500      0.94275000    0.0087500000       343.11200       1.8914161     0.021311765
2406.0000       292.08799       98560.712       13670.979       2.5025000      0.80075000      0.31725000       344.20400       1.8680198     0.018451340
2411.0000       292.15952       98563.371       13727.762       2.6800000      0.75350000     -0.11600000       343.28000       1.8696664     0.013250311
2416.0000       292.29219       98588.594       13794.919       2.4430000      0.66075000      0.27175000       344.23300       1.8943964     0.019335020
2421.0000       292.38029       98594.969       13882.949       2.5660000      0.93825010     -0.27075000       343.39400       1.8605858     0.015809902
2426.0000       292.42511       98591.195       13990.068       1.9317500       1.1775000      0.28900000       344.13700       1.9348392     0.013985312
2432.0000       292.46973       98585.296       14081.962       1.5925000      0.85800000      0.47250000       344.41500       1.8617351     0.020813983
2437.0000       292.48218       98557.634       14192.519       2.4355000      0.90225010     -0.17225000       343.79000       1.8458377     0.017553605
2442.0000       292.51199       98555.550       14249.760       1.8827500       1.3982500    -0.021000000       343.92000       1.8564144     0.018628834
2447.0000       292.52353       98572.368       14256.937       2.3037500       1.9930000      0.30600000       343.80800       1.8737524     0.019479678
2452.0000       292.55746       98576.331       14251.036       1.0920000       2.8635000      0.47775000       343.97300       1.8834854     0.017391366
2457.0000       292.60672       98593.905       14205.626       2.1810000       3.4277500     -0.28600000       344.08200       1.9026440     0.018168814
2462.0000       292.67081       98594.039       14182.518       2.8567500       1.7737500     -0.28975000       345.03600       1.8866975     0.021349272
2467.0000       292.75926       98567.101       14131.458       1.8545000       2.1867500     0.089500000       342.98100       1.8879346     0.017003370
2472.0000       292.82951       98560.493       14111.306       2.5002500       2.1227500     -0.15650000       343.56800       1.9154253     0.015414925
2477.0000       292.92833       98555.657       14131.385       1.6987500       1.0887500     0.023000000       344.32500       1.9469637     0.019820941
2482.0000       292.98041       98558.950       14128.492       2.5502500       1.1352500      0.19275000       344.57100       1.8902890     0.017692780
2487.0000       293.00884       98583.150       14126.395       2.0265000      0.82525000      0.64025000       344.99000       1.9161431     0.019506315
2492.0000       293.01102       98589.572       14121.018       3.0457500      0.71075000   -0.0022500000       343.54600       1.8542366     0.016446490
2497.0000       292.96218       98594.858       14097.019       2.5522500      0.35250000     0.094500010       344.79200       1.8891425     0.018961233
2502.0000       292.94220       98591.555       14097.062       3.3302500       1.0780000     -0.16000000       343.44900       1.8910451     0.014998574
2507.0000       292.90473       98563.063       14121.680       2.4442500       1.6122500      0.44875000       344.43300       1.8922911     0.015367659
2512.0000       292.88833       98560.549       14122.392       2.9672500       1.7940000     -0.40725000       344.10100       1.8756001     0.015775639
2517.0000       292.88721       98570.966       14129.541       2.1102500       1.9185000     0.057000000       344.71600       1.8895183     0.019027496
2523.0000       292.90533       98577.600       14115.868       2.3847500       3.2687500     -0.35625000       343.83100       1.9031452     0.016664469
2528.0000       292.93090       98603.105       14079.285       3.8822500       1.7512500     -0.41275000       343.47500       1.8766453     0.014265422
2533.0000       292.96688       98605.090       14044.670       1.8930000       2.4822500      0.50925000       344.71900       1.8880220     0.020018018
2538.0000       293.04036       98587.886       14010.626       3.3825000      0.81675000     -0.85175000       343.62000       1.8892046     0.013390579
2543.0000       293.07419       98581.790       13958.453       5.0802500       1.5815000      0.17900000       343.88700       1.8824223     0.016577714
2548.0000       293.13182       98567.375       13883.519       3.9670000      0.76775000    -0.052500000       344.24900       1.8234378     0.018289055
2553.0000       293.09682       98568.135       13824.383       4.0005000      0.65950000     -0.40175000       343.75500       1.8879044     0.022435888
2558.0000       292.98318       98585.339       13759.628       3.5312500       1.5500000     -0.43075000       342.88500       1.8826468     0.016257439
2563.0000       292.90692       98588.152       13703.149       2.7400000       2.1142500     -0.48750000       344.49100       1.9325661     0.017990150
2568.0000       292.78239       98595.165       13671.841       4.0627500      0.14525000     -0.32050000       343.85500       1.8748230     0.016824486
2573.0000       292.68930       98590.513       13602.880       3.0937500       3.0500000      0.73725000       344.17700       1.9004613     0.020404437
2578.0000       292.60701       98564.927       13496.961       5.0522500       2.0805000     -0.42400000       344.07600       1.8664858     0.014846578
2583.0000       292.56981       98561.259       13441.572       4.6775000       2.4882500     -0.28325000       344.29800       1.8847570     0.017064476
2588.0000       292.56627       98560.945       13384.885       6.3502500       2.6117500     0.077000010       343.77800       1.8739618     0.013460279
2593.0000       292.52599       98566.105       13348.894       4.6030000       3.2290000     -0.56150000       343.06100       1.8850652     0.013072036
2598.0000       292.51440       98592.059       13361.530       4.1777500       2.3702500     -0.21350000       342.68000       1.8929937     0.013861667
2603.0000       292.48832       98595.383       13349.048       3.6502500       2.6022500     -0.10075000       343.11000       1.9072804     0.013181233
2609.0000       292.40284       98588.924       13318.573       3.0675000       2.3737500     -0.49950000       342.70800       1.8583896     0.019287789
2614.0000       292.36208       98581.456       13306.612       2.3467500       2.0665000     0.038500000       343.39000       1.9066641     0.018009995
2619.0000       292.36342       98555.770       13302.883       1.9750000       1.5455000    -0.032750000       344.08700       1.9008450     0.021451773
2624.0000       292.32528       98557.666       13298.892       2.6187500      0.52350000      0.35375000       343.95800       1.8889946     0.017032116
2629.0000       292.26186       98574.085       13303.160       2.3967500       2.5460000     -0.16250000       343.38900       1.8851405     0.014341742
2634.0000       292.21161       98578.150       13291.024       3.8252500       2.3130000     -0.50225000       343.33500       1.9233975     0.021787851
2639.0000       292.16060       98594.939       13270.768       1.2815000       1.7412500   -0.0045000000       342.77100       1.9119960     0.016413989
2644.0000       292.11049       98590.968       13261.539       2.4080000       2.2180000     -0.42750000       343.28200       1.8510188     0.017391979
2649.0000       292.05948       98563.839       13249.495       1.9372500       1.9832500     -0.21650000       344.18800       1.8859734     0.017028177
2654.0000       292.00970       98559.293       13233.388       1.5440000       1.8937500      0.27025000       343.92600       1.8622449     0.017329156
2659.0000       291.93288       98557.687       13205.077       2.1797500       2.6225000     -0.62550000       343.68100       1.8676426     0.015343705
2664.0000       291.93889       98560.162       13228.566       1.6277500       1.6812500     -0.51000010       343.46700       1.8836884     0.017417455
2669.0000       291.98764       98576.334       13272.982       2.0932500       1.4095000    -0.030500000       343.25200       1.8742104     0.016591417
2674.0000       292.01721       98578.717       13300.304       2.6302500       2.1160000     -0.11275000       343.69700       1.8585662     0.015710086
2679.0000       292.08872       98578.721       13355.683       1.5062500       1.4040000      0.34800000       344.01400       1.8801810     0.016886101
2684.0000       292.14948       98572.228       13410.366       1.2977500       1.0387500     -0.18775000       344.05200       1.8753541     0.021030523
2689.0000       292.19389       98552.300       13443.355       2.2820000       2.0837500     -0.40800000       342.86600       1.8947032     0.023312730
2694.0000       292.23393       98552.661       13487.987       1.8045000       2.8317500    0.0067500000       343.10600       1.8620571     0.017686550
2700.0000       292.30689       98558.428       13575.060       1.9410000       2.3617500     0.028500000       343.53600       1.9050697     0.016728997
2705.0000       292.36022       98578.890       13669.725       1.6222500       2.2130000     0.032750000       343.62600       1.9009917     0.016680954
2710.0000       292.36295       98584.782       13697.490       3.2870000      0.68700000      0.35475000       343.33900       1.9250232     0.020913754
2715.0000       292.34111       98582.062       13696.623       3.1607500       1.9555000     -0.25050000       342.95000       1.9220996     0.017285539
2720.0000       292.30848       98564.244       13695.984       1.3827500       1.8250000      0.31250000       343.45000       1.8506289     0.022393921
2725.0000       292.27667       98562.438       13652.195       1.9692500       1.5057500      0.11000000       343.34400       1.9131475     0.019554341
2730.0000       292.18243       98556.810       13521.741       2.5805000       1.7097500     -0.51900010       343.32400       1.9086268     0.021650586
2735.0000       292.21566       98583.834       13500.560       3.4882500      0.33000000     -0.16850000       343.23100       1.8796965     0.016877524
2740.0000       292.24447       98589.979       13484.529       3.6967500       1.8942500     0.020500000       343.58900       1.9142299     0.022052054
2745.0000       292.30010       98580.841       13504.080       2.7832500     -0.34150000      0.75100000       343.64100       1.8751120     0.017137668
2750.0000       292.34952       98577.276       13510.277       3.2310000       2.4627500   -0.0017500000       343.68900       1.8908156     0.022906241
2755.0000       292.39894       98570.046       13514.009       2.6660000       2.5582500     -0.32725000       343.72800       1.8496056     0.015192587
2760.0000       292.46210       98543.950       13521.350       3.4007500       1.6570000      0.23150000       343.47300       1.8501967     0.014420392
2765.0000       292.46932       98550.501       13511.767       2.2865000       2.1855000      0.17475000       344.10200       1.8862941     0.015703469
2770.0000       292.46724       98576.986       13492.130       1.3395000       1.2935000      0.43525000       344.39800       1.8761437     0.016134194
2775.0000       292.35363       98588.191       13454.915      0.30025000      0.41200000       1.0152500       345.36700       1.8608004     0.014285787
2780.0000       292.29174       98590.322       13437.425       1.9485000       2.1172500    -0.064750000       343.92100       1.8672255     0.021405756
2785.0000       292.22945       98559.508       13437.329       1.7357500       2.2550000      0.22800000       344.07300       1.8652544     0.014580533
2791.0000       292.18240       98550.037       13428.529       2.4012500       2.8002500     -0.31575000       343.87000       1.8773484     0.015778377
2796.0000       292.18607       98556.804       13426.699       1.7405000       2.3377500     -0.14725000       343.95200       1.8810775     0.017680101
2801.0000       292.19723       98559.134       13430.498       1.6760000      0.91350010     -0.41600000       344.36900       1.9137292     0.017982914
2806.0000       292.17441       98580.703       13374.368     0.057500000       1.7290000    -0.081500000       344.45100       1.8828401     0.018576729
2811.0000       292.23965       98584.742       13420.796       1.0635000       2.4400000      0.26125000       344.75800       1.8755244     0.022812222
2816.0000       292.41119       98567.168       13571.886       1.5572500       1.7830000     -0.15800000       344.53200       1.9085341     0.021193424
2821.0000       292.52155       98563.331       13667.810       2.8020000       3.6415000     -0.27525000       343.50100       1.8711171     0.019689442
2826.0000       292.69584       98558.647       13830.807       2.1575000       2.9210000     -0.49900000       343.69300       1.8929923     0.020467196
2831.0000       292.79227       98558.062       13932.160       1.6885000       2.5297500     -0.16475000       343.26100       1.9077804     0.018455723
2836.0000       292.77598       98576.092       13923.883       1.0732500       2.2737500      0.21300000       344.24100       1.8994000     0.020192246
2841.0000       292.80557       98578.436       13974.425       3.5800000       1.5502500     -0.12200000       344.05500       1.8554984     0.019610501
2846.0000       292.80359       98569.343       14041.752       1.3147500       3.7987500     -0.41625000       343.51200       1.8703489     0.019527827
2851.0000       292.84616       98565.179       14107.090      0.86825000       1.8395000     -0.23225000       344.26700       1.9220233     0.018305386
2856.0000       292.95757       98546.200       14240.177       2.8912500       3.1680000     -0.21275000       343.97000       1.8884465     0.014428966
2861.0000       293.01633       98546.198       14284.838       4.0610000       4.1537500     -0.89650010       342.95100       1.9058303     0.020099243
2866.0000       293.06683       98570.456       14280.383       5.3190000       3.8142500     -0.31825000       343.05200       1.8954195     0.017392140
2871.0000       293.11580       98578.344       14257.364       4.3697500       1.9242500     0.014750000       343.99200       1.8791346     0.021817536
2876.0000       293.10604       98588.718       14133.202       4.0870000       1.2870000      0.52275000       343.62400       1.8878693     0.015455545
2882.0000       293.15981       98594.286       14066.111       3.2915000       3.1072500     -0.75800000       343.37200       1.8932451     0.014562637
2887.0000       293.27112       98578.798       14035.764       3.0372500       3.8620000     -0.43050000       343.96400       1.9170779     0.018366367
2892.0000       293.32717       98578.319       14004.378       2.8512500       3.1472500     -0.15325000       343.26200       1.8895276     0.018822407
2897.0000       293.40333       98590.451       14021.300       3.1410000       1.9952500      0.52800000       344.37600       1.8772010     0.013519090
2902.0000       293.42178       98591.715       13992.427       3.4907500       3.0180000      0.34550000       344.61600       1.9106832     0.019664958
2907.0000       293.37533       98595.262       13924.020       2.2700000       3.4732500      0.43225000       343.86000       1.8901297     0.019256665
2912.0000       293.34168       98590.310       13887.610       1.7167500       3.8292500      0.28600000       343.52000       1.9078490     0.020616975
2917.0000       293.29198       98566.960       13856.173       2.0622500       4.0730000     -0.35225000       343.90400       1.8874861     0.016985798
2922.0000       293.22816       98560.293       13815.097       1.9775000       3.2620000   -0.0025000000       344.08700       1.8827888     0.019782571
2927.0000       293.16735       98558.064       13807.047       2.2647500       1.1615000      0.64225000       345.25800       1.8807077     0.020911063
2932.0000       293.07043       98558.555       13751.167      0.40950000       1.1162500      0.54300000       345.50600       1.8998033     0.020080267
2937.0000       292.89802       98576.873       13646.986       2.1242500       5.2832500     -0.76225010       343.32700       1.8879510     0.020715747
2942.0000       292.80561       98577.810       13564.989      0.61075000       2.1715000     -0.54425000       344.22000       1.9105325     0.020129057
2947.0000       292.70351       98568.363       13441.453      0.27900000       1.4000000       1.4937500       345.19400       1.8699267     0.017991283
2952.0000       292.66857       98564.018       13388.479       1.3302500       2.8555000      0.44725000       344.68200       1.8907390     0.021533565
2957.0000       292.75225       98545.302       13394.556      0.93400000       2.5070000     -0.14000000       344.30600       1.8751941     0.019383528
2962.0000       292.75891       98547.227       13371.728       1.4965000       1.4660000      0.62700000       344.39600       1.9142059     0.016103087
2967.0000       292.74418       98573.099       13360.755       1.9402500       3.8975000     -0.62200000       343.72900       1.8805457     0.014629827
2973.0000       292.75606       98579.549       13369.926       2.5682500       2.0010000     -0.31525000       343.94300       1.9021490     0.015569602
2978.0000       292.76548       98589.645       13369.521       2.0935000       2.3675000     -0.31075000       344.27800       1.9056495     0.018680046
2983.0000       292.73951       98587.407       13379.310       3.3035000       2.0665000      0.47200000       343.52600       1.8818057     0.014964022
2988.0000       292.74075       98556.500       13437.262       2.2020000       2.1592500     -0.22600000       343.54400       1.9012858     0.022457197
2993.0000       292.68136       98556.539       13446.967       3.0945000       2.8157500     -0.44900000       342.82900       1.9065396     0.017671690
2998.0000       292.53023       98573.811       13425.538       2.7500000       1.9500000       1.0757500       344.46600       1.8823796     0.014624964
3003.0000       292.44618       98577.841       13408.596       1.2052500       1.0092500      0.92600010       344.66300       1.8715951     0.014007104
3008.0000       292.33650       98594.836       13351.279       2.6952500       4.0375000     -0.74350010       343.41500       1.9008875     0.019706442
3013.0000       292.32079       98592.931       13366.041       2.8210000       2.5432500      0.23525000       343.59100       1.8852932     0.019992238
3018.0000       292.39556       98562.236       13434.559       3.4150000       4.6875000      0.43950000       343.79200       1.8791340     0.018868057
3023.0000       292.40523       98561.639       13446.876       1.3825000       4.9910000     -0.37975000       343.14700       1.8552979     0.015238291
3028.0000       292.44549       98573.256       13479.457       1.3655000       3.2965000     -0.44800000       343.96800       1.8761177     0.017305971
3033.0000       292.46884       98575.903       13493.564      0.46300000       2.7142500     -0.82950000       343.45900       1.9210929     0.018873346
3038.0000       292.43264       98595.740       13444.723       1.7115000       3.5237500      -1.3262500       343.10700       1.8929925     0.020464819
3043.0000       292.45565       98592.121       13449.197       1.0255000       3.3075000    -0.039750000       344.09900       1.9326013     0.019477298
3048.0000       292.52034       98558.628       13482.913      0.35375000       2.8387500      0.40350000       344.10800       1.9084623     0.017971846
3053.0000       292.58669       98554.260       13531.154      0.88725010       2.8637500     -0.58425000       343.85100       1.8695612     0.014773715
3058.0000       292.68441       98555.384       13604.039      0.62450000       1.5517500      0.57375000       344.48700       1.8776764     0.020722517
3064.0000       292.74702       98563.276       13665.278       2.1405000       2.1512500     -0.53025000       343.71700       1.8868938     0.020103888
3069.0000       292.81470       98595.030       13743.276       2.2697500       1.1380000      0.29500000       344.21900       1.9415398     0.017317751
3074.0000       292.81881       98594.250       13776.759       1.4385000       2.2042500    -0.049000000       344.33700       1.9212623     0.018626891
3079.0000       292.76461       98575.516       13778.564      0.28100000       2.1147500      0.27375000       343.59200       1.8629928     0.018808512
3084.0000       292.72563       98573.345       13774.061      0.56075000       2.1225000     -0.41675000       343.82000       1.8828254     0.019386715
3089.0000       292.66915       98562.865       13768.009    -0.023250000       3.6660000      0.11425000       344.08600       1.9129084     0.019316452
3094.0000       292.60012       98563.185       13714.799      0.38750000       1.9147500     -0.34575000       344.32900       1.8963776     0.015726183
3099.0000       292.52178       98584.101       13622.716      0.58550000       2.6395000     -0.81900010       343.41100       1.9043626     0.017667469
3104.0000       292.43322       98582.009       13540.416       1.3845000       3.1772500     -0.53750000       343.72900       1.8983044     0.021552508
3109.0000       292.29293       98564.702       13409.420      0.86050000       2.7217500     -0.54200010       344.09200       1.8761308     0.018394386
3114.0000       292.24940       98562.456       13354.906       1.3920000       4.3180000     -0.27400000       343.20000       1.9064024     0.019083528
