0.00000000      283.84876       101446.54       7199.8823      -4.6487500       3.5105000      0.36100000       338.86900       2.5591851     0.032023162
3.0000240       283.86904       101447.05       7219.4701      -1.0442500       1.5182500     0.019500000       338.48000       5.6204883     0.023304417
6.0000077       283.88489       101450.28       7237.4074      -1.2485000       1.0180000      0.45900000       338.80800       3.8526906     0.029960445
10.000026       283.90210       101466.49       7267.8504      -2.0547500       2.4642500     -0.48625000       337.83300       5.7863886     0.037001253
13.000010       283.91025       101467.09       7279.1751      -1.8132500      0.78550000    -0.017750000       338.97600       2.5105140     0.028215514
16.000034       283.88530       101466.79       7260.7062      -2.6435000       1.7370000     -0.73450010       339.18800       5.2031323     0.045258162
20.000012       283.89132       101467.44       7271.3380      -1.6737500       2.0375000     0.079750000       338.46900       5.5437448     0.036969526
22.999996       283.90114       101466.37       7283.3681      -1.6157500       1.3532500     0.092750010       338.54200       3.3564753     0.024206210
26.000020       283.88584       101450.11       7291.1983      -1.5160000       2.2087500      0.38075000       339.42000       4.1137760     0.018677927
29.999998       283.92008       101446.58       7315.6415     -0.75325010      0.92750010     -0.18150000       338.97100       6.5640995     0.035038755
33.000022       283.96125       101447.01       7340.7457     -0.69900010       1.4302500      0.26900000       339.74700       6.8914183     0.046554884
36.000006       284.05984       101463.93       7384.7429      -1.2187500       2.1230000      0.64400010       339.55300       3.9766975     0.041760401
40.000024       284.13123       101466.98       7432.6624      -1.7197500       1.9372500      0.41200000       338.45400       4.3381831     0.037776996
43.000008       284.18477       101467.72       7470.9349      -1.3232500       2.9317500     -0.31650000       338.77100       5.9743671     0.042757507
46.000032       284.23832       101467.13       7511.2314      -2.4592500       1.3132500      0.73825000       338.56700       5.2748729     0.016276876
49.000016       284.37443       101467.85       7586.4248     -0.90750000       2.4625000    -0.086250010       338.70700       3.7475358     0.028194705
53.000034       284.39014       101466.62       7614.3729     -0.88350000      0.94825010      0.36875000       339.29600       6.2347562     0.043451219
56.000018       284.37018       101464.06       7622.9845     -0.87275000       3.4027500     0.093750010       337.73700       4.5253283     0.033024462
59.000002       284.28398       101447.26       7635.7260     -0.43325000       4.5057500     -0.53500000       337.85300       4.0157423     0.036242508
63.000020       284.23588       101447.20       7618.1472    -0.035250000       2.1247500       1.6870000       338.52800       4.5419272     0.022551996
66.000004       284.12947       101466.76       7545.5794      -2.4852500       1.4885000      0.31900000       338.60800       2.0680148     0.031851341
69.000028       284.07027       101468.61       7508.0320      -2.1560000       1.0257500     -0.29775000       338.86900       5.2677643     0.025747570
73.000006       284.00580       101467.50       7457.6418      -1.6312500       1.8215000      0.57275000       338.66800       3.8840041     0.014752089
76.000030       284.02949       101456.27       7425.3012      -1.1620000       1.0652500      0.51200000       338.67900       5.4603923     0.041420654
79.000014       283.99215       101455.67       7382.4427      -2.2520000       3.1200000     -0.34925000       338.16400       5.8703078     0.025522064
83.000033       283.92857       101454.86       7322.3419      -1.8377500       3.7827500     -0.52025000       337.78700       4.5693090     0.024702758
86.000016       283.87054       101454.26       7275.1185      -1.7057500       1.9872500     -0.78475000       338.11900       2.9173022     0.031682876
89.000000       283.75373       101440.66       7221.5382     -0.69675000       1.7537500      0.45375000       338.51900       3.5262418     0.015480268
93.000019       283.71804       101441.99       7168.1866     -0.96400000       2.1650000     -0.25875000       338.68700       3.9200330     0.030520736
96.000002       283.70683       101446.73       7129.9579      -2.4587500       1.9140000     0.054000000       338.11900       2.9725268     0.026013302
99.000026       283.65445       101471.93       7052.9999      -2.7420000       1.7132500     -0.17575000       338.30400       3.9703222     0.027663821
103.00000       283.68683       101475.21       7035.4680      -2.0890000       1.3650000      0.28775000       338.03900       2.3421961     0.017251842
106.00003       283.87745       101463.95       7089.0500      -2.7887500       1.8652500     -0.49725000       338.03200       3.3223155     0.033332029
109.00001       283.93924       101464.35       7093.7485     -0.53025000       2.3570000      0.37825000       338.83300       2.7155311     0.020238986
113.00003       283.99983       101465.61       7100.5384      -1.4367500       1.9310000      0.56100000       338.92700       4.6831178     0.032106294
116.00001       284.02606       101466.71       7125.0278     -0.84600000       1.7202500     -0.11525000       339.39300       3.8576035     0.030115225
119.00000       284.05626       101465.31       7139.0063     -0.96975000       2.3257500      0.89925000       338.67600       3.1693613     0.025942542
123.00002       284.07586       101464.13       7149.5250      -1.1952500       1.3267500      0.71525000       338.67800       2.1414431     0.023554597
126.00000       284.00008       101471.25       7103.2545      -1.7582500       1.9727500      0.30250000       337.95200       3.3849115     0.030691846
129.00002       283.98958       101472.72       7102.7705      -1.5930000       2.8195000      0.26050000       339.16900       4.6471238     0.030661335
133.00000       283.98931       101471.92       7116.0100      -2.1355000       2.0817500      0.60500000       339.26000       8.0074017     0.026374313
136.00003       283.99941       101469.24       7136.3775      -1.2320000       3.5130000     -0.73450010       337.96300       3.8018479     0.020168544
139.00001       284.06470       101452.85       7192.0105      -2.1870000       1.7965000     -0.30625000       337.72200       3.5125130     0.025329672
143.00003       284.05661       101452.48       7216.9855     -0.70050000       2.1420000    0.0075000000       338.02300       2.1275300     0.030705458
146.00001       284.03999       101454.83       7234.0072      -1.4287500       1.3502500      0.25025000       338.12600       3.7536056     0.033564133
149.00000       284.03668       101468.65       7283.4141      -1.3942500       1.1390000      0.32350000       338.92200       2.8041303     0.015035591
153.00002       283.99255       101466.31       7283.0080     -0.88650010       1.0917500      0.45675000       338.17800       2.8333079     0.029273708
156.00000       283.86936       101456.16       7230.7571      -1.2097500       2.5767500     -0.40250000       337.80400       3.8917330     0.017255411
159.00002       283.81607       101455.50       7212.3774      -2.0660000       3.5230000      0.41200000       338.28600       3.6770456     0.029080372
163.00000       283.75958       101454.67       7186.8450      -1.1250000       3.3350000     -0.12275000       338.28900       3.6633987     0.038038230
166.00002       283.71473       101443.70       7147.5147     -0.55500000       3.1702500     -0.15925000       338.20700       3.7731765     0.032816290
169.00001       283.69032       101440.97       7125.1837      0.28250000       3.9932500    -0.046750000       338.01200       3.0662427     0.032308838
173.00003       283.67841       101442.14       7103.2497    0.0075000000       3.0085000     -0.80150000       338.11700       2.4835866     0.020369393
176.00001       283.68496       101446.63       7092.6290   0.00075000000       2.1485000      0.52175000       337.87000       3.3204056     0.039882886
179.00003       283.72952       101474.18       7105.1671     -0.42925000       2.5925000    -0.071750000       337.70200       2.9147076     0.039209442
183.00001       283.75780       101474.87       7092.8603     -0.93475000       2.8235000      0.37900000       338.28600       3.1607209     0.032432796
186.00000       283.78449       101471.16       7082.2869     -0.93825010       2.7110000      0.26300000       338.26000       2.9139089     0.031860980
189.00002       283.84114       101453.59       7073.2191     -0.99075010       2.0092500      0.70700000       339.81400       4.3571302     0.045141288
192.00000       283.86298       101453.72       7060.5781      -1.1985000       3.6235000    -0.016500000       338.17500       2.8391609     0.035111684
196.00002       283.88490       101457.50       7029.0175      -1.1462500       1.7902500      -1.1505000       338.36900       3.6772656     0.051746520
199.00001       283.89926       101455.29       7014.2996     -0.38100000       3.2805000    -0.037500000       338.06500       4.2246133     0.037199472
202.00003       283.90906       101453.95       7001.5431     -0.95700000       3.3792500     -0.32200000       338.42600       2.8122382     0.040762753
206.00001       283.88519       101462.47       6975.6313      -2.9147500       2.1320000      -1.0602500       338.36300       3.7384497     0.033876637
209.00003       283.88906       101466.31       6969.3889      -1.5155000       1.6545000     -0.41975000       338.04600       2.6842101     0.028854451
212.00002       283.89737       101468.39       6968.7692      -1.1942500      0.96575000      0.31200000       338.80500       3.8288677     0.043697777
216.00004       283.91510       101457.75       6981.1659      -2.9257500       1.8455000     -0.31200000       338.57000       3.2808214     0.028376039
219.00002       283.93072       101454.69       6991.3766      -2.8757500       1.6477500     -0.37850000       337.63600       6.1982478     0.047929589
222.00000       283.95076       101452.95       7005.8787      -2.5627500       1.4320000     -0.35350000       337.58800       4.6135874     0.043193539
226.00002       283.98437       101452.69       7031.9276      -2.7285000       2.0680000     0.081500000       338.33100       3.9220184     0.042722541
229.00001       284.02832       101463.59       7068.8438      -2.5122500       2.0100000     -0.26575000       338.10800       6.6567631     0.044386545
232.00003       284.05832       101462.04       7092.5812      -3.0852500       2.8245000     -0.34050000       337.56100       6.3109081     0.035495019
236.00001       284.09857       101457.15       7124.7373      -1.7787500       2.1825000     -0.65450000       337.57000       3.7074656     0.041083339
239.00003       284.12968       101442.32       7151.1435     -0.71850000       1.8115000      0.19075000       338.56200       2.9241233     0.041574086
242.00002       284.15991       101442.88       7175.9106     -0.77000000       1.1535000      0.19725000       338.62300       2.1764146     0.034673722
246.00003       284.21575       101457.61       7231.3464      -1.2492500       1.3427500      0.23725000       339.34100       5.1103186     0.046786760
249.00002       284.24249       101457.59       7250.0935      -1.2007500      0.64050000    -0.047000000       337.56900       3.0529688     0.028919949
252.00000       284.26453       101456.61       7261.8175      -1.4030000       1.5615000     -0.50350000       338.19100       8.4682618     0.050035412
256.00002       284.25531       101453.17       7264.5738     -0.98200010       2.1075000    -0.058250000       339.03100       6.8237110     0.048501734
259.00000       284.27696       101455.34       7265.1123     -0.47150000      0.78275000      0.50450000       339.61400       13.997878     0.041672892
262.00003       284.30304       101456.64       7259.0403     -0.11600000       1.2637500     -0.44775000       340.19900       4.9758627     0.040494913
266.00001       284.34469       101456.99       7240.5697      -1.4047500       1.8295000      0.60300000       339.67600       4.0388642     0.033025785
269.00003       284.34753       101444.15       7175.7800     -0.83250000       2.7002500      0.20250000       339.61300       4.0225739     0.038812517
272.00001       284.39675       101442.11       7169.2129      -1.6012500       1.1952500     -0.68000000       337.74900       2.6638088     0.025830165
276.00003       284.48409       101442.26       7172.9589      -1.4917500       2.4322500      0.36900000       338.20700       3.7632253     0.031879102
279.00002       284.58053       101454.71       7155.5100      -1.4632500       2.0067500      0.50925000       338.93300       8.3560969     0.030038608
282.00000       284.66976       101457.30       7189.6455      -1.0485000       2.7600000     0.099500010       338.61600       4.1931529     0.033103500
286.00002       284.93753       101454.84       7338.6006      -1.0117500       3.1617500     -0.50350000       338.18400       2.3927417     0.032800577
289.00000       285.01490       101454.62       7397.2802      -1.1117500       3.0985000     -0.16500000       338.19800       2.2220645     0.031291386
292.00003       285.06000       101454.86       7452.1839     -0.23650000       3.1670000     -0.72150000       338.26700       3.4186337     0.032543020
296.00000       285.06570       101463.49       7589.8248     -0.22850000       2.4317500     -0.62775000       337.80500       5.8174039     0.034315430
299.00003       285.06289       101463.77       7633.8457     -0.27200000       2.6312500     -0.13900000       338.55400       3.1130370     0.027317351
302.00001       285.02910       101462.28       7652.3232      0.30675000       1.6232500      0.62050000       339.95700       5.9204378     0.041861735
306.00003       284.79992       101443.76       7579.5957      -1.7935000       3.5675000     -0.39725000       338.31700       3.7905484     0.038800339
309.00001       284.70019       101442.05       7549.7276     -0.46800000       2.4907500      0.49050000       340.24200       4.3436888     0.029823819
312.00000       284.60930       101442.56       7511.5664      -1.4802500       2.8490000      0.30700000       338.48600       2.9903532     0.031795630
316.00002       284.50190       101446.70       7448.0807     -0.79600010       4.4655000     -0.42100000       338.93400       6.0587038     0.042906367
319.00000       284.40892       101456.80       7342.8102     -0.18925000       4.2685000     -0.30500000       339.16900       3.9118969     0.029125687
322.00002       284.36412       101455.72       7298.7105     -0.52425000       2.6787500     -0.34525000       338.73000       3.3531328     0.032238325
325.00001       284.33725       101453.78       7262.2369     -0.68425010       2.4020000      0.26750000       339.70500       5.5702401     0.029920645
329.00003       284.35562       101456.58       7236.6357      -1.0627500       2.3572500     -0.26850000       339.70300       3.3127876     0.028830009
332.00001       284.33972       101457.16       7204.5438      -2.2995000      0.87275000      0.20275000       341.15800       3.6944168     0.025754927
335.00003       284.32835       101456.40       7174.1795     -0.78450010       2.3042500      0.12825000       341.13800       2.7543130     0.030096971
339.00001       284.36786       101441.41       7150.7421      -2.6910000       1.5795000       1.9527500       341.43300       2.5063408     0.036721917
342.00000       284.35754       101437.27       7123.9875      -2.5670000       3.4942500     -0.19025000       338.69700       3.6360381     0.030646542
345.00002       284.33823       101434.50       7095.4496      -1.5065000       3.6407500      0.27725000       339.24900       2.3157218     0.013055004
349.00000       284.23646       101439.52       7024.8537      -2.5797500       2.5895000     -0.26950000       338.20400       4.4876640     0.021720368
352.00002       284.23132       101440.72       7007.8280      -2.2072500       4.4265000      0.59125000       338.50200       2.9872651     0.017684849
355.00001       284.23946       101441.92       6999.3717      -1.9252500       7.0007510     0.056500000       337.94000       7.2801606     0.027552442
359.00002       284.27190       101441.19       7015.0294      -2.6095000       8.4365010     -0.67350010       337.60100       3.5223727     0.035041492
362.00001       284.29484       101440.04       7011.0913      -2.9172500       6.3350010      0.14475000       338.39000       3.7513203     0.017014652
365.00003       284.32716       101438.92       7009.0294      -3.3225000       3.1517500     -0.44850000       337.77500       3.6040713     0.020618108
369.00001       284.46189       101438.50       7031.4367     -0.42825000       3.5220000      0.52375000       339.12500       4.7113403     0.015542209
372.00003       284.47680       101440.59       7029.9722      -2.0747500       3.4112500       1.0385000       338.46600       2.3061442     0.017622487
375.00002       284.47369       101443.13       7024.2509      -1.1685000       1.7872500    -0.059250000       339.01400       2.8479784     0.014174943
379.00000       284.40298       101444.40       6979.3132      -2.1385000       1.4437500     0.066250000       339.55100       3.1695393     0.025015073
382.00002       284.39688       101445.25       6979.6532      -2.5257500       2.1145000     -0.32425000       338.40300       4.3939104     0.017043446
385.00000       284.39097       101446.53       6986.6498     -0.89400010       2.5287500     0.043250000       339.31700       3.6100125     0.016932375
389.00002       284.33239       101455.89       7003.8589      -2.3495000       1.6897500      0.52550000       340.30600       2.1623532     0.016873824
392.00001       284.33339       101457.57       7022.3930      -2.6480000       2.7595000     -0.64425000       338.64000       2.7133025     0.014207586
395.00003       284.34769       101457.92       7047.2813      -1.0755000       2.8167500      0.23250000       338.76400       2.5647429     0.021759146
399.00001       284.46395       101449.58       7117.3882      -2.6445000       2.7030000     -0.61100000       338.95300       2.1745162     0.015282911
402.00003       284.46937       101449.50       7144.0629      -3.8535000       2.8682500     -0.76675000       338.01500       3.0894151     0.015877263
405.00002       284.46151       101450.30       7167.9010      -1.6427500       1.1347500      0.37300000       339.93100       2.1308605     0.018338897
409.00003       284.42909       101455.72       7207.6091      -1.8417500       3.5867500     -0.81400000       339.18100       2.5944538     0.013726523
412.00002       284.40643       101456.11       7220.3394     -0.86575000       3.8787500     -0.31550000       338.71700       2.5175263     0.015280858
415.00000       284.37443       101456.07       7226.2788     -0.86775000       2.5967500     -0.16250000       339.31600       2.3762742     0.036669039
419.00002       284.24948       101454.89       7208.4280     -0.72375010       2.8547500     -0.57650000       340.09500       2.1724084     0.021314293
422.00000       284.22600       101455.51       7209.4810      -1.1117500       1.8940000      0.40325000       340.03800       3.3034356     0.015692413
425.00003       284.21607       101456.13       7209.9185      -2.8582500       1.4775000      0.44625000       338.35900       3.3787568     0.023975003
429.00001       284.22060       101457.91       7204.0960      -2.7177500       2.2217500     -0.31325000       337.70400       3.0913531     0.016315237
432.00003       284.23903       101455.68       7200.5201      -1.6362500       2.8275000      0.20500000       339.96700       3.7625121     0.013843337
435.00001       284.27098       101452.54       7196.9420     -0.78225000       4.0745000      0.15875000       338.80900       4.5823554     0.013222810
439.00003       284.34994       101444.18       7186.2992      -1.7170000       1.6142500      0.94600000       339.71200       2.1128977     0.018279784
442.00002       284.40803       101444.02       7192.4999      -2.0955000       3.5817500     0.099500010       339.47000       2.7389153     0.017054515
445.00000       284.47498       101444.73       7202.2353      -1.6475000       1.8737500     -0.20025000       339.89800       2.0712604     0.014155671
449.00002       284.58822       101446.61       7204.0996      -1.2432500       1.9855000      0.33125000       339.43400       3.5119674     0.023194210
452.00000       284.66895       101444.88       7223.9719      -2.4350000       1.6870000     -0.17525000       339.32100       5.2342946     0.014793548
455.00003       284.75472       101443.18       7251.7673      -1.4635000       3.1355000      0.55425000       339.56000       2.0455196     0.019867088
458.00001       284.87314       101443.67       7295.0815      -1.7110000       1.6327500     -0.34900000       338.87900       2.1528138     0.035117695
462.00003       284.98393       101446.18       7354.8743     -0.99925010       1.0955000      0.25350000       340.07500       2.1874299     0.024510959
465.00001       285.06179       101448.07       7406.9756      -2.8360000       1.7432500       1.8950000       339.86300       2.6782601     0.022758731
468.00000       285.16322       101447.11       7471.8717      -1.9907500       3.0585000      0.18000000       338.71500       3.0292548     0.015889208
472.00001       285.23775       101444.69       7550.9038      -1.7872500       2.2320000      0.12100000       338.74700       2.1210406     0.023951847
475.00000       285.27737       101442.86       7614.1259      -4.1190000       1.5885000     -0.25975000       338.44100       2.5018788     0.022561503
478.00002       285.25182       101443.70       7712.8273      -2.7742500       3.0182500     -0.29350000       337.85500       3.4373686     0.024510742
482.00000       285.30936       101446.15       7788.4023      -1.9747500       2.6252500    -0.069000010       337.99400       2.9558909     0.020529166
485.00002       285.35765       101448.00       7837.0260      -1.6327500       1.5742500      -1.0267500       338.47400       2.4003693     0.014988782
488.00001       285.45265       101447.08       7904.4221      -2.8585000       1.9092500     -0.55250000       338.23400       2.8657558     0.013918944
492.00003       285.47057       101444.70       7935.4734      -2.6982500       2.3987500     -0.73450010       338.45900       3.8990124     0.024368045
495.00001       285.46850       101442.91       7940.9900      -1.5182500       2.1482500     -0.21125000       339.11300       2.8580044     0.028116374
498.00003       285.52785       101441.14       7940.3730     -0.56550000       3.3875000     -0.10025000       339.38400       3.9545754     0.034626412
502.00001       285.48146       101445.62       7901.5667     -0.29400000       2.5745000     -0.27325000       339.43100       4.4058174     0.027493975
505.00000       285.40908       101450.02       7852.1218     -0.55600010       3.0172500    0.0052500000       337.71700       3.4065765     0.018208586
508.00002       285.15239       101457.28       7736.3507     -0.68250000       2.0195000    0.0030000000       340.04300       3.7371464     0.022658935
512.00000       285.05585       101456.04       7659.2272      -1.4760000       2.9175000      0.23425000       339.02900       2.6600600     0.024080289
515.00002       285.00450       101454.08       7601.5721      -1.3452500       3.4322500     -0.73400000       338.64000       5.5210289     0.016260759
518.00001       284.97101       101454.56       7519.3228      -1.0757500       2.0012500      0.60350000       340.63700       2.4312059     0.027253889
522.00003       284.92046       101456.51       7442.2740      -1.0935000       2.7427500      0.34550000       340.14900       3.3054547     0.013454624
525.00001       284.89850       101456.95       7391.5212      -1.4637500       2.2535000      0.73825000       340.10900       3.1421705     0.028334469
528.00003       284.96980       101448.01       7355.0110     -0.31975000       2.3900000      0.27775000       339.66300       2.2999460     0.025997809
532.00001       284.95775       101442.85       7308.3039      -1.3550000       2.6062500      0.32075000       339.34500       4.7897360     0.027453272
535.00004       284.93837       101440.01       7278.2456      -1.5047500       3.8000000     0.033750000       339.45800       2.4635915     0.021564134
538.00002       284.82746       101443.62       7239.8795     -0.80200000       3.0562500      0.45375000       340.05800       3.3519326     0.026188026
542.00000       284.82802       101446.01       7213.0058     0.079250000       4.7960000     -0.46975000       338.38500       2.2102453     0.022303202
545.00002       284.84959       101447.77       7201.4803     -0.10500000       2.2575000     -0.44475000       339.92100       2.6429421     0.016071838
548.00000       284.91926       101447.07       7208.4666      0.98125000       3.4770000     -0.19625000       337.38900       3.5441382     0.027498663
552.00002       284.95319       101444.60       7210.2877      0.84575000       3.3385000    -0.064000000       337.71300       3.4440376     0.023059103
555.00001       284.98387       101442.75       7216.3301      0.64375000       2.3407500      0.12475000       337.45300       4.1890841     0.027573716
558.00003       285.08548       101443.43       7234.7945      0.38175000       2.8302500     -0.17575000       338.55800       2.9188035     0.022324094
562.00001       285.12771       101445.86       7246.9621      0.67575000       2.3892500      0.10100000       337.86900       2.7570341     0.027977522
565.00003       285.14334       101447.71       7257.2491      0.14900000       1.6497500     -0.38325000       339.33700       2.5383416     0.015677565
568.00002       285.07443       101444.42       7270.4811      0.45650000       2.2575000      0.44450000       338.81800       2.4896618     0.028286676
572.00000       285.09444       101444.02       7290.9372     -0.77525000       3.0487500     -0.47950000       337.59000       3.1505938     0.028858326
575.00002       285.11975       101444.75       7307.6167      0.46700000       2.6005000     -0.18425000       338.58200       3.5447892     0.013764287
578.00000       285.17611       101454.96       7315.7937      0.12025000       2.1290000      0.14375000       338.37800       2.8671071     0.012910496
582.00002       285.20787       101457.54       7343.8511     -0.10900000       2.3635000     -0.32525000       338.03800       3.7589796     0.028818737
585.00001       285.23169       101457.93       7369.4341      0.33675000       2.1130000     0.076000010       339.08900       8.7032752     0.029820290
588.00003       285.28987       101450.80       7415.9385     -0.94900010       2.2777500     -0.36275000       339.00400       4.8428953     0.031711500
591.00001       285.31228       101449.68       7441.9698     -0.36575000       3.2450000    -0.054000000       338.88200       3.2762639     0.020249669
595.00003       285.32809       101448.90       7473.9773     -0.92800000       1.0962500      0.16175000       340.20900       4.4630090     0.033099076
598.00002       285.30026       101450.42       7519.9741     -0.76175000       3.2245000     -0.37825000       338.15200       4.0734043     0.029741154
601.00000       285.30033       101450.46       7531.2698      -1.2107500       1.5205000     -0.12100000       339.24200       3.2502508     0.032996130
605.00002       285.30043       101450.51       7531.4188     -0.12625000       2.8340000     -0.30725000       338.03100       3.3380857     0.032261731
608.00000       285.31253       101448.99       7496.5955     -0.61875000       2.3277500     -0.14675000       338.78900       4.6850100     0.017316784
611.00003       285.30584       101449.68       7490.7504     -0.70225000       2.5067500     -0.14625000       339.10100       5.0475709     0.025294854
615.00000       285.28991       101451.31       7481.5716     -0.97400000       3.0457500      0.11925000       338.38400       8.2322372     0.034201417
618.00003       285.33956       101457.97       7482.3240     -0.95925000       3.1552500     -0.29650000       337.85500       3.5868019     0.028224208
621.00001       285.28732       101457.15       7458.6347     -0.18650000       3.5617500     -0.23425000       337.94400       10.057319     0.018416514
625.00003       285.17632       101453.99       7418.5483    -0.098250000       4.1480000     -0.66000000       338.41000       2.1714726     0.016750469
628.00001       285.00869       101444.68       7407.2026     -0.74950000       3.0077500     -0.62200000       338.43100       7.5269856     0.028692975
631.00000       284.91193       101444.27       7367.1778     -0.83275000       2.4750000     -0.11175000       338.68200       2.4520924     0.022883063
635.00002       284.77465       101445.09       7296.4986      -1.7467500      0.72125010      0.66150000       341.36000       2.1009013     0.026447735
638.00000       284.54262       101448.31       7177.1773      -1.3375000       1.4072500     0.053500000       341.43100       2.7076044     0.024863934
641.00002       284.45740       101445.77       7120.5227      -3.7190000       1.9052500     -0.45650000       337.44300       3.8883902     0.029010880
645.00000       284.39282       101441.67       7054.7290      -3.8282500       1.1475000      0.21675000       337.77400       7.6080466     0.036346338
648.00003       284.42243       101438.39       6974.3411     -0.76250000      0.95350000     -0.55025010       337.62100       4.6607923     0.025821476
651.00001       284.42521       101439.68       6951.9478     -0.65750000    -0.069750000      0.36725000       337.80100       5.9652222     0.036519436
655.00003       284.45707       101442.14       6950.4630      -1.5575000      0.28100000    -0.035750000       337.87300       3.6945389     0.025735992
658.00001       284.53301       101442.77       6999.1199      -3.4370000       1.0845000     -0.37350000       338.00200       3.7172241     0.026735879
661.00000       284.58815       101440.42       7017.7003      -3.2172500       1.5802500     -0.51975000       339.49800       2.5445265     0.032134815
665.00001       284.67540       101437.29       7054.5892      -2.0565000     -0.47100000      0.13600000       339.66600       2.6229173     0.025791475
668.00000       284.79082       101438.09       7130.0985      -2.1180000      0.67400000      0.31000000       339.59100       2.3349282     0.034244045
671.00002       284.85568       101440.53       7170.5093      -1.3257500    0.0047500000      0.25375000       339.14600       2.2420240     0.024966831
675.00000       284.93529       101443.79       7220.4574      -2.4405000     -0.85950010     -0.43375000       337.58300       4.7555592     0.025521032
678.00002       284.98187       101441.03       7221.1665      -2.7877500     -0.31725000      0.18425000       338.45600       4.5197224     0.028666118
681.00001       285.04796       101439.27       7264.4433      -1.8700000      0.14275000     -0.18125000       338.10000       4.0863705     0.029811211
685.00003       285.13647       101437.68       7334.7147      -1.9500000    -0.096250010      0.81875000       339.23700       4.8034833     0.038202500
688.00001       285.18251       101444.17       7401.4670      -2.1395000      0.34850000     -0.25650000       338.13200       8.0656976     0.037843551
691.00003       285.24354       101446.46       7465.1207      -1.6970000      0.82175000      0.10850000       337.97700       6.0962239     0.035327682
695.00001       285.33188       101448.10       7559.1716      -2.2755000      0.30950000     -0.21975000       338.33800       5.4402489     0.034465110
698.00000       285.50133       101439.64       7698.8130      -2.5107500       1.5137500     -0.19125000       337.80700       3.3353444     0.029522000
701.00002       285.53993       101438.67       7757.6537      -1.4120000       2.0085000      0.34700000       339.30700       4.3998100     0.023115058
705.00000       285.54856       101439.48       7812.7450      -2.0250000       1.6742500     -0.50175010       337.88300       10.701834     0.050476926
708.00002       285.43716       101452.03       7840.4112     -0.53875010       1.5732500     0.014750000       338.62700       3.2486021     0.026788751
711.00001       285.44382       101452.93       7857.9082      -2.6460000       1.2565000     -0.20725000       338.68200       3.4634596     0.029371324
715.00002       285.45956       101451.37       7858.3974      -1.1130000       2.3965000      -1.0492500       338.30200       9.1389773     0.028010203
718.00001       285.38606       101438.79       7770.6860      -1.0127500       2.8220000      0.10650000       338.97000       4.7140973     0.040937762
721.00003       285.40912       101438.42       7763.3939      -1.2892500       1.0030000     -0.20175000       339.56000       3.7899217     0.030538999
724.00002       285.45981       101439.40       7763.4074      -3.0272500       1.9392500     -0.11250000       339.08300       4.1448390     0.036433502
728.00003       285.69806       101447.92       7797.6286      -1.7732500       4.1617500      -1.1342500       338.37100       2.4258832     0.031356065
731.00002       285.76806       101446.56       7793.1777     -0.67100000       1.9897500      0.23350000       339.37100       2.8193674     0.013183887
734.00000       285.82456       101444.30       7786.2487     -0.76650010       4.1562500     -0.68750010       337.68000       2.2684584     0.032413949
738.00002       285.95023       101438.41       7794.2511      0.21650000       3.5240000    -0.047250000       339.74400       2.4650074     0.022917565
741.00000       285.95081       101439.68       7788.1224      -1.2387500       3.7635000      0.38125000       339.12100       5.5193362     0.019739186
744.00003       285.91504       101441.42       7775.4922      -1.0427500       3.3195000     -0.26525000       338.68500       2.9683527     0.030594323
748.00001       285.81196       101442.51       7772.1253      -1.7900000       2.1775000     -0.55125000       338.99300       2.6497873     0.018051250
751.00003       285.69824       101440.09       7718.6502      -1.5010000       1.4062500     -0.27450000       339.45000       2.4256729     0.017244774
754.00001       285.54909       101437.68       7648.7991      -1.0610000       4.2537500     -0.23800000       339.00400       4.1741798     0.022944379
758.00003       285.13499       101438.02       7505.7446      0.32350000       4.1647500     -0.77400000       339.17900       5.3058532     0.029360889
761.00002       284.97705       101440.42       7433.3747      -1.8915000       3.1032500     -0.13500000       338.10900       2.5907352     0.025397219
764.00000       284.83681       101442.82       7357.5077      -1.1530000       2.8455000     -0.35625000       338.14000       2.2770435     0.025438809
768.00002       284.63027       101438.66       7182.3047     -0.88475010       2.9605000      0.25875000       338.06400       3.9915236     0.035707495
771.00000       284.51499       101438.35       7102.4931      -1.2317500       3.2927500    -0.097750010       338.30300       2.1600058     0.027131578
774.00003       284.42665       101439.44       7037.0781      -1.2875000       1.5902500     -0.20800000       337.96800       3.2730752     0.031895695
778.00000       284.37874       101456.81       6997.0597      -1.0862500       1.5772500      0.30525000       338.94600       6.4532277     0.039347449
781.00003       284.37055       101458.79       6965.1553      -1.4947500       3.2247500     -0.91100010       337.51200       3.3788378     0.025569809
784.00001       284.38492       101458.06       6940.3250      -1.4410000       1.5947500     -0.69400000       337.60800       3.2583703     0.027316170
788.00003       284.43847       101439.37       6895.8496      -1.0830000       2.4710000     -0.11825000       337.88200       3.5891699     0.022853750
791.00001       284.47735       101437.84       6889.3870      -1.1415000       2.8237500     0.016500000       338.56200       5.9292595     0.038149740
794.00000       284.53396       101438.14       6895.9559      -1.4882500       2.0295000     -0.33800000       337.53600       2.2641903     0.027796185
798.00002       284.82119       101447.86       6964.3959      -1.4485000       1.6070000     -0.75000010       338.04200       7.7768410     0.032632530
801.00000       284.85591       101446.51       6984.6676     -0.75350000       1.9857500    -0.031500000       338.44700       4.5563571     0.033164096
804.00002       284.85077       101444.28       7005.3657      -1.8115000       1.5307500     -0.71075000       338.46000       2.3287582     0.027470797
808.00000       284.74455       101438.75       7078.7823      -1.2672500      0.89925000     -0.14475000       339.30900       3.4639229     0.021552523
811.00003       284.68631       101440.08       7084.9607     -0.58875000       1.2712500    -0.027500000       338.45800       5.3993764     0.025198214
814.00001       284.60469       101441.82       7077.1230     -0.90325000       1.9080000     0.079250000       339.96000       4.0540563     0.031748603
818.00003       284.28734       101438.98       7013.9808      -1.2827500       1.6412500      0.16525000       338.56500       2.1060667     0.035386737
821.00001       284.20859       101438.61       6994.1583     -0.73475000       1.7992500      0.46025000       338.85200       2.2383931     0.028333942
824.00000       284.16144       101439.60       6972.4246      -2.3015000       1.6397500     0.059250000       339.81600       2.7233740     0.026183614
828.00002       284.15381       101453.42       6882.9719      -2.5440000       2.2605000      0.20250000       339.40200       2.0915195     0.033107021
831.00000       284.16416       101457.47       6872.8024      -2.8447500       1.7910000     -0.33225000       338.22700       3.3948227     0.020662408
834.00002       284.20157       101460.15       6878.2737      -2.7737500       2.3060000     -0.91600010       337.88400       2.0376223     0.032807291
838.00000       284.40556       101454.58       6942.4814      -1.0367500       1.5190000     0.031250000       338.08000       2.3275019     0.026103398
841.00002       284.46353       101454.67       6965.3624      -1.2030000      0.98375000     -0.65450000       338.01700       5.5390002     0.034756853
844.00001       284.51265       101455.19       6992.4806      -2.0277500       1.1712500     -0.15225000       338.20400       2.5727392     0.029896227
848.00003       284.61054       101465.07       7085.4931      -1.1205000      0.39900000      0.14825000       339.40900       4.0626235     0.038791932
851.00001       284.63070       101463.55       7109.5494      -1.4767500       1.5007500     -0.10725000       338.72100       3.1130925     0.029654865
854.00003       284.62870       101459.80       7122.6789      -1.2330000      0.86475000      0.10125000       339.08100       9.8935063     0.047389924
857.00002       284.53356       101441.26       7100.5308      -1.5812500      0.90950010     -0.17875000       339.40300       3.5756060     0.038618509
861.00000       284.50143       101438.09       7100.5521      -1.4440000       1.0470000     -0.20375000       339.60400       3.5708355     0.036447087
864.00002       284.47703       101437.79       7096.7516     -0.84000000       2.3477500     -0.57375000       337.56200       6.1563325     0.039342520
867.00000       284.40667       101442.17       7058.4601     -0.74325000       2.2815000      0.14350000       340.22000       2.0199414     0.042467338
871.00002       284.38242       101439.74       7053.6610     -0.60625000       1.3130000     -0.44225000       338.36100       2.5716182     0.027731282
874.00001       284.38002       101438.45       7057.4618     -0.32400000      0.93725000     -0.45275000       339.03300       3.0537198     0.033765308
877.00003       284.43505       101443.33       7087.5294     -0.25850000       2.0607500     -0.26825000       338.51800       2.3445796     0.037081640
881.00001       284.45141       101446.57       7099.3830      -1.1592500       2.6430000     -0.29850000       337.44000       2.9367765     0.026351141
884.00003       284.46354       101447.95       7108.2554     -0.92950000       2.5245000     -0.27375000       338.50400       4.6726045     0.031000783
887.00002       284.46204       101438.40       7121.3384     -0.15750000       2.2650000     0.080500010       338.87600       2.9771190     0.037795458
891.00004       284.49386       101437.55       7137.5888     -0.51275000       2.6645000    -0.079500000       339.26400       4.2678492     0.032312253
894.00002       284.52289       101438.97       7148.6403      -1.0345000       2.7987500     -0.17400000       338.60300       4.7984916     0.039510088
897.00000       284.56621       101457.52       7143.1408     -0.86675010       2.2285000     -0.76175000       338.36400       3.2966066     0.036788234
901.00002       284.59803       101459.03       7157.2189      -2.0595000       1.6812500     -0.78925000       337.85900       8.0669110     0.043463407
904.00001       284.62214       101456.98       7171.6981     -0.60350000       1.8252500      0.22725000       339.88700       4.7407803     0.030329194
907.00003       284.72177       101440.11       7209.8387     -0.55775000       1.5715000      0.34675000       339.45700       2.0757299     0.024967140
911.00001       284.72957       101438.61       7229.1614     -0.81750010       2.9940000     -0.47950000       339.33000       2.3029666     0.024381131
914.00003       284.70914       101439.07       7240.1984     -0.48350000       1.9662500     -0.28575000       338.45200       5.2253183     0.030666266
917.00002       284.58143       101442.17       7251.9172      -1.0047500       2.4995000     -0.18150000       337.69600       3.3737710     0.023923968
921.00003       284.54076       101439.80       7259.8007     -0.99375000       1.9520000     -0.12775000       337.96200       3.6571390     0.032859475
924.00002       284.51598       101438.52       7261.0629     -0.76850000       2.0467500     -0.23050000       337.80500       4.6056940     0.026646168
927.00000       284.44834       101441.99       7242.2580     -0.82425000       2.0830000     -0.25975000       337.39000       3.3823031     0.035507307
931.00002       284.42494       101445.93       7237.8975     -0.91225000       1.6592500     -0.32800000       338.26600       9.2333924     0.042965485
934.00000       284.42806       101448.36       7235.6767     -0.70250000       1.4812500     0.014000000       338.34000       4.0235350     0.036674870
937.00003       284.55242       101447.59       7251.6795     -0.18275000       1.7680000     -0.34300000       337.73600       3.9880500     0.029935375
941.00001       284.56829       101445.20       7240.2312      0.21225000       1.2652500      0.34275000       337.94900       7.5207713     0.045922634
944.00003       284.56468       101443.41       7226.2338     -0.37050000       1.1170000      0.15800000       338.94100       6.6107447     0.037139034
947.00001       284.50925       101448.80       7196.6544     -0.45800000       1.3070000     -0.67075000       337.72400       3.8250487     0.042139008
951.00003       284.50128       101447.97       7177.8398     -0.96125010       1.0095000    -0.016750000       338.69000       6.3652999     0.043476611
954.00002       284.49509       101445.18       7163.0196      -1.0147500      0.60850000      0.14200000       339.13400       4.1365310     0.029545876
957.00000       284.44052       101425.75       7124.0098      -1.2135000       1.7150000      0.13625000       339.15200       3.7170033     0.036929322
961.00002       284.43240       101421.71       7105.3774     -0.97925010       2.4087500      0.11450000       340.19200       2.1555431     0.027308880
964.00000       284.44213       101421.83       7098.6841      -1.3905000       3.5172500     -0.34075000       338.82700       1.9702644     0.037326302
967.00003       284.49663       101431.64       7104.1846      -1.3097500       3.2860000     -0.25725000       337.98200       1.9779991     0.028489501
971.00000       284.54480       101434.87       7113.7138     -0.50975000       2.6582500     0.087000000       340.29200       2.8998489     0.027523900
974.00003       284.58605       101437.79       7126.1636     -0.57500000       2.5205000      0.41175000       339.23500       3.4928632     0.036698649
977.00001       284.64462       101451.83       7152.8457     -0.57275000       2.1172500     0.015000000       340.10300       3.0324130     0.035893757
981.00003       284.70017       101454.24       7174.9061      -1.1932500       1.9572500      0.78575000       340.04500       4.1612872     0.046990462
984.00001       284.74184       101452.94       7193.1195      -1.8017500       2.1987500      0.72500000       338.31900       4.5039859     0.043993461
987.00000       284.84370       101434.63       7236.8815     -0.30275000       2.2165000     -0.12650000       337.83900       4.6487744     0.043460994
990.00002       284.87037       101433.21       7253.5174     -0.69700000       2.1957500    -0.094250000       338.46600       2.3835179     0.037318490
994.00000       284.87782       101434.14       7266.8482      -1.2337500       1.1310000     -0.65075000       338.68500       6.1857310     0.047205137
997.00002       284.82224       101441.16       7263.3373      -1.6402500       1.4887500      0.56200000       339.33600       2.1357344     0.032625074
1000.0000       284.81113       101440.53       7264.7935     -0.79725000       1.5515000      -1.2320000       339.38100       1.9380746     0.027379367
1004.0000       284.78938       101439.70       7261.4425     -0.47800000       2.9120000     -0.11350000       338.25300       3.7444771     0.030418077
1007.0000       284.76119       101446.09       7256.8473    -0.056250000       3.5437500      0.23275000       338.90300       4.1811656     0.026977864
1010.0000       284.71989       101447.61       7242.9667     -0.92975000       2.5387500     -0.21425000       338.24500       5.6018848     0.047680361
1014.0000       284.65796       101446.84       7217.5589     -0.44350000       2.8017500     0.093500000       338.49600       5.8277816     0.033256624
1017.0000       284.61124       101428.98       7193.3411     0.083250000       3.9155000     -0.41775000       338.18100       2.4573746     0.043918040
1020.0000       284.57020       101426.82       7168.4707     -0.31525000       3.3535000     -0.29275000       338.66800       2.3026831     0.031011420
1024.0000       284.50861       101428.06       7129.0804     -0.65450000       1.6460000      0.23750000       339.84000       6.0756004     0.041081823
1027.0000       284.35243       101446.11       7064.5858    -0.021250000       2.5247500   -0.0030000000       337.54600       4.6561010     0.032276889
1030.0000       284.31802       101447.59       7033.7893    -0.056750000       2.1707500     -0.25875000       337.56900       2.5760652     0.040309675
1034.0000       284.31349       101446.80       7000.5598     -0.16050000       1.9277500     -0.12475000       337.94900       1.9474568     0.035720647
1037.0000       284.40876       101439.69       6977.5955     -0.53950000       1.7732500    -0.016000000       337.85800       1.9950446     0.038657488
1040.0000       284.43178       101440.31       6961.3001       1.0965000      0.43550000      0.14375000       339.33400       5.2419326     0.029254074
1044.0000       284.47004       101441.09       6948.3556      0.52950000       1.3290000      0.18000000       339.46100       2.4580824     0.024781849
1047.0000       284.55523       101434.62       6945.4732     -0.91125010       1.5507500     -0.14925000       338.28100       1.9523720     0.016949098
1050.0000       284.59919       101433.12       6950.3062     -0.63700000       1.5675000      0.36525000       340.44000       2.6397209     0.039880190
1054.0000       284.64379       101433.94       6966.1693     0.056250000       1.3837500     -0.29375000       339.53900       2.9487963     0.040165159
1057.0000       284.60638       101451.66       6991.8075      0.43900000       2.5280000      0.48925000       339.17900       2.0988508     0.030004076
1060.0000       284.62874       101454.03       7012.0625     -0.98300000       2.2275000     -0.56575000       340.34200       2.3263287     0.030655151
1064.0000       284.67248       101452.95       7044.8803      -1.0140000       2.8832500      0.50800000       339.01900       2.1360507     0.028018768
1067.0000       284.75861       101435.78       7097.8665     0.076000010       2.6857500     0.092750010       340.48600       2.5301212     0.030004474
1070.0000       284.79499       101433.79       7126.0185      0.80550000       3.1172500     -0.44350000       339.04900       2.5965308     0.014368215
1074.0000       284.83657       101433.21       7158.3583      0.59525000       2.6405000     -0.54625000       339.34200       2.1026500     0.032908958
1077.0000       284.88106       101433.24       7168.2561      -1.3800000       2.3202500      0.77150010       340.37900       2.2604045     0.029743428
1080.0000       284.90636       101433.05       7190.4514      -1.2127500       3.7695000     -0.52350000       337.72000       1.8569440     0.026064288
1084.0000       284.92598       101434.95       7220.1588     -0.95525000       2.8912500    -0.016750000       338.27700       2.0015181     0.034504735
1087.0000       284.91411       101454.19       7241.4734      -1.8742500       1.0567500      0.95250000       339.37800       1.9119093     0.030945860
1090.0000       284.90882       101455.34       7260.2022      -2.6897500       1.6855000     -0.82175000       338.56400       1.8930328     0.035052713
1094.0000       284.89479       101451.28       7285.0797      -2.5640000       1.7910000     -0.73600010       339.70500       2.0770298     0.045016162
1097.0000       284.87933       101425.88       7325.7001      -2.5150000      0.73050000     -0.29875000       340.17300       1.9832184     0.032730173
1100.0000       284.86198       101422.39       7339.9565      -2.6200000       1.3930000     -0.20200000       339.71300       2.0064087     0.031371631
1104.0000       284.83200       101421.36       7348.2869      -3.5125000       1.8110000     -0.51750000       338.79800       2.0310697     0.044044221
1107.0000       284.73251       101422.23       7326.9208      -3.1135000      0.95550010     -0.46400000       339.46800       1.9531718     0.030482500
1110.0000       284.72386       101421.92       7326.5008      -2.2937500       1.3202500     -0.40350000       339.28800       1.9838237     0.039540962
1114.0000       284.73987       101424.97       7325.0287      -1.2182500      0.74275000      0.73725000       341.94600       2.0317027     0.045038776
1117.0000       284.78335       101452.77       7297.9540      -2.0972500    -0.071500000      0.27850000       340.35800       1.9978207     0.041086724
1120.0000       284.81672       101456.58       7299.2185      -1.6955000      0.52825000      0.52050000       340.08000       1.9901936     0.014453505
1123.0000       284.86337       101455.96       7307.2251     -0.87400000      0.78125010      0.51075000       340.51900       1.8989825     0.036675034
1127.0000       284.96352       101426.52       7319.8198      -3.2132500       2.0170000     -0.26225000       339.32000       1.9324014     0.040171821
1130.0000       285.05194       101423.22       7346.5339      -2.6532500       1.4852500     -0.23550000       338.15800       1.9131319     0.040288861
1133.0000       285.14988       101422.14       7382.8539      -3.0830000       1.7532500     -0.29775000       338.43300       1.9838109     0.036107785
1137.0000       285.34890       101422.55       7468.5210      -2.4725000      0.55225000      0.11200000       338.39400       2.0170331     0.027466503
1140.0000       285.43480       101422.18       7517.8147      -2.2032500       1.2782500     -0.10650000       339.38700       1.9806561     0.037497665
1143.0000       285.51170       101424.09       7569.8485      -2.2807500   -0.0010000000      0.15075000       338.99500       1.9192829     0.034540985
1147.0000       285.72215       101449.65       7692.2578      -2.6282500       1.8892500      0.21125000       337.81800       1.9186064     0.023606330
1150.0000       285.76136       101454.58       7740.7226      -2.9232500       2.2860000     -0.80375000       337.62700       1.9595144     0.036118375
1153.0000       285.75510       101455.88       7776.6772     -0.88450000       1.9805000      0.34325000       339.09000       1.9748348     0.033344212
1157.0000       285.54374       101438.75       7804.3888      -1.7145000       1.4890000     -0.30600000       337.91300       1.9340878     0.023937474
1160.0000       285.47902       101435.73       7813.0077     -0.75275000       1.6542500     -0.15050000       337.71600       1.8614436     0.040621610
1163.0000       285.40987       101433.17       7808.9435     -0.99275000      0.78800000     -0.75800000       338.81300       1.9119354     0.029873344
1167.0000       285.14098       101423.56       7736.7575     -0.95225010      0.65800010      0.44050000       338.23300       1.9104941     0.033921277
1170.0000       285.09232       101422.02       7716.6813     -0.77850000      0.32375000     -0.23775000       338.57000       1.9111292     0.028744293
1173.0000       285.08905       101422.77       7698.6464     -0.67525010      0.46025000     0.085750010       339.81400       1.9376905     0.042224371
1177.0000       285.26683       101440.30       7664.5686      -1.9260000       2.2200000     -0.12775000       339.75800       2.0560129     0.024134365
1180.0000       285.31973       101442.38       7648.4919      -1.7042500       1.1965000      0.47675000       340.19100       2.0204914     0.032658282
1183.0000       285.38163       101442.66       7637.5409      -3.1752500       1.8222500     -0.24150000       338.56100       1.8927520     0.030841309
1187.0000       285.64325       101436.62       7667.3020      -2.7430000       1.7440000      0.22575000       338.87500       1.9004049     0.034807997
1190.0000       285.69905       101436.10       7657.8717     -0.78075000       2.7702500      0.18975000       339.22700       1.9459252     0.027449625
1193.0000       285.71376       101435.16       7642.2303      -2.0370000       1.3995000     -0.24525000       340.22900       1.9819906     0.034855621
1197.0000       285.52490       101423.83       7624.4047      -1.8065000       1.6702500      0.82900010       338.35500       1.9276667     0.024955897
1200.0000       285.50038       101422.35       7595.0203      -1.8320000       1.3205000      0.11950000       339.21300       1.9220044     0.036366147
1203.0000       285.48028       101423.07       7556.3240      -1.7757500       2.1360000     -0.34950000       338.95400       1.9673724     0.029968578
1207.0000       285.40680       101440.43       7435.0225      -2.4272500      0.86075000    -0.055000000       339.75800       1.9024113     0.036299665
1210.0000       285.37976       101442.52       7392.9446      -2.9405000      0.79000000     -0.17825000       339.68000       1.9796565     0.034199437
1213.0000       285.37043       101442.83       7358.4971      -3.6740000      0.79725000     -0.39425000       338.63400       1.9158645     0.025899853
1217.0000       285.43681       101438.55       7283.8015      -3.7297500     -0.42500000     -0.12250000       339.42300       1.9786674     0.035156010
1220.0000       285.47819       101437.53       7270.2025      -3.3305000       1.1125000      0.20875000       339.68700       1.9222444     0.036876507
1223.0000       285.52426       101435.58       7275.7658      -2.9165000      0.93225000     -0.35625000       338.49700       1.9216455     0.030839282
1227.0000       285.60178       101417.94       7358.3479      -2.2600000      0.67075000      0.54700010       340.24300       1.9930463     0.027336106
1230.0000       285.63790       101416.24       7394.4573      -2.1375000       1.7525000     -0.34725000       340.49400       1.9398831     0.026278497
1233.0000       285.67405       101417.69       7435.7133      -2.9145000      0.56725000      0.11750000       339.93900       2.0159149     0.032117328
1237.0000       285.78510       101435.64       7529.1847      -2.3810000       1.1057500     -0.15525000       339.20300       1.9564629     0.024204017
1240.0000       285.81885       101440.02       7580.1066      -2.4922500     -0.29475000      0.17825000       340.04500       1.8830518     0.028338002
1243.0000       285.83438       101443.89       7627.1823      -1.3965000      0.75200000     -0.27150000       339.66500       2.0619114     0.023070547
1247.0000       285.75184       101460.16       7680.4677      -1.5137500      0.68875000      0.29225000       340.72400       1.9434176     0.026119134
1250.0000       285.74526       101461.39       7717.0734      -2.1670000       1.3012500    -0.068000000       340.45600       1.8796984     0.041441514
1253.0000       285.74312       101458.63       7750.4160      -2.3350000      0.49500000     -0.22875000       340.29200       1.9514584     0.039986340
1257.0000       285.74316       101427.37       7789.5310      -3.9077500       1.0262500     -0.28375000       339.25900       2.0513037     0.029131316
1260.0000       285.74248       101422.80       7816.5817      -4.0175000      0.51850000   -0.0012500000       338.63800       2.0524868     0.036779636
1263.0000       285.74642       101420.90       7840.5793      -1.9557500       1.4695000      0.46500000       339.80900       1.9595043     0.038615468
1266.0000       285.75499       101421.68       7861.5383      -2.4452500      0.41725000      0.11325000       340.01900       1.9134178     0.027104851
1270.0000       285.80271       101422.07       7882.0768      -3.8862500       2.5757500     -0.43425000       338.57900       2.0235364     0.039563534
1273.0000       285.81100       101423.96       7895.9692      -2.7080000      0.19800000      0.72950010       338.65300       1.9513563     0.034158694
1276.0000       285.85935       101447.21       7938.1020      -4.4312500      0.77700000     -0.29100000       339.15000       2.0191216     0.035166536
1280.0000       285.83584       101454.51       7938.2850      -3.1692500       1.0627500     -0.49675000       338.25600       1.9850442     0.025160271
1283.0000       285.79707       101455.75       7924.5093      -3.4682500       1.1477500      0.73700000       338.41300       2.1091897     0.039089995
1286.0000       285.69395       101441.24       7879.6725      -2.4917500       1.4140000    0.0045000000       338.20800       1.9707651     0.034291848
1290.0000       285.62437       101436.49       7841.9967      -2.4277500      0.86600010      0.56650000       339.01700       1.9103083     0.031079418
1293.0000       285.56700       101432.92       7806.6877      -4.0252500       2.1285000     -0.98625000       337.99200       2.1064735     0.027614508
1296.0000       285.39993       101420.41       7697.1353      -3.3662500      0.77100000     -0.40175000       338.32200       1.9153214     0.024116706
1300.0000       285.32433       101416.86       7648.4680      -1.7560000       1.1407500      0.79650000       339.97700       1.8960897     0.035846179
1303.0000       285.29863       101417.31       7628.3218      -2.9382500       2.4037500    -0.066750000       338.59000       2.0434765     0.032413577
1306.0000       285.29949       101420.41       7622.0747      -3.3987500       2.0767500    -0.038500000       338.97900       2.1393871     0.013826951
1310.0000       285.42519       101435.60       7659.9387      -3.1055000       2.1285000     -0.39000000       338.53800       2.0044477     0.024030921
1313.0000       285.40177       101437.20       7649.4272      -3.6942500       2.7085000     -0.32375000       338.76500       1.9264495     0.041186167
1316.0000       285.36481       101437.90       7637.9754      -4.7335000       2.2880000     -0.41925000       337.79500       1.8378618     0.027758719
1320.0000       285.34741       101444.37       7670.2951      -3.7017500      0.96625010     -0.22950000       338.40700       1.9227328     0.029284481
1323.0000       285.28653       101441.53       7637.8673      -2.1617500       1.3702500      0.40200000       339.29000       1.9571435     0.030217613
1326.0000       285.05365       101419.68       7521.5413      -2.9830000      0.47175000     -0.43975000       337.77500       1.9069302     0.029892925
1330.0000       284.93763       101412.90       7452.9763      -2.8660000       1.2582500     -0.65575000       338.42800       1.9648556     0.029195147
1333.0000       284.87767       101410.51       7407.1615      -1.9930000       1.9267500     -0.64975010       337.80200       1.9371500     0.033726288
1336.0000       284.84475       101410.69       7336.8281     -0.52475010       1.3447500      0.20375000       337.89200       1.9402704     0.034499237
1340.0000       284.81920       101411.26       7289.4706     -0.57750000       1.5347500     -0.14075000       337.90200       1.9364121     0.037007757
1343.0000       284.82585       101414.27       7269.1782      -1.4172500       1.1620000      0.77025000       338.75500       1.9197252     0.031398402
1346.0000       284.85462       101419.49       7261.8324      -1.4347500       1.3462500     -0.78725000       337.72000       1.9670726     0.026721108
1350.0000       285.00295       101442.95       7295.2217      -1.3787500      0.43625000      0.48250000       337.94800       2.0278942     0.043284368
1353.0000       285.02534       101444.80       7299.8786      -2.6267500       2.6157500      0.21450000       338.68700       2.0257458     0.042267290
1356.0000       285.03886       101443.94       7307.9700      -2.1255000       1.3122500     -0.37200000       338.63300       1.9335151     0.028768206
1360.0000       285.06780       101436.91       7330.3088      -3.0535000       1.9457500     -0.11650000       338.55400       1.9720956     0.023288254
1363.0000       285.06244       101434.92       7349.2698      -2.4760000       1.9607500     -0.10200000       339.14300       1.9919951     0.033598792
1366.0000       284.99888       101420.38       7365.1036      -3.8470000       1.2032500      0.19525000       338.56100       1.9703866     0.033005749
1370.0000       284.95852       101416.73       7395.8523      -3.1527500      0.70925000      0.29300000       338.14000       1.9721056     0.012159151
1373.0000       284.92846       101417.17       7424.2197      -1.5740000      0.98025010      0.70175000       339.07400       2.1507565     0.013043549
1376.0000       284.91436       101429.23       7492.8489      -3.2430000       1.7277500     -0.13050000       337.97600       1.9443309     0.037875778
1380.0000       284.86857       101433.92       7532.4616      -3.7367500     -0.21100000      0.38050000       338.84200       1.9257631     0.024717863
1383.0000       284.82901       101437.42       7555.0797      -2.6982500      0.37775000    -0.076500010       338.68100       2.0497452     0.012751227
1386.0000       284.81520       101453.24       7604.4638      -3.8292500      -1.0567500      0.17275000       338.13500       2.0106512     0.031451111
1390.0000       284.74188       101455.62       7610.3843      -3.4082500     -0.31200000      0.10850000       337.71800       2.0506875     0.012595092
1393.0000       284.67139       101453.27       7596.5541      -4.1267500      0.65700000     0.056000000       338.51800       1.9140189     0.044901495
1396.0000       284.58759       101447.38       7567.2260      -3.5055000      0.32575000     -0.38175000       337.84100       2.0308510     0.024081111
1399.0000       284.46127       101427.54       7508.2625      -4.6105000      0.57650000   -0.0070000000       337.71400       1.9846332     0.032483410
1403.0000       284.34907       101421.96       7444.9432      -2.7100000      0.60550000     -0.24500000       337.93100       1.9666589     0.026028861
1406.0000       284.26427       101418.76       7387.4976      -1.5255000      0.14225000      0.26850000       338.24400       1.8948309     0.035474997
1409.0000       284.09897       101404.73       7272.4839      -3.7077500    -0.070750010      0.31200000       338.60400       1.9075995     0.040784947
1413.0000       284.04236       101406.63       7210.7516      -2.9047500       1.1617500      0.53675000       338.73900       1.9127769     0.034581520
1416.0000       284.03189       101430.97       7155.7230      -2.8302500      0.36950000     -0.16025000       338.15800       1.9700253     0.037668966
1419.0000       284.04182       101438.38       7127.7396      -2.7502500     -0.12400000     -0.59100000       338.05000       1.9864852     0.032837852
1423.0000       284.09708       101446.06       7112.6525      -2.0917500      0.65975000      0.21250000       338.27900       2.0471978     0.028595191
1426.0000       284.29093       101456.05       7142.3019      -3.5815000       1.5412500     -0.42575000       338.12800       1.9740150     0.032166519
1429.0000       284.36665       101459.42       7156.9110      -1.9967500      0.78625010    -0.058500000       338.71400       2.0001726     0.037051737
1433.0000       284.45381       101459.08       7187.5671      -3.5760000       1.5532500     -0.22725000       338.15400       1.9867658     0.041690258
1436.0000       284.50883       101455.21       7219.0911      -2.8637500       1.0540000   -0.0052500000       338.75800       2.0434570     0.027455118
1439.0000       284.62122       101436.66       7281.2550      -3.3592500     -0.22875000    -0.095750000       337.89800       1.9476373     0.037919505
1443.0000       284.64438       101431.81       7329.8243      -2.8227500      0.71625010     -0.44525000       337.89000       2.0198029     0.031137381
1446.0000       284.62995       101429.18       7365.9887      -2.9415000      0.75175010     -0.16275000       337.47700       2.0486963     0.037640200
1449.0000       284.54839       101422.63       7431.4033      -2.3430000       1.4457500    -0.065000010       337.90100       2.0085256     0.044878614
1453.0000       284.47986       101423.05       7447.5861      -2.0890000      0.13975000     0.030250000       337.99200       2.0305448     0.036580094
1456.0000       284.33763       101435.03       7427.4466      -1.6800000      0.33250000     -0.21250000       338.58000       2.1049722     0.032491210
1459.0000       284.27221       101438.92       7423.0286      -1.7937500      0.87600000      0.12075000       338.37600       2.0668984     0.032639181
1463.0000       284.19972       101443.34       7406.5358      -1.7915000      0.10475000     -0.29025000       338.51900       2.0230052     0.036378110
1466.0000       284.12874       101454.93       7347.2920      -2.8115000      0.42525000     -0.47800000       337.59400       2.0263045     0.038789694
1469.0000       284.09044       101455.85       7321.0117      -2.4407500     -0.39850000      0.21400000       337.82500       2.0997626     0.031542747
1473.0000       284.06691       101452.27       7293.6042      -1.9745000      0.91550000     -0.29125000       338.00900       2.1180388     0.030117453
1476.0000       284.11517       101430.66       7280.3072      -1.4907500      0.82700000    -0.095750000       338.85900       2.0940287     0.033505232
1479.0000       284.13079       101425.78       7271.4864      -3.2162500       1.2550000     -0.16575000       337.51900       2.0122136     0.038608820
1483.0000       284.15850       101421.34       7266.4991      -1.9602500      0.55425000      0.51750000       338.05700       2.0145388     0.038550942
1486.0000       284.18445       101419.55       7267.8459      -1.3870000       1.1452500      0.47300000       338.44900       2.0443197     0.032254172
1489.0000       284.26359       101410.71       7283.8273      -1.5017500      0.50375000      0.69425000       338.47100       2.0427433     0.034824865
1493.0000       284.26724       101411.98       7284.0516      -1.2822500       1.0832500      0.19625000       338.36800       2.0687096     0.037282627
1496.0000       284.25413       101416.68       7283.9447      -2.3942500       1.6332500     -0.10750000       337.67600       2.0018980     0.037460770
1499.0000       284.23711       101438.37       7309.5062      -1.5922500       1.8735000     -0.36350000       338.11100       2.0465228     0.039360035
1503.0000       284.19303       101445.25       7291.6882      -1.8350000       1.9545000     -0.28825000       338.25500       2.0265799     0.028318139
1506.0000       284.06929       101451.75       7239.1348      -1.4507500       1.6647500      0.10950000       338.71300       2.0196354     0.037150596
1509.0000       284.01608       101453.54       7214.9017      -1.9957500       1.6507500     -0.21400000       338.17200       2.0153107     0.036826007
1513.0000       283.95972       101452.39       7182.7313      -2.0137500       1.2875000     -0.22550000       338.26800       2.1225106     0.016874788
1516.0000       283.88473       101441.23       7130.3747      -2.5040000     -0.44375000     0.061750000       338.73900       2.0440699     0.033384557
1519.0000       283.86786       101437.65       7106.8218      -3.4075000       1.4400000     0.020000000       338.68000       2.1063494     0.022509916
1523.0000       283.87981       101432.88       7088.3025      -2.0370000     -0.19475000      0.17750000       338.05800       2.0506674     0.032056525
1526.0000       283.91461       101429.29       7083.9877      -4.2345000      0.55250000      0.55975000       338.08800       2.0607029     0.029915830
1529.0000       284.03545       101419.31       7106.4812      -5.1657500       1.2490000     -0.29300000       337.62000       2.0695733     0.028330222
1532.0000       284.06323       101417.26       7106.7949      -3.1202500      0.22200000     -0.74050000       337.84400       2.1086752     0.026451288
1536.0000       284.09369       101417.34       7109.2090      -3.9372500       1.5897500      0.16000000       337.68100       2.0795905     0.032587252
1539.0000       284.13332       101422.32       7100.4408      -4.2235000      0.40675000     -0.34650000       337.90900       2.0549477     0.031960176
1542.0000       284.16754       101425.22       7120.8496      -3.5100000       2.3970000     -0.32700000       337.62200       2.0641072     0.029703439
1546.0000       284.16137       101439.35       7150.4132      -2.4130000       1.6477500      0.50175010       338.24800       2.0875467     0.026658578
1549.0000       284.17501       101442.13       7183.6192      -3.4327500       1.9350000      0.13700000       338.26600       2.1233693     0.015565843
1552.0000       284.19753       101443.07       7227.6972      -2.7610000       1.6065000      0.29525000       338.44500       1.9867190     0.034539992
1556.0000       284.31624       101441.43       7366.0202      -1.9942500       1.0540000    -0.041500000       337.78600       2.0039046     0.034548578
1559.0000       284.35243       101439.96       7426.5297      -2.7777500       2.5930000     -0.46950000       337.81700       2.0465241     0.029622863
1562.0000       284.37534       101436.72       7479.5994      -1.9310000       1.1175000     -0.22025000       338.03900       2.0680569     0.031451264
1566.0000       284.37018       101414.31       7566.1095      -2.9815000       1.6915000     -0.49700000       337.89900       2.0306876     0.032422234
1569.0000       284.36879       101408.81       7600.8879      -3.0665000       1.9892500     -0.39325000       338.16000       2.0452480     0.036120940
1572.0000       284.35853       101405.96       7619.7247      -2.1780000      0.97675010      0.20850000       338.46500       2.1143519     0.027967925
1576.0000       284.33106       101406.29       7620.0228      -1.8302500       1.2507500      0.12725000       338.56900       2.1022194     0.027952022
1579.0000       284.25940       101410.40       7568.4389      -1.1335000       1.2620000      0.58000000       338.93200       2.0637580     0.024101591
1582.0000       284.23759       101413.71       7555.9781      -3.3967500       1.4105000     -0.19450000       337.67400       2.1438191     0.022063342
1586.0000       284.21539       101421.02       7534.1515      -2.1437500      0.47150000     -0.26350000       338.17500       2.1184174     0.024347224
1589.0000       284.21211       101440.42       7498.0833      -3.0115000       1.2150000     -0.41500000       337.50100       2.0668285     0.026539816
1592.0000       284.19391       101444.11       7473.5544      -2.8295000      0.82250010    -0.064000000       337.90700       2.0000577     0.037382831
1596.0000       284.18469       101445.64       7463.9891      -2.4522500      0.22850000     0.082750010       337.80600       2.1185086     0.025181011
1599.0000       284.16902       101444.99       7439.6350      -2.8740000      0.16425000     -0.16875000       337.74900       2.0499946     0.030029826
1602.0000       284.14893       101442.08       7408.6368      -2.1637500     -0.10500000    -0.099250000       337.80000       2.2005378     0.018166056
1606.0000       284.08472       101421.16       7325.2889      -2.8332500      0.93175010      0.25450000       337.84800       2.0473785     0.031771581
1609.0000       284.05873       101415.52       7286.2519      -2.0305000      0.13425000      0.13325000       338.22100       2.1612348     0.017612009
1612.0000       284.03717       101411.65       7249.9228      -3.0992500      0.88900010     -0.14775000       337.83900       2.0809630     0.026602679
1616.0000       284.01530       101409.26       7205.6425      -2.0545000      0.40325000     -0.11975000       338.01600       2.0686949     0.026003186
1619.0000       284.02415       101405.09       7167.7764      -2.8000000       1.0212500     -0.25325000       337.97200       2.0429683     0.027416086
1622.0000       283.99779       101407.08       7136.1897      -2.1020000       1.9572500    -0.038500000       338.07200       2.0806212     0.026408806
1626.0000       283.95545       101414.02       7099.5225      -3.2305000     -0.32550000    -0.067500000       338.06800       2.2115656     0.017091351
1629.0000       283.91598       101432.75       7087.6061      -2.4385000      0.94900010     -0.48950000       338.01700       2.0940329     0.014427539
1632.0000       283.89198       101438.36       7067.5230      -2.7312500      0.65050010    -0.044500000       338.31700       2.0481452     0.023694092
1636.0000       283.84424       101450.33       7039.5593      -1.9675000      0.53725000    -0.020500000       338.59000       2.1290355     0.016312759
1639.0000       283.81171       101453.57       7018.3483      -3.5992500       1.9807500     -0.43575000       337.93200       2.1679436     0.017129309
1642.0000       283.78382       101454.09       6998.4487      -3.4367500       1.2187500     -0.27725000       338.10500       2.1186623     0.027200508
1646.0000       283.76967       101444.32       6968.4454      -2.7345000      0.26675000     0.067250010       337.90600       2.1095438     0.020986588
1649.0000       283.75772       101440.02       6955.7078      -2.5322500     -0.48050000     -0.24575000       338.01400       2.0557989     0.024509065
1652.0000       283.74578       101434.85       6945.8744      -2.7950000       1.1450000      0.32000000       337.97200       2.0599900     0.021981599
1656.0000       283.71525       101415.72       6923.5587      -3.0470000      0.34775000     -0.15650000       338.09500       2.1384902     0.022680313
1659.0000       283.70115       101409.80       6920.1402      -2.7062500     -0.20575000     -0.51400000       337.94000       2.0448476     0.026753053
1662.0000       283.69148       101406.10       6923.6995      -2.8037500     -0.39850000      0.24300000       337.77100       2.0759891     0.020386092
1665.0000       283.68622       101404.60       6934.2308      -2.7425000      0.68425010     -0.29275000       338.31300       2.1371209     0.012491147
1669.0000       283.70032       101404.99       6972.1936      -2.4117500      0.12000000    -0.046250000       337.85900       2.1035855     0.023210741
1672.0000       283.70042       101407.91       6991.5978      -1.9467500     -0.20425000     0.074500000       338.16200       2.1103823     0.022522177
1675.0000       283.70053       101413.13       7013.2969     -0.99500010      0.97550000      0.25150000       338.74200       2.0252619     0.022969091
1679.0000       283.67804       101432.67       7048.1616      -2.3172500       1.7587500     -0.26075000       338.39900       2.1577317     0.019104402
1682.0000       283.69460       101438.29       7076.7681      -2.2585000      0.86550000     -0.24225000       337.77700       2.0520937     0.014757452
1685.0000       283.72017       101443.01       7107.4918      -2.5247500       1.2512500    0.0085000000       338.02200       2.0333299     0.021673579
1689.0000       283.78552       101453.54       7152.2058      -1.5987500      0.58250000    -0.058000000       338.48500       2.0240812     0.027030711
1692.0000       283.80976       101454.10       7184.4355      -2.9545000       2.0520000     -0.55250000       338.17700       2.0744885     0.020670871
1695.0000       283.83378       101451.92       7217.9224      -2.6910000       1.5867500      0.16400000       338.47300       2.0417981     0.022448019
1699.0000       283.88774       101440.09       7271.0453      -2.3440000       1.6167500     -0.16300000       338.51200       2.0610265     0.022510664
1702.0000       283.91537       101434.92       7307.3205     -0.88075010      0.54300000      0.62050000       339.15600       2.0702071     0.014007329
1705.0000       283.93860       101428.87       7343.3211      -1.1650000      0.45325000      0.42900000       338.96900       2.1000032     0.036332794
1709.0000       283.93001       101408.85       7400.3160      -1.2345000       1.6317500     -0.32100000       338.69500       2.0990517     0.021405212
1712.0000       283.95048       101406.08       7425.7134      -2.7712500       1.8610000    -0.058750000       338.80300       2.0987802     0.012399717
1715.0000       283.97563       101406.03       7446.3176      -2.3232500       1.6170000     -0.40500000       338.09200       1.9868929     0.024412162
1719.0000       284.03004       101410.89       7472.0452      -2.1940000       1.2172500     -0.15925000       338.70300       2.0794298     0.020197076
1722.0000       284.06018       101414.21       7485.0295     -0.97500000       2.2710000      0.16575000       338.80600       2.1022530     0.019473333
